value_loss,explained_variance,policy_entropy,total_timesteps,fps,nupdates
8.008229087863583e-06,-12.712724685668945,1.7905282974243164,8,11,1
1.4077983223614865e-06,-2.336059093475342,1.7821437120437622,800,387,100
5.716137820854783e-06,0.30403780937194824,1.782516598701477,1600,460,200
4.5448850869433954e-06,0.42620164155960083,1.7833185195922852,2400,489,300
1.181634343083715e-05,0.4454987049102783,1.7849431037902832,3200,506,400
5.60685384698445e-06,0.7408042848110199,1.7830251455307007,4000,517,500
0.0001102133173844777,-0.16306090354919434,1.7757925987243652,4800,525,600
0.00022516555327456445,-0.582718014717102,1.7627649307250977,5600,531,700
1.3762517482973635e-05,0.9306987971067429,1.7794709205627441,6400,535,800
0.00015203087241388857,0.36969637870788574,1.7292283773422241,7200,539,900
0.0004877517349086702,-0.33008790016174316,1.7173854112625122,8000,539,1000
8.810701547190547e-05,-0.1342477798461914,1.7041586637496948,8800,543,1100
0.0001591021427884698,0.7212700545787811,0.6543482542037964,9600,543,1200
0.0002539475681260228,-4.137242317199707,1.7622435092926025,10400,544,1300
2.40358458540868e-05,0.775402382016182,1.7561607360839844,11200,546,1400
0.00016378115105908364,-6.745072841644287,1.7618181705474854,12000,546,1500
0.000495700805913657,-1.1213405132293701,1.7084500789642334,12800,548,1600
0.0014155961107462645,-13.858991622924805,1.7663748264312744,13600,549,1700
0.0002597493876237422,-1.929534912109375,1.7586029767990112,14400,550,1800
0.12449336051940918,0.0015947222709655762,1.7660402059555054,15200,551,1900
0.0008758450858294964,-0.5800256729125977,1.5687587261199951,16000,551,2000
0.0001755041885189712,-1.2574310302734375,1.75026535987854,16800,552,2100
1.0612389814923517e-05,0.6583991348743439,1.637148141860962,17600,553,2200
0.00041960866656154394,-0.7997791767120361,1.7215571403503418,18400,553,2300
0.00111005746293813,-3.258330821990967,1.6887333393096924,19200,554,2400
0.1265697479248047,-0.0042307376861572266,1.7270455360412598,20000,553,2500
0.0012321637477725744,-5.249647617340088,1.772276759147644,20800,555,2600
7.295102113857865e-05,0.15881305932998657,1.7866480350494385,21600,555,2700
0.0007871323614381254,-1.0481724739074707,1.7033569812774658,22400,555,2800
2.7841757400892675e-05,0.9624905474483967,1.754577875137329,23200,556,2900
0.0007357321446761489,-1.2631750106811523,1.7732558250427246,24000,556,3000
0.0001817597367335111,0.28223592042922974,1.7864125967025757,24800,557,3100
0.000409103580750525,-2.616758346557617,1.7782833576202393,25600,556,3200
0.0006024733884260058,-0.8937505483627319,1.7607862949371338,26400,556,3300
0.00044791935943067074,-0.8576837778091431,1.756622552871704,27200,557,3400
0.0008896634681150317,-1.574544906616211,1.7611645460128784,28000,557,3500
0.11671126633882523,0.006345212459564209,1.7044318914413452,28800,558,3600
0.0004965286934748292,-0.25472843647003174,1.6549277305603027,29600,558,3700
0.0002943933359347284,-0.24649524688720703,1.6652119159698486,30400,557,3800
0.0007385072531178594,-0.46279215812683105,1.5304667949676514,31200,558,3900
0.0004263551963958889,-2.6979384422302246,1.7586586475372314,32000,558,4000
5.568611231865361e-05,0.9927764404565096,1.7047135829925537,32800,559,4100
0.11564669758081436,-7.68899917602539e-05,1.5866605043411255,33600,559,4200
0.1157710924744606,0.002473890781402588,1.6709249019622803,34400,559,4300
0.0006000209832563996,-0.14474499225616455,1.68600594997406,35200,559,4400
0.0004103149985894561,-0.023318886756896973,1.587498426437378,36000,559,4500
0.00023267982760444283,-0.2237633466720581,1.6500813961029053,36800,559,4600
0.0003187611582688987,-0.147192120552063,1.7287758588790894,37600,559,4700
0.0006972986739128828,-0.6902353763580322,1.6797419786453247,38400,559,4800
0.0007596850045956671,-2.929828643798828,1.7693805694580078,39200,559,4900
0.05686858296394348,0.014830291271209717,1.7654831409454346,40000,559,5000
0.055924493819475174,0.024092912673950195,1.7208967208862305,40800,560,5100
0.0010133011965081096,-1.3320865631103516,1.7033436298370361,41600,560,5200
0.0006151215638965368,-0.24690556526184082,1.7395730018615723,42400,560,5300
0.0007689821650274098,-1.7359731197357178,1.7526586055755615,43200,560,5400
0.05789303034543991,0.015370786190032959,1.77659010887146,44000,560,5500
0.0007100319489836693,-0.5746572017669678,1.7328596115112305,44800,560,5600
0.0006764038698747754,0.014149248600006104,1.743213415145874,45600,560,5700
0.0007570409798063338,-1.2036657333374023,1.7121312618255615,46400,560,5800
0.0007694391533732414,-0.9413272142410278,1.76616370677948,47200,561,5900
0.0005808743881061673,0.03080296516418457,1.7429245710372925,48000,561,6000
0.0007390326354652643,-0.5725646018981934,1.7546461820602417,48800,561,6100
0.11688899248838425,-0.0010323524475097656,1.7419116497039795,49600,561,6200
0.05754933878779411,0.0066879987716674805,1.7562528848648071,50400,561,6300
0.0007112186867743731,-0.34680020809173584,1.6822829246520996,51200,562,6400
0.11563523858785629,0.00390547513961792,1.7232598066329956,52000,562,6500
0.0007399040041491389,-0.22920656204223633,1.6622487306594849,52800,562,6600
0.11540772765874863,0.004047870635986328,1.6921836137771606,53600,562,6700
0.1152842789888382,0.0022684335708618164,1.60049307346344,54400,562,6800
0.0006669312715530396,-2.5398101806640625,1.758118748664856,55200,562,6900
0.00086486671352759,-1.4167537689208984,1.7655876874923706,56000,562,7000
0.0004786386853083968,-0.6854305267333984,1.760198950767517,56800,562,7100
0.00039245947846211493,-0.10274755954742432,1.6851165294647217,57600,562,7200
0.0005027105798944831,-0.39966607093811035,1.7430145740509033,58400,562,7300
0.000270046730292961,0.5632449984550476,1.7208318710327148,59200,562,7400
0.1743731051683426,0.0057999491691589355,1.7386431694030762,60000,562,7500
0.00039935685344971716,-0.439552903175354,1.6970319747924805,60800,562,7600
0.13074944913387299,-0.00029468536376953125,1.749870777130127,61600,562,7700
0.0004539910878520459,-0.39461565017700195,1.7433611154556274,62400,562,7800
0.00023822617367841303,0.4948476552963257,1.7455549240112305,63200,562,7900
0.00040642538806423545,-0.146720290184021,1.7681066989898682,64000,562,8000
0.00026999146211892366,0.5308692157268524,1.7805460691452026,64800,562,8100
0.0006668219575658441,-0.2302703857421875,1.7539695501327515,65600,562,8200
0.0005470268661156297,-0.17126858234405518,1.7598443031311035,66400,562,8300
0.0004554905171971768,-0.6676115989685059,1.7743604183197021,67200,562,8400
0.00045935867819935083,-0.42977166175842285,1.7711873054504395,68000,562,8500
0.00046642316738143563,-0.678999662399292,1.7815370559692383,68800,562,8600
0.0005808498244732618,0.08294707536697388,1.7487889528274536,69600,562,8700
0.11729609966278076,0.018970847129821777,1.7491533756256104,70400,562,8800
0.0002608944778330624,-0.04607820510864258,1.7819077968597412,71200,562,8900
0.00016433467681054026,-1.5361006259918213,1.7759571075439453,72000,562,9000
0.0007558265933766961,-1.7190937995910645,1.781153917312622,72800,562,9100
0.0003792116476688534,0.07065039873123169,1.7532203197479248,73600,562,9200
0.00034003754262812436,0.024921059608459473,1.7791895866394043,74400,562,9300
0.0003888388746418059,0.037731170654296875,1.7745108604431152,75200,563,9400
0.0002458177332300693,0.46616029739379883,1.7873332500457764,76000,563,9500
0.0004999825614504516,-0.09024834632873535,1.773665428161621,76800,563,9600
0.00030745609547011554,0.08689916133880615,1.777294635772705,77600,563,9700
0.0004969839937984943,-0.05982828140258789,1.7801880836486816,78400,563,9800
0.0006281529786065221,0.08515030145645142,1.7142119407653809,79200,563,9900
0.0005627215141430497,-0.13438236713409424,1.720416784286499,80000,563,10000
0.0007707596523687243,-0.7365604639053345,1.7627110481262207,80800,563,10100
0.00047702540177851915,-0.16987967491149902,1.7757573127746582,81600,563,10200
0.11698973178863525,0.029904186725616455,1.7684229612350464,82400,563,10300
0.0003381542628630996,-0.3870265483856201,1.7865521907806396,83200,563,10400
0.0004296408733353019,-0.2281055450439453,1.777503490447998,84000,563,10500
0.00047588651068508625,0.07588565349578857,1.7807714939117432,84800,563,10600
0.0027812491171061993,-1.9648323059082031,1.7796647548675537,85600,563,10700
0.0002271829725941643,0.8789857774972916,1.7293074131011963,86400,563,10800
0.000529655022546649,-0.23690557479858398,1.7680875062942505,87200,563,10900
0.05744384974241257,0.020644426345825195,1.7263953685760498,88000,563,11000
0.000768552185036242,-0.2446192502975464,1.717747688293457,88800,563,11100
0.11523067206144333,0.006638944149017334,1.7674765586853027,89600,563,11200
0.0008350058342330158,-0.5049763917922974,1.7800536155700684,90400,563,11300
0.05670379102230072,0.012430727481842041,1.7844371795654297,91200,563,11400
0.1149488016963005,0.012197256088256836,1.765164852142334,92000,563,11500
0.0007807445945218205,-0.3062400817871094,1.7599964141845703,92800,563,11600
0.0007235086522996426,-0.5174387693405151,1.7783819437026978,93600,563,11700
0.0006761428667232394,-0.34908580780029297,1.7756662368774414,94400,563,11800
0.0011348917614668608,-0.7571964263916016,1.6799992322921753,95200,563,11900
0.0006585646187886596,-0.13944852352142334,1.7332803010940552,96000,563,12000
0.0005538443219847977,0.012398481369018555,1.7154453992843628,96800,563,12100
0.0007283852901309729,-0.251163125038147,1.7181645631790161,97600,563,12200
0.0006465566693805158,0.04100698232650757,1.7371000051498413,98400,563,12300
0.0002980923745781183,0.5110988616943359,1.7581027746200562,99200,563,12400
0.0007233174983412027,-0.3493349552154541,1.7421808242797852,100000,563,12500
7.533780444646254e-05,0.7853337675333023,1.719163179397583,100800,563,12600
0.11552397906780243,0.03986561298370361,1.6821569204330444,101600,563,12700
0.0008756407769396901,-0.38953840732574463,1.7002460956573486,102400,563,12800
0.0008039101376198232,-0.39064598083496094,1.6716525554656982,103200,564,12900
0.05597507208585739,0.06262660026550293,1.7224462032318115,104000,564,13000
0.0007344087352976203,-0.436181902885437,1.7373051643371582,104800,564,13100
0.00041269336361438036,0.6910660862922668,1.7362425327301025,105600,564,13200
0.000828951015137136,-0.20762646198272705,1.7637574672698975,106400,564,13300
0.0003010000800713897,-0.012479901313781738,1.7502260208129883,107200,564,13400
6.0327627579681575e-05,0.7059191465377808,1.765782356262207,108000,564,13500
0.00043808651389554143,-3.0523552894592285,1.7727988958358765,108800,564,13600
0.0005612623644992709,-2.5355727672576904,1.775707721710205,109600,564,13700
0.0006178447511047125,-0.33738648891448975,1.750279426574707,110400,564,13800
0.00046765682054683566,-0.6027491092681885,1.7759535312652588,111200,564,13900
0.001087274169549346,0.08428901433944702,1.7718024253845215,112000,564,14000
0.00036069846828468144,0.6842666268348694,1.7722488641738892,112800,564,14100
0.0014924593269824982,-6.243824005126953,1.784453272819519,113600,564,14200
0.0019218077650293708,0.3955810070037842,1.779602289199829,114400,564,14300
0.13046178221702576,0.2917919158935547,1.765920639038086,115200,564,14400
0.05420536920428276,0.054913222789764404,1.7749323844909668,116000,564,14500
0.0027909111231565475,-2.195085287094116,1.75645112991333,116800,564,14600
0.05570681393146515,-0.08959734439849854,1.7625019550323486,117600,564,14700
0.05480983853340149,0.041156888008117676,1.6944233179092407,118400,564,14800
0.0008813774329610169,-0.3376866579055786,1.7021377086639404,119200,564,14900
0.002481775125488639,-2.3990468978881836,1.7618813514709473,120000,564,15000
0.0005722044734284282,0.7213683128356934,1.728997826576233,120800,564,15100
0.0004091736045666039,0.827790379524231,1.769371747970581,121600,564,15200
0.0006059070583432913,0.513030469417572,1.7254884243011475,122400,564,15300
0.05974131077528,-0.09202682971954346,1.737147331237793,123200,564,15400
0.0546550378203392,0.1407044529914856,1.7720948457717896,124000,564,15500
0.0036193658597767353,0.7072300016880035,1.775679349899292,124800,564,15600
0.0017639161087572575,0.8303890228271484,1.718119740486145,125600,564,15700
0.001759322709403932,0.8716334849596024,1.7548397779464722,126400,564,15800
0.0007394803687930107,0.5533417761325836,1.6703182458877563,127200,564,15900
0.1083696112036705,0.3181402087211609,1.6466014385223389,128000,564,16000
0.0023958515375852585,-2.4228038787841797,1.7004544734954834,128800,564,16100
9.691328159533441e-05,0.99480787711218,1.684030532836914,129600,564,16200
0.001179149141535163,0.9421675130724907,1.6931726932525635,130400,564,16300
0.046809807419776917,0.604973316192627,1.699596643447876,131200,564,16400
0.10983444005250931,0.4015834927558899,1.5693477392196655,132000,564,16500
0.009997530840337276,-1.1588139533996582,1.6492023468017578,132800,564,16600
0.010993590578436852,0.8438002616167068,1.7082260847091675,133600,564,16700
0.10019077360630035,0.45678597688674927,1.530960202217102,134400,564,16800
0.007234711199998856,0.6131637096405029,1.7530453205108643,135200,564,16900
0.00023112815688364208,0.9691078532487154,1.7516376972198486,136000,564,17000
0.003554516937583685,0.9600238725543022,1.727529525756836,136800,564,17100
0.0172685906291008,0.788661852478981,1.7426948547363281,137600,564,17200
0.046561844646930695,0.3945181965827942,1.7304131984710693,138400,564,17300
0.00744211208075285,0.4757577180862427,1.7560174465179443,139200,564,17400
0.0021745036356151104,0.8295656740665436,1.7767586708068848,140000,564,17500
0.00010875925363507122,0.8328045010566711,1.770086407661438,140800,564,17600
0.07150383293628693,0.5767527520656586,1.7632957696914673,141600,564,17700
0.003369990736246109,-0.14588487148284912,1.7756412029266357,142400,564,17800
0.0008522277930751443,0.8384445011615753,1.7820298671722412,143200,564,17900
0.0003154061269015074,0.7813089042901993,1.7812442779541016,144000,564,18000
0.011500789783895016,-8.017064094543457,1.781157374382019,144800,564,18100
0.0033546099439263344,-0.1466679573059082,1.7721917629241943,145600,564,18200
0.02622944861650467,0.6150544583797455,1.7671082019805908,146400,564,18300
0.0009299042285420001,0.5883634388446808,1.785612940788269,147200,564,18400
0.0013756718253716826,0.8978114947676659,1.7840986251831055,148000,564,18500
0.0056803603656589985,-5.228156089782715,1.7883628606796265,148800,564,18600
0.003617291571572423,-0.04817783832550049,1.7859432697296143,149600,564,18700
0.00045159889850765467,0.8991272076964378,1.7861292362213135,150400,564,18800
0.004648061003535986,-0.21125531196594238,1.782970666885376,151200,564,18900
0.002504853531718254,0.9867945862933993,1.7636977434158325,152000,564,19000
0.0004900989588350058,0.010152816772460938,1.7423415184020996,152800,564,19100
0.0006847255863249302,0.9026461467146873,1.780116319656372,153600,564,19200
0.015360161662101746,0.7712270170450211,1.77853524684906,154400,564,19300
0.05279766768217087,-0.3569355010986328,1.785644769668579,155200,564,19400
0.027039233595132828,0.5316130220890045,1.788545846939087,156000,564,19500
0.0038933856412768364,0.41001224517822266,1.7855970859527588,156800,564,19600
0.0016930747078731656,0.5319711267948151,1.7836112976074219,157600,564,19700
0.007562021259218454,0.8061376810073853,1.7886767387390137,158400,564,19800
0.001435621059499681,0.7537619322538376,1.7892993688583374,159200,564,19900
0.00011891502072103322,0.9622543454170227,1.78969407081604,160000,564,20000
0.00029456045012921095,0.8485684394836426,1.7870763540267944,160800,565,20100
0.0021123087499290705,0.5172713100910187,1.7818158864974976,161600,565,20200
0.001994659658521414,0.6939026415348053,1.7784398794174194,162400,565,20300
0.018490882590413094,0.6859437525272369,1.7806650400161743,163200,565,20400
0.013207035139203072,0.843948557972908,1.7806792259216309,164000,565,20500
0.0008491281187161803,0.5213161110877991,1.7752679586410522,164800,565,20600
0.00040063587948679924,0.5447639524936676,1.7717218399047852,165600,565,20700
0.0012308426667004824,0.8815726190805435,1.7770166397094727,166400,565,20800
0.002969937166199088,-3.043545722961426,1.7522861957550049,167200,565,20900
0.033464543521404266,0.5835005342960358,1.7690523862838745,168000,565,21000
0.04820582643151283,0.48210543394088745,1.7460787296295166,168800,565,21100
0.000824769667815417,0.9317147359251976,1.7692596912384033,169600,565,21200
0.0011550735216587782,0.7986374348402023,1.7651602029800415,170400,565,21300
0.0019415270071476698,0.6860731840133667,1.7638869285583496,171200,565,21400
0.006325932685285807,0.04539722204208374,1.7690768241882324,172000,565,21500
0.0006930926465429366,0.869012326002121,1.7742984294891357,172800,565,21600
0.12104719877243042,-0.20381855964660645,1.7652373313903809,173600,565,21700
0.03355405852198601,0.7021917104721069,1.7671115398406982,174400,565,21800
0.0009616414317861199,0.944513663649559,1.7688636779785156,175200,565,21900
0.013632032088935375,0.8864633589982986,1.7655071020126343,176000,565,22000
0.0003642084775492549,0.9385316334664822,1.768667221069336,176800,565,22100
0.00046064643538556993,0.8011670410633087,1.7777073383331299,177600,565,22200
0.0018267447594553232,0.9318519607186317,1.7775102853775024,178400,565,22300
0.02097051590681076,0.8517412841320038,1.7785536050796509,179200,565,22400
0.03191567584872246,0.4191816449165344,1.7784075736999512,180000,565,22500
0.026005372405052185,0.3724732995033264,1.7797439098358154,180800,565,22600
0.0014549250481650233,0.8716997802257538,1.7826623916625977,181600,565,22700
0.030418463051319122,0.26354920864105225,1.7714557647705078,182400,565,22800
0.0004937919438816607,-0.02868521213531494,1.7810710668563843,183200,565,22900
0.0014400770887732506,-2.459273099899292,1.7807643413543701,184000,565,23000
0.002893324475735426,0.9185779541730881,1.775809407234192,184800,565,23100
0.03902449831366539,0.23727232217788696,1.7745485305786133,185600,565,23200
0.011767884716391563,-1.8677105903625488,1.7802619934082031,186400,565,23300
0.0018668859265744686,0.3446006774902344,1.773512601852417,187200,565,23400
0.004876234568655491,0.9282019287347794,1.7520596981048584,188000,565,23500
0.07510948181152344,0.2527000904083252,1.7644178867340088,188800,565,23600
0.006577445659786463,0.7075443863868713,1.7617120742797852,189600,565,23700
0.010800499469041824,0.6064182817935944,1.767284870147705,190400,565,23800
0.001953900558874011,0.8306842148303986,1.7721165418624878,191200,565,23900
0.00020574848167598248,0.986550017260015,1.7712876796722412,192000,565,24000
0.0014723751228302717,0.9230332225561142,1.766823172569275,192800,565,24100
0.07092331349849701,0.34013235569000244,1.765300989151001,193600,565,24200
0.010632297955453396,-0.8922368288040161,1.7661588191986084,194400,565,24300
0.00037019734736531973,-1.516601324081421,1.780638337135315,195200,565,24400
0.01106033194810152,0.6202053129673004,1.7667491436004639,196000,565,24500
0.0005790547584183514,0.8466109782457352,1.7579741477966309,196800,565,24600
0.014592614024877548,0.6647080779075623,1.7601752281188965,197600,565,24700
0.00045691244304180145,0.8003751039505005,1.7591934204101562,198400,565,24800
0.00014625367475673556,0.9395719654858112,1.7639789581298828,199200,565,24900
0.002617917023599148,0.8751636669039726,1.7306618690490723,200000,565,25000
0.0018374918727204204,-0.5890475511550903,1.737864375114441,200800,565,25100
0.003949394449591637,0.9183542504906654,1.7252888679504395,201600,565,25200
0.07020902633666992,0.3130750060081482,1.7569639682769775,202400,565,25300
0.005723554641008377,0.8866464719176292,1.7514711618423462,203200,565,25400
0.0055572595447301865,0.8177585005760193,1.7464172840118408,204000,565,25500
0.003943298943340778,-0.4360138177871704,1.7524690628051758,204800,565,25600
0.01859285682439804,0.7883092910051346,1.700688362121582,205600,565,25700
0.0013375142589211464,0.7896435707807541,1.7506210803985596,206400,565,25800
0.002049381611868739,0.9616826921701431,1.7317988872528076,207200,565,25900
0.0010482716606929898,0.9705942664295435,1.7059285640716553,208000,565,26000
0.008316529914736748,0.7090951800346375,1.737870216369629,208800,565,26100
0.0014808066189289093,0.823840543627739,1.7668955326080322,209600,565,26200
0.0007663842989131808,0.9253925606608391,1.7395696640014648,210400,565,26300
0.029898785054683685,0.3414846658706665,1.7535440921783447,211200,565,26400
0.0018261491786688566,0.936978854238987,1.7308729887008667,212000,565,26500
0.11468590795993805,-0.10688602924346924,1.7620359659194946,212800,565,26600
0.0032281868625432253,0.6648119986057281,1.7593066692352295,213600,565,26700
0.016418475657701492,0.6733838319778442,1.7649645805358887,214400,565,26800
0.0034322221763432026,0.8859645798802376,1.7566920518875122,215200,565,26900
0.0024454451631754637,0.9617723263800144,1.729311227798462,216000,565,27000
0.0011780955828726292,0.1539248824119568,1.7444140911102295,216800,565,27100
0.0005154401296749711,-0.4828000068664551,1.7397971153259277,217600,565,27200
0.001665410352870822,0.8454265296459198,1.75806725025177,218400,565,27300
0.00027193635469302535,0.9915376305580139,1.7232286930084229,219200,565,27400
0.0019884866196662188,0.9644832648336887,1.72586989402771,220000,565,27500
0.024991653859615326,-0.3890572786331177,1.7032997608184814,220800,565,27600
0.005619950592517853,0.689111053943634,1.7378193140029907,221600,565,27700
0.0014991165371611714,0.43638336658477783,1.732969045639038,222400,565,27800
0.001374481013044715,0.9703127276152372,1.729087233543396,223200,565,27900
0.003106288379058242,0.9136583656072617,1.747854232788086,224000,565,28000
0.0012821934651583433,0.803518995642662,1.7591899633407593,224800,565,28100
0.002036140765994787,0.9150626361370087,1.7465107440948486,225600,565,28200
0.009329584427177906,0.9166260659694672,1.729200839996338,226400,565,28300
0.0028938227333128452,0.9431393630802631,1.7276647090911865,227200,565,28400
0.0015141658950597048,0.9628242328763008,1.7514452934265137,228000,565,28500
0.0015898128040134907,-0.4581221342086792,1.7503315210342407,228800,565,28600
0.001575291040353477,0.6513554453849792,1.7400256395339966,229600,565,28700
0.004680254962295294,0.3003736138343811,1.741565465927124,230400,565,28800
0.0022898041643202305,0.9543225467205048,1.7175474166870117,231200,565,28900
0.010358383879065514,0.8773360475897789,1.7197296619415283,232000,565,29000
0.00179133634082973,0.7127301394939423,1.744899868965149,232800,565,29100
0.0007338637951761484,0.8654467910528183,1.754392147064209,233600,565,29200
0.0037376931868493557,0.9457455836236477,1.7398452758789062,234400,565,29300
0.004170346539467573,0.9456219971179962,1.736429214477539,235200,565,29400
0.0027751000598073006,0.7049174904823303,1.744582176208496,236000,565,29500
0.002951725386083126,-1.5959179401397705,1.7362415790557861,236800,565,29600
0.0033286036923527718,0.29097187519073486,1.7297742366790771,237600,565,29700
0.0010703474981710315,0.8975012749433517,1.7472202777862549,238400,565,29800
0.0015996983274817467,0.9024921730160713,1.7391903400421143,239200,565,29900
0.00028158666100353,0.9701988194137812,1.7495168447494507,240000,565,30000
0.010806594043970108,0.8947153314948082,1.731902837753296,240800,565,30100
0.000550647615455091,0.8400429487228394,1.7639609575271606,241600,565,30200
0.0029906718991696835,0.9801049586385489,1.7136690616607666,242400,565,30300
0.017383094877004623,0.8051909804344177,1.714263916015625,243200,565,30400
0.0020595425739884377,0.9598525911569595,1.7346522808074951,244000,565,30500
0.004796120338141918,0.46919089555740356,1.7338550090789795,244800,565,30600
0.006752809043973684,0.9384480006992817,1.7268941402435303,245600,565,30700
0.0017449238803237677,0.8247101902961731,1.7498016357421875,246400,565,30800
0.0005558513221330941,0.9389961957931519,1.7394726276397705,247200,565,30900
0.00265419390052557,0.7612833231687546,1.7657361030578613,248000,565,31000
0.0022830103989690542,0.44592761993408203,1.7463810443878174,248800,565,31100
0.017138876020908356,0.36935949325561523,1.7078118324279785,249600,565,31200
0.0029461225494742393,0.9305844381451607,1.7333734035491943,250400,565,31300
0.004566207993775606,0.5473488569259644,1.725938081741333,251200,565,31400
0.03012830764055252,0.7358685433864594,1.7288261651992798,252000,565,31500
0.0022764261811971664,0.9629907160997391,1.6821974515914917,252800,565,31600
0.002089985180646181,0.9476483799517155,1.7073713541030884,253600,565,31700
0.002356692450121045,0.9725022222846746,1.698673963546753,254400,565,31800
0.0017589885974302888,0.8565516620874405,1.737060785293579,255200,565,31900
0.007171314209699631,0.870462641119957,1.7263826131820679,256000,565,32000
0.1181221753358841,-0.10825765132904053,1.7300981283187866,256800,565,32100
0.012374679557979107,0.7078961133956909,1.6894978284835815,257600,565,32200
0.006112519185990095,0.5854093432426453,1.7033793926239014,258400,565,32300
0.0005035749636590481,0.9476703070104122,1.746852159500122,259200,565,32400
0.000468152342364192,0.9597958326339722,1.7356572151184082,260000,565,32500
0.001114328857511282,0.9344116821885109,1.7389905452728271,260800,565,32600
0.0050359745509922504,0.8962005972862244,1.7230209112167358,261600,565,32700
0.000840278691612184,0.8567920029163361,1.741461992263794,262400,565,32800
0.001286485930904746,0.9019613340497017,1.7087867259979248,263200,565,32900
0.0024446710012853146,0.8726460933685303,1.7201356887817383,264000,565,33000
0.0006647976115345955,0.9876490719616413,1.6974587440490723,264800,565,33100
0.0017131103668361902,0.9252861440181732,1.7289131879806519,265600,565,33200
0.000979195930995047,0.9487779140472412,1.7327094078063965,266400,565,33300
0.0012285725679248571,0.7999659925699234,1.7329758405685425,267200,565,33400
0.003819668898358941,0.9674701020121574,1.6973122358322144,268000,565,33500
0.004261307884007692,-0.7719805240631104,1.7394731044769287,268800,565,33600
0.001211983966641128,0.7512272447347641,1.7107213735580444,269600,565,33700
0.003207789734005928,0.7837751060724258,1.7422128915786743,270400,565,33800
0.0029567559249699116,-0.9986317157745361,1.7338066101074219,271200,565,33900
0.0027984112966805696,0.9716579783707857,1.708402395248413,272000,565,34000
0.007315357215702534,0.8949765563011169,1.7331891059875488,272800,565,34100
0.001236903597600758,0.9473386779427528,1.7425129413604736,273600,565,34200
0.001323164440691471,0.7227804958820343,1.735645055770874,274400,565,34300
0.0038318131119012833,0.7555316090583801,1.7329838275909424,275200,565,34400
0.0035883865784853697,-0.17064857482910156,1.7459933757781982,276000,565,34500
0.01882365718483925,0.8721793442964554,1.7293000221252441,276800,565,34600
0.005214800126850605,0.9258982986211777,1.7209880352020264,277600,565,34700
0.0009446765179745853,0.9678313173353672,1.7293906211853027,278400,565,34800
0.0012351477053016424,0.7696626633405685,1.726805329322815,279200,565,34900
0.01575169339776039,0.7638375014066696,1.7354748249053955,280000,565,35000
0.032967448234558105,0.7012684047222137,1.7236850261688232,280800,565,35100
0.007138682529330254,0.8750120773911476,1.7379920482635498,281600,565,35200
0.0005500306142494082,0.9404612146317959,1.762964129447937,282400,565,35300
0.0021763599943369627,0.8752267733216286,1.7141584157943726,283200,565,35400
0.00338702998124063,0.9510796330869198,1.6952743530273438,284000,565,35500
0.0013085724785923958,0.3859037756919861,1.7417008876800537,284800,565,35600
0.00036810568417422473,0.9571446254849434,1.7407374382019043,285600,565,35700
0.006071178242564201,-4.255773067474365,1.7488007545471191,286400,565,35800
0.009790219366550446,0.8845060989260674,1.7142565250396729,287200,565,35900
0.0026764562353491783,0.7467400431632996,1.734644889831543,288000,565,36000
0.006093042902648449,0.9741893522441387,1.6841747760772705,288800,565,36100
0.0008520677220076323,0.780551016330719,1.755711555480957,289600,565,36200
0.0015324736014008522,0.9180547446012497,1.754594087600708,290400,565,36300
0.0019976964686065912,0.6715429723262787,1.7314205169677734,291200,565,36400
0.002168485429137945,-2.273669719696045,1.741668701171875,292000,565,36500
0.000291711650788784,0.6219788491725922,1.7329738140106201,292800,565,36600
0.0020292315166443586,0.7860854417085648,1.7391164302825928,293600,565,36700
0.0009045835467986763,0.9891698276624084,1.7242094278335571,294400,565,36800
0.0010422763880342245,0.9647185355424881,1.717627763748169,295200,565,36900
0.0007704895106144249,0.9743860904127359,1.7450377941131592,296000,565,37000
0.0029307750519365072,0.9566793665289879,1.7475721836090088,296800,565,37100
0.0028808547649532557,0.8502123653888702,1.763120174407959,297600,565,37200
0.0016868545208126307,0.9434413425624371,1.7544022798538208,298400,565,37300
0.002631930634379387,0.7766581326723099,1.7539806365966797,299200,565,37400
0.0027568209916353226,0.9717963580042124,1.746166706085205,300000,565,37500
0.0009171488927677274,0.990811594761908,1.7245903015136719,300800,565,37600
0.0015010256320238113,0.9440152794122696,1.7337151765823364,301600,565,37700
0.0006791868945583701,0.9914387091994286,1.732405662536621,302400,565,37800
0.002816495718434453,0.9542440325021744,1.743537425994873,303200,565,37900
0.002286199713125825,0.6666218340396881,1.7440762519836426,304000,565,38000
0.001150417374446988,0.8987732902169228,1.75016450881958,304800,565,38100
0.000834122474770993,0.9898619344457984,1.72892165184021,305600,565,38200
0.003919253591448069,0.03424018621444702,1.761108636856079,306400,565,38300
0.005450907163321972,0.8926923498511314,1.7513635158538818,307200,565,38400
0.009484842419624329,0.8531899303197861,1.7466809749603271,308000,565,38500
0.07794500887393951,0.7013493180274963,1.7518997192382812,308800,565,38600
0.0015308810397982597,0.8522583991289139,1.7497707605361938,309600,565,38700
0.0014594701351597905,0.9470842033624649,1.749855875968933,310400,565,38800
0.0015473330859094858,0.9739844929426908,1.7161693572998047,311200,565,38900
0.005519953090697527,0.7071043252944946,1.7390168905258179,312000,565,39000
0.0035504947882145643,0.9444473013281822,1.7564717531204224,312800,565,39100
0.003943948075175285,0.7503159195184708,1.7463109493255615,313600,565,39200
0.002983506303280592,0.9574834108352661,1.7285335063934326,314400,565,39300
0.003019673051312566,0.117747962474823,1.7499990463256836,315200,565,39400
0.001076343236491084,0.9779836591333151,1.7609819173812866,316000,565,39500
0.0027281129732728004,0.5851247310638428,1.7652919292449951,316800,565,39600
0.002381895435974002,0.9063258022069931,1.760089635848999,317600,565,39700
0.003051615320146084,0.9303949996829033,1.7457257509231567,318400,565,39800
0.0008499639807268977,0.9471076801419258,1.7812683582305908,319200,565,39900
0.001620511058717966,0.9232527241110802,1.773902177810669,320000,565,40000
0.003482719184830785,0.753744050860405,1.760802149772644,320800,565,40100
0.0016516812611371279,0.36776959896087646,1.7808359861373901,321600,565,40200
0.0007896126480773091,0.9900843994691968,1.7708131074905396,322400,565,40300
0.1200822964310646,0.5033861696720123,1.7791986465454102,323200,565,40400
0.07200414687395096,0.5467431545257568,1.7756755352020264,324000,565,40500
0.056237708777189255,0.45767325162887573,1.773276925086975,324800,565,40600
0.0020227674394845963,0.9646299965679646,1.7622792720794678,325600,565,40700
0.0026300516910851,0.9003795385360718,1.7703514099121094,326400,565,40800
0.005605570040643215,0.8531296998262405,1.760300636291504,327200,565,40900
0.0013535136822611094,0.1440066695213318,1.7775747776031494,328000,565,41000
0.001465662382543087,0.8805132359266281,1.7753760814666748,328800,565,41100
0.011298551224172115,0.7179227471351624,1.7558813095092773,329600,565,41200
0.002261136658489704,0.7298760116100311,1.7698681354522705,330400,565,41300
0.0037053958512842655,0.9175460413098335,1.761364221572876,331200,565,41400
0.0009950551902875304,0.9829247072339058,1.7542611360549927,332000,565,41500
0.0006301287212409079,0.9745370838791132,1.7650721073150635,332800,565,41600
0.0028212587349116802,0.9815660733729601,1.7589950561523438,333600,565,41700
0.0069498224183917046,0.7520972341299057,1.7447431087493896,334400,565,41800
0.0031148800626397133,0.9721119068562984,1.762801170349121,335200,565,41900
0.001043396769091487,0.9859518157318234,1.7486767768859863,336000,565,42000
0.0012483960017561913,0.9907751278951764,1.7647452354431152,336800,565,42100
0.0006256577908061445,0.7869348227977753,1.7607674598693848,337600,565,42200
0.005270038731396198,0.9258653223514557,1.755638599395752,338400,565,42300
0.002179310657083988,0.910583533346653,1.7652965784072876,339200,565,42400
0.0004703599261119962,0.9773260522633791,1.767963171005249,340000,565,42500
0.0009505503112450242,0.8528188318014145,1.7749296426773071,340800,565,42600
0.000559444073587656,0.9378826692700386,1.7682749032974243,341600,565,42700
0.0011538134422153234,0.30665791034698486,1.782252311706543,342400,565,42800
0.01083467435091734,0.9126606062054634,1.7661659717559814,343200,565,42900
0.003076377557590604,0.9741512779146433,1.7728211879730225,344000,565,43000
0.012183133512735367,0.8729471415281296,1.770063877105713,344800,565,43100
0.005777196027338505,0.9215060323476791,1.7575181722640991,345600,565,43200
0.0034919963218271732,0.8000409752130508,1.7697802782058716,346400,565,43300
0.000941623467952013,0.939448457211256,1.7634891271591187,347200,565,43400
0.0012960700551047921,0.994661127217114,1.7657594680786133,348000,565,43500
0.001088842749595642,0.9848672980442643,1.7612388134002686,348800,565,43600
0.0023560384288430214,0.9643422998487949,1.7578933238983154,349600,565,43700
0.0021780095994472504,0.9594210498034954,1.7638795375823975,350400,565,43800
0.00100338039919734,0.6238199472427368,1.7797281742095947,351200,565,43900
0.013496048748493195,0.883027009665966,1.7663047313690186,352000,565,44000
0.005502637941390276,0.9841972682625055,1.7608952522277832,352800,565,44100
0.002390625886619091,0.8724875152111053,1.7484097480773926,353600,565,44200
0.0012346861185505986,0.9646996483206749,1.751112699508667,354400,565,44300
0.0026919045485556126,0.8623177707195282,1.7673828601837158,355200,565,44400
0.0005672148545272648,0.9756243750452995,1.7803013324737549,356000,565,44500
0.0004118095093872398,0.98775948677212,1.7636933326721191,356800,565,44600
0.002547619631513953,0.9136384278535843,1.771256446838379,357600,565,44700
0.0022519186604768038,0.9834049195051193,1.7754542827606201,358400,565,44800
0.000650506466627121,0.967561274766922,1.7817517518997192,359200,565,44900
0.002750023268163204,0.9709801934659481,1.7757432460784912,360000,565,45000
0.003964717034250498,0.9387870877981186,1.7519365549087524,360800,565,45100
0.001588769257068634,0.8656902611255646,1.7742986679077148,361600,565,45200
0.00496158329769969,0.8887819722294807,1.7705678939819336,362400,565,45300
0.001864118967205286,0.9520224891602993,1.7726432085037231,363200,565,45400
0.0016386187635362148,0.9302627369761467,1.7622910737991333,364000,565,45500
0.0026927348226308823,0.8137872964143753,1.7485400438308716,364800,565,45600
0.002898777136579156,0.8870429620146751,1.7801566123962402,365600,565,45700
0.0015291607705876231,0.9650403000414371,1.7841553688049316,366400,565,45800
0.0007134488550946116,0.9755335487425327,1.7667993307113647,367200,565,45900
0.006077096331864595,0.8726154565811157,1.7631618976593018,368000,565,46000
0.0031113503500819206,0.9152467399835587,1.7691806554794312,368800,565,46100
0.0020569823682308197,0.9208753034472466,1.7850806713104248,369600,565,46200
0.0011461442336440086,0.8461501151323318,1.7788896560668945,370400,565,46300
0.01125321164727211,0.12680846452713013,1.7729482650756836,371200,565,46400
0.002169101033359766,0.7155633866786957,1.7762272357940674,372000,565,46500
0.0014454624615609646,0.9607604779303074,1.7749288082122803,372800,565,46600
0.004567642696201801,0.9462274014949799,1.762829065322876,373600,565,46700
0.0017675674753263593,0.9750526454299688,1.776587963104248,374400,565,46800
0.0004718464915640652,0.9900379115715623,1.759284496307373,375200,565,46900
0.0014026784338057041,0.9888039510697126,1.7786626815795898,376000,565,47000
0.0013607620494440198,0.7668474316596985,1.7793703079223633,376800,565,47100
0.008157670497894287,0.8991595134139061,1.7741873264312744,377600,565,47200
0.0013517854968085885,0.9025455489754677,1.7804462909698486,378400,565,47300
0.00012257012713234872,0.9972041908185929,1.7701048851013184,379200,565,47400
0.002113859634846449,-2.1130247116088867,1.7827166318893433,380000,565,47500
0.003017996670678258,0.9487333297729492,1.7791316509246826,380800,565,47600
0.0246740635484457,0.7772437483072281,1.7832733392715454,381600,565,47700
0.006356420926749706,0.9359058514237404,1.7747693061828613,382400,565,47800
0.0016395191196352243,0.9809856079518795,1.759096622467041,383200,565,47900
0.0031773874070495367,0.8899751454591751,1.7591180801391602,384000,565,48000
0.0009575692238286138,0.9737920220941305,1.7780628204345703,384800,565,48100
0.0016027208184823394,0.9697103928774595,1.7728443145751953,385600,565,48200
0.0004772719694301486,0.9645834751427174,1.7603697776794434,386400,565,48300
0.13690975308418274,0.2239057421684265,1.7812745571136475,387200,565,48400
0.0008506668382324278,0.9957310613244772,1.7866182327270508,388000,565,48500
0.00409603351727128,0.9775194879621267,1.78208589553833,388800,565,48600
0.0019214126514270902,0.9943682113662362,1.783315896987915,389600,565,48700
0.001397363725118339,0.9143189340829849,1.7874324321746826,390400,565,48800
0.12571530044078827,-0.060599684715270996,1.7868698835372925,391200,565,48900
0.002099808305501938,0.9834242910146713,1.7853831052780151,392000,565,49000
0.0009557388257235289,0.8566041737794876,1.790956974029541,392800,565,49100
0.0006355555378831923,0.9558720476925373,1.78824782371521,393600,565,49200
0.0037100627087056637,0.9441949352622032,1.7877408266067505,394400,565,49300
0.0014159665443003178,0.9908498302102089,1.7861931324005127,395200,565,49400
0.0014519058167934418,0.9890251588076353,1.7815335988998413,396000,565,49500
0.021085530519485474,0.6263211369514465,1.770574688911438,396800,565,49600
0.0012121275067329407,0.6405630707740784,1.787484884262085,397600,565,49700
0.010567202232778072,0.9275665879249573,1.7794660329818726,398400,565,49800
0.0010505320969969034,0.9895559437572956,1.785821557044983,399200,565,49900
0.0002617083373479545,0.986020416021347,1.7800111770629883,400000,565,50000
0.002308841794729233,0.9857196332886815,1.7778093814849854,400800,565,50100
0.0015963460318744183,0.9949464756064117,1.7769339084625244,401600,565,50200
0.0014578812988474965,0.9614028930664062,1.7789872884750366,402400,565,50300
0.03334847837686539,0.5647043287754059,1.7633755207061768,403200,565,50400
0.0009941423777490854,0.9552096836268902,1.7663183212280273,404000,565,50500
0.000829775002785027,-1.059821605682373,1.7789652347564697,404800,565,50600
0.001961208414286375,0.9428118318319321,1.771567463874817,405600,565,50700
0.0008448148146271706,0.4364659786224365,1.7862882614135742,406400,565,50800
0.0018708431161940098,0.832367017865181,1.775639295578003,407200,565,50900
0.0009329540771432221,0.9833963979035616,1.7599440813064575,408000,565,51000
0.0023818754125386477,0.9801327846944332,1.7688980102539062,408800,565,51100
0.047957319766283035,0.548034280538559,1.7807080745697021,409600,565,51200
0.0028599933721125126,0.921328216791153,1.7799503803253174,410400,565,51300
0.0014396014157682657,0.8940432444214821,1.7764151096343994,411200,565,51400
0.0014276470756158233,0.9456773959100246,1.7575886249542236,412000,565,51500
0.002024265006184578,0.9606472253799438,1.7622506618499756,412800,565,51600
0.001450754702091217,0.9827786087989807,1.7714223861694336,413600,565,51700
0.00258039403706789,0.8885570168495178,1.7800135612487793,414400,565,51800
0.001917700283229351,0.975012768059969,1.7587416172027588,415200,565,51900
0.0008103108266368508,0.9672826901078224,1.75713312625885,416000,565,52000
0.0017854482866823673,0.9453887194395065,1.747370958328247,416800,565,52100
0.005584205035120249,0.9381295070052147,1.7754157781600952,417600,565,52200
0.008486669510602951,0.8223580121994019,1.7523289918899536,418400,565,52300
0.0018095034174621105,0.9599263332784176,1.747197151184082,419200,565,52400
0.0016959968488663435,0.9911191165447235,1.7474892139434814,420000,565,52500
0.0036821092944592237,0.9614540599286556,1.7594935894012451,420800,565,52600
0.0020290385000407696,0.8786417618393898,1.7419451475143433,421600,565,52700
0.007525905966758728,0.29139405488967896,1.753892183303833,422400,565,52800
0.002884657122194767,0.8534305393695831,1.776833176612854,423200,565,52900
0.0017840120708569884,0.5768880844116211,1.7899980545043945,424000,565,53000
0.001413161400705576,0.9871672810986638,1.7801594734191895,424800,565,53100
0.0002464059507474303,0.9942493531852961,1.7541708946228027,425600,565,53200
0.0004840926849283278,0.9794600084424019,1.770498275756836,426400,565,53300
0.000886831316165626,0.9933643150143325,1.758533000946045,427200,565,53400
0.001483381725847721,0.9281800165772438,1.7860987186431885,428000,565,53500
0.0009426897740922868,0.979007501155138,1.7827298641204834,428800,565,53600
0.0039018283132463694,0.7628418505191803,1.7772977352142334,429600,565,53700
0.006655343808233738,0.1886776089668274,1.7755985260009766,430400,565,53800
0.0019787405617535114,0.6923031210899353,1.7772372961044312,431200,565,53900
0.0012742141261696815,0.9704833328723907,1.7846566438674927,432000,565,54000
0.001864040270447731,0.9478232674300671,1.7660911083221436,432800,565,54100
0.011441320180892944,0.8802661225199699,1.770240068435669,433600,565,54200
0.01378055289387703,0.8624726086854935,1.7680461406707764,434400,565,54300
0.0014041420072317123,0.9583581015467644,1.7834506034851074,435200,565,54400
0.18644514679908752,0.023316621780395508,1.7843704223632812,436000,565,54500
0.003775995224714279,0.9242114722728729,1.7768151760101318,436800,565,54600
0.0014035727363079786,0.9535834081470966,1.772784948348999,437600,565,54700
0.0018922003218904138,0.9821755811572075,1.7793806791305542,438400,565,54800
0.002949097193777561,0.9539125300943851,1.763636827468872,439200,565,54900
0.04580679535865784,0.8454646617174149,1.776141881942749,440000,565,55000
0.0014744688523933291,0.9553408212959766,1.7724299430847168,440800,565,55100
0.0021535514388233423,0.9628794230520725,1.7671080827713013,441600,565,55200
0.0022051294799894094,0.992620846722275,1.7817435264587402,442400,565,55300
0.0014572038780897856,0.9405987747013569,1.77720046043396,443200,565,55400
0.003592610126361251,0.9963013629894704,1.777585506439209,444000,565,55500
0.0007082632509991527,0.9370883628726006,1.7822515964508057,444800,565,55600
0.0007556296186521649,0.9976436705328524,1.7773261070251465,445600,565,55700
0.0017238524742424488,0.9462041705846786,1.7779568433761597,446400,565,55800
0.0027442045975476503,0.6187394857406616,1.7831957340240479,447200,565,55900
0.0009703029645606875,0.9705097991973162,1.7834361791610718,448000,565,56000
0.003379432950168848,0.9809087570756674,1.776260256767273,448800,565,56100
0.01430156733840704,0.762547954916954,1.769625186920166,449600,565,56200
0.005064998287707567,0.9633675403892994,1.779295802116394,450400,565,56300
0.005822539795190096,0.9808513075113297,1.7750418186187744,451200,565,56400
0.002377863507717848,0.6929573118686676,1.757370948791504,452000,565,56500
0.004042346961796284,0.8695602416992188,1.7742506265640259,452800,565,56600
0.0033132180105894804,0.9363041669130325,1.7684063911437988,453600,565,56700
0.001990480115637183,0.9565157257020473,1.7784610986709595,454400,565,56800
0.0009049024665728211,0.9586847797036171,1.7771838903427124,455200,565,56900
0.00042782307718880475,0.9072676599025726,1.7680583000183105,456000,565,57000
0.011473418213427067,0.8752136304974556,1.7692363262176514,456800,565,57100
0.0004147828440181911,0.997272894019261,1.7649271488189697,457600,565,57200
0.0018671356374397874,0.9934168136678636,1.7759804725646973,458400,565,57300
0.0011134097585454583,0.9017311111092567,1.7882702350616455,459200,565,57400
0.0030633476562798023,0.9552860260009766,1.7854961156845093,460000,565,57500
0.00172678311355412,0.9971178232226521,1.7811365127563477,460800,565,57600
0.0011697406880557537,0.9825647845864296,1.782785415649414,461600,565,57700
0.0006862664595246315,0.9492871351540089,1.783656358718872,462400,565,57800
0.001486474648118019,0.7291174232959747,1.7859206199645996,463200,565,57900
0.005102386698126793,0.9263938963413239,1.774076223373413,464000,565,58000
0.0065794438123703,0.4978358745574951,1.7856122255325317,464800,565,58100
0.003882765304297209,0.6145304441452026,1.7822163105010986,465600,565,58200
0.007558583747595549,0.7716529816389084,1.7828222513198853,466400,565,58300
0.0008864033734425902,0.9735492188483477,1.7736204862594604,467200,565,58400
0.0033303936943411827,0.8791568279266357,1.7709723711013794,468000,565,58500
0.0025262197013944387,0.996691782027483,1.774507999420166,468800,565,58600
0.0029160091653466225,0.967167142778635,1.7782361507415771,469600,565,58700
0.0023700655438005924,0.9620150104165077,1.7782683372497559,470400,565,58800
0.004371990915387869,0.8029182851314545,1.7816803455352783,471200,565,58900
0.0007441150373779237,0.9882297832518816,1.7710072994232178,472000,565,59000
0.0015536857536062598,0.9857268175110221,1.7705801725387573,472800,565,59100
0.0074512893334031105,0.9895674521103501,1.771763563156128,473600,565,59200
0.006339520215988159,0.8717323392629623,1.7648813724517822,474400,565,59300
0.0025903359055519104,0.9376198798418045,1.7696526050567627,475200,565,59400
0.0004212189232930541,0.9984904888551682,1.7778847217559814,476000,565,59500
0.003722778521478176,0.7588910907506943,1.7827789783477783,476800,565,59600
0.002426775638014078,0.8861130699515343,1.7879236936569214,477600,565,59700
0.003898405935615301,0.8970109447836876,1.7714927196502686,478400,565,59800
0.0015750604216009378,0.7502855509519577,1.7711260318756104,479200,565,59900
0.0006120927864685655,0.998405852355063,1.7537721395492554,480000,565,60000
0.002616356825456023,0.38579171895980835,1.7818405628204346,480800,565,60100
0.0029852823354303837,0.9813887216150761,1.7797125577926636,481600,565,60200
0.0019252222264185548,0.9754197243601084,1.7589669227600098,482400,565,60300
0.0012997064040973783,0.9819540251046419,1.7624804973602295,483200,565,60400
0.0077877044677734375,0.9523694142699242,1.754863977432251,484000,565,60500
0.001303445198573172,0.9848595960065722,1.7725945711135864,484800,565,60600
0.01927386410534382,0.17095685005187988,1.7788206338882446,485600,565,60700
0.003917532041668892,0.9785526283085346,1.7651760578155518,486400,565,60800
0.00128453248180449,0.9918996058404446,1.7697908878326416,487200,565,60900
0.0006242650561034679,0.909700907766819,1.7762227058410645,488000,565,61000
0.0009033381938934326,0.9931555036455393,1.7765840291976929,488800,565,61100
0.0022124683018773794,0.9615274295210838,1.757394790649414,489600,565,61200
0.0010043097427114844,0.9786413535475731,1.7721827030181885,490400,565,61300
0.0012009175261482596,0.8985220417380333,1.7727950811386108,491200,565,61400
0.0017454351764172316,0.9653229601681232,1.7726799249649048,492000,565,61500
0.0009052295936271548,0.9680792614817619,1.7765004634857178,492800,565,61600
0.002198233734816313,0.924080990254879,1.7783716917037964,493600,565,61700
0.006820314563810825,0.957434143871069,1.7824513912200928,494400,565,61800
0.00376973208039999,0.7032463550567627,1.771314263343811,495200,565,61900
0.0012383772991597652,0.9603494964540005,1.7681028842926025,496000,565,62000
0.0023687840439379215,0.946180235594511,1.7767128944396973,496800,565,62100
0.003123236121609807,0.9057300612330437,1.775225281715393,497600,565,62200
0.0027267232071608305,0.9877228438854218,1.7724332809448242,498400,565,62300
0.0030123654287308455,0.7364390790462494,1.7767667770385742,499200,565,62400
0.0016109354328364134,0.7718984335660934,1.783325433731079,500000,565,62500
0.028601331636309624,0.46059709787368774,1.7619187831878662,500800,565,62600
0.0024142274633049965,0.98729626275599,1.7690620422363281,501600,565,62700
0.011997492983937263,0.8358215987682343,1.7642122507095337,502400,565,62800
0.0036306085530668497,0.989118848927319,1.7816762924194336,503200,565,62900
0.00396423926576972,0.8604722768068314,1.7822293043136597,504000,565,63000
0.012102663516998291,-4.231709003448486,1.7868530750274658,504800,565,63100
0.0008131575305014849,0.8810336291790009,1.7838873863220215,505600,565,63200
0.0009582664351910353,0.9972316436469555,1.7839078903198242,506400,565,63300
0.003743744920939207,0.8616842478513718,1.7786552906036377,507200,565,63400
0.0006756881484761834,0.9854350769892335,1.7819123268127441,508000,565,63500
0.0013031285488978028,0.9827480614185333,1.7835463285446167,508800,565,63600
0.0015067001804709435,0.9903717413544655,1.7776063680648804,509600,565,63700
0.0016772442031651735,0.98492272477597,1.7861731052398682,510400,565,63800
0.007003497332334518,0.9455877915024757,1.7807743549346924,511200,565,63900
0.0020526645239442587,0.8606178909540176,1.7718029022216797,512000,565,64000
0.0032068099826574326,0.9120205789804459,1.7660698890686035,512800,565,64100
0.0026398440822958946,0.6780902743339539,1.7859103679656982,513600,565,64200
0.002269120654091239,0.9822631571441889,1.7868703603744507,514400,565,64300
0.003166280221194029,0.407103955745697,1.7884039878845215,515200,565,64400
0.0011618308490142226,0.984509208239615,1.7796415090560913,516000,565,64500
0.0005219362792558968,0.9726904388517141,1.769083023071289,516800,565,64600
0.0018805422587320209,0.0004950165748596191,1.7849326133728027,517600,565,64700
0.0009757291991263628,0.9969621910713613,1.7781732082366943,518400,565,64800
0.0033558025024831295,0.9907352169975638,1.781627893447876,519200,565,64900
0.0004532669554464519,0.9989005657844245,1.7815818786621094,520000,565,65000
0.001000139513053,0.9942746795713902,1.7840602397918701,520800,565,65100
0.0007907717954367399,0.9780693668872118,1.785154938697815,521600,565,65200
0.0071128434501588345,0.9609348736703396,1.783374547958374,522400,565,65300
0.0010953459423035383,0.9880636399611831,1.7800543308258057,523200,565,65400
0.0005163502646610141,0.996106535429135,1.7692692279815674,524000,565,65500
0.00361015391536057,0.9751509707421064,1.7774324417114258,524800,565,65600
0.006674906238913536,0.959009800106287,1.7750020027160645,525600,565,65700
0.0004571459721773863,0.9405174925923347,1.78269362449646,526400,565,65800
0.008203771896660328,0.8200989365577698,1.7783015966415405,527200,565,65900
0.0021158531308174133,0.9873575298115611,1.7851412296295166,528000,565,66000
0.004061411134898663,0.8605157732963562,1.7771114110946655,528800,565,66100
0.0005720529006794095,0.7096760869026184,1.780341386795044,529600,565,66200
0.0017502793343737721,0.9819494150578976,1.7755392789840698,530400,565,66300
0.007229271344840527,0.9060544818639755,1.7731531858444214,531200,565,66400
0.0014298295136541128,0.893166072666645,1.7817679643630981,532000,565,66500
0.0022346486803144217,0.9236365854740143,1.7787954807281494,532800,565,66600
0.0004381555481813848,0.9906408917158842,1.7725319862365723,533600,565,66700
0.004670457448810339,0.9588861800730228,1.7712061405181885,534400,565,66800
0.002202178817242384,0.9849532544612885,1.7735655307769775,535200,565,66900
0.001603922457434237,0.9667054004967213,1.7709534168243408,536000,565,67000
0.00036486948374658823,0.9932863754220307,1.7598657608032227,536800,565,67100
0.002584305824711919,0.9025081321597099,1.7251946926116943,537600,565,67200
0.0028119771741330624,0.9692136645317078,1.7586555480957031,538400,565,67300
0.0012272375170141459,0.9933521458879113,1.7628669738769531,539200,565,67400
0.0003639829810708761,0.9964799792505801,1.7657263278961182,540000,565,67500
0.0010741392616182566,0.9782265219837427,1.75673508644104,540800,565,67600
0.0021658805198967457,0.9888606984168291,1.7697941064834595,541600,565,67700
0.009078210219740868,0.9384054243564606,1.7576076984405518,542400,565,67800
0.006502282340079546,0.8165650963783264,1.7594842910766602,543200,565,67900
0.00040537919267080724,0.9922222220338881,1.7671910524368286,544000,565,68000
0.0030659609474241734,0.985574858263135,1.7756866216659546,544800,565,68100
0.002081898972392082,0.9834043253213167,1.7654356956481934,545600,565,68200
0.011012268252670765,0.7097883522510529,1.7655096054077148,546400,565,68300
0.001328624552115798,0.9172520115971565,1.7596209049224854,547200,565,68400
0.008795684203505516,-1.9198193550109863,1.7688560485839844,548000,565,68500
0.013422195799648762,0.8566521406173706,1.7673944234848022,548800,565,68600
0.005839390214532614,0.8677696734666824,1.746128797531128,549600,565,68700
0.0013162133982405066,0.9673987962305546,1.7514715194702148,550400,565,68800
0.0020733450073748827,0.9914089357480407,1.7495008707046509,551200,566,68900
0.003438555169850588,0.9834546837955713,1.7670607566833496,552000,566,69000
0.0028776328545063734,0.9611358866095543,1.7374162673950195,552800,566,69100
0.003571110311895609,0.9477725364267826,1.7594592571258545,553600,566,69200
0.0016867683734744787,0.9560554213821888,1.745522379875183,554400,566,69300
0.005171474069356918,0.9935355759225786,1.7701313495635986,555200,566,69400
0.0004577538638841361,0.987463254481554,1.7700819969177246,556000,566,69500
0.0028288359753787518,0.9807832799851894,1.7689692974090576,556800,566,69600
0.0009543971391394734,0.9897491922602057,1.7662986516952515,557600,566,69700
0.06213616579771042,-3.3439998626708984,1.7728756666183472,558400,566,69800
0.007596871815621853,0.6287423372268677,1.7814463376998901,559200,566,69900
0.0033893133513629436,0.8585302829742432,1.7829464673995972,560000,566,70000
0.0014802885707467794,0.8868753612041473,1.7831065654754639,560800,566,70100
0.004262137692421675,0.9302557706832886,1.774598240852356,561600,566,70200
0.0010876341257244349,0.9505101889371872,1.7765207290649414,562400,566,70300
0.004513400141149759,0.9092138335108757,1.767040491104126,563200,566,70400
0.006757605355232954,0.86781807243824,1.7632811069488525,564000,566,70500
0.0011010044254362583,0.9881702726706862,1.7651634216308594,564800,566,70600
0.017389977350831032,0.6546210050582886,1.756131649017334,565600,566,70700
0.002938302932307124,0.9422986097633839,1.7763640880584717,566400,566,70800
0.0033801570534706116,0.8307946771383286,1.7747406959533691,567200,566,70900
0.010570664890110493,0.947002574801445,1.7688817977905273,568000,566,71000
0.004479933995753527,0.8512245863676071,1.7829231023788452,568800,566,71100
0.0030328582506626844,0.9792818427085876,1.7782042026519775,569600,566,71200
0.0031152134761214256,0.9728749804198742,1.7793736457824707,570400,566,71300
0.0007347469800151885,0.9973331193905324,1.7847905158996582,571200,566,71400
0.004742803983390331,0.9396102614700794,1.7858538627624512,572000,566,71500
0.00208640075288713,0.9891480086371303,1.7807821035385132,572800,566,71600
0.00902407057583332,0.9155351519584656,1.779419183731079,573600,566,71700
0.001724020461551845,0.9616390988230705,1.7822108268737793,574400,566,71800
0.006923651322722435,-0.12890946865081787,1.7685613632202148,575200,566,71900
0.0016993433237075806,0.9718103893101215,1.766998291015625,576000,566,72000
0.0010319333523511887,0.9786827098578215,1.761972427368164,576800,566,72100
0.0024835446383804083,0.9390467777848244,1.7721381187438965,577600,566,72200
0.004041611682623625,0.8765369355678558,1.7803630828857422,578400,566,72300
0.007149831857532263,0.933329664170742,1.7804615497589111,579200,566,72400
0.009662861004471779,0.6019370257854462,1.7813866138458252,580000,566,72500
0.0025602076202630997,0.9751526024192572,1.7821600437164307,580800,566,72600
0.0012461893493309617,0.8572198450565338,1.7864115238189697,581600,566,72700
0.0007156693609431386,0.994476770516485,1.7822299003601074,582400,566,72800
0.004469029139727354,0.9358618631958961,1.764601230621338,583200,566,72900
0.007740583270788193,0.8089745342731476,1.773893117904663,584000,566,73000
0.0006452789530158043,0.9850144200026989,1.7845525741577148,584800,566,73100
0.007215387653559446,0.8692647963762283,1.772209882736206,585600,566,73200
0.0007292485097423196,0.8529970496892929,1.7875815629959106,586400,566,73300
0.029607262462377548,0.7497917711734772,1.7849700450897217,587200,566,73400
0.0002974075323436409,0.9992330110399053,1.7759344577789307,588000,566,73500
0.00196270109154284,0.9436464831233025,1.7849774360656738,588800,566,73600
0.015708208084106445,0.7658644020557404,1.784822702407837,589600,566,73700
0.00485147163271904,0.9127135574817657,1.7831624746322632,590400,566,73800
0.0009368282044306397,0.9654134772717953,1.7866811752319336,591200,566,73900
0.002938581397756934,0.9790262803435326,1.784292221069336,592000,566,74000
0.031039496883749962,0.7810685336589813,1.784163236618042,592800,566,74100
0.002750917337834835,0.950753279030323,1.783668041229248,593600,566,74200
0.002367541426792741,0.9698734246194363,1.782367467880249,594400,566,74300
0.0026673790998756886,0.9196582734584808,1.7816567420959473,595200,566,74400
0.0387796089053154,0.26681745052337646,1.781064510345459,596000,566,74500
0.00028927181847393513,0.9938670531846583,1.7715038061141968,596800,566,74600
0.011626586318016052,0.7083177268505096,1.7801874876022339,597600,566,74700
0.0028547027613967657,0.7782064974308014,1.7771320343017578,598400,566,74800
0.012078354135155678,0.595132052898407,1.7799108028411865,599200,566,74900
0.0005719729233533144,0.9970813533291221,1.7782280445098877,600000,566,75000
0.0031751629430800676,0.9525078907608986,1.7774834632873535,600800,566,75100
0.002368774963542819,0.9828108809888363,1.776005506515503,601600,566,75200
0.006246136501431465,0.9598745927214622,1.7770482301712036,602400,566,75300
0.0012622844660654664,0.9924773187376559,1.77640962600708,603200,566,75400
0.0024537008721381426,0.9635513871908188,1.773697018623352,604000,566,75500
0.007928809151053429,0.9321436956524849,1.7612605094909668,604800,566,75600
0.00037434929981827736,0.9936081962659955,1.753722906112671,605600,566,75700
0.00027705778484232724,0.9987211868865415,1.7722444534301758,606400,566,75800
0.008563701994717121,0.9358058795332909,1.7619491815567017,607200,566,75900
0.0054689375683665276,0.7949201613664627,1.7598375082015991,608000,566,76000
0.0006961171166040003,0.9862136598676443,1.7737318277359009,608800,566,76100
0.0004241714777890593,0.9670948162674904,1.7702608108520508,609600,566,76200
0.00119966478087008,0.9829277414828539,1.7755645513534546,610400,566,76300
0.000660256773699075,0.9783759247511625,1.7617714405059814,611200,566,76400
0.0007779021980240941,0.968291163444519,1.7576043605804443,612000,566,76500
0.004534941166639328,0.8646854609251022,1.7525962591171265,612800,566,76600
0.008416760712862015,0.9302964881062508,1.769286870956421,613600,566,76700
0.0018395098159089684,0.9383242763578892,1.7701022624969482,614400,566,76800
0.0019393203547224402,0.9787421431392431,1.7647972106933594,615200,566,76900
0.0017435422632843256,0.9712984915822744,1.7631597518920898,616000,566,77000
0.000679494347423315,0.9932221681810915,1.759069561958313,616800,566,77100
0.002731025917455554,0.9779606983065605,1.763850450515747,617600,566,77200
0.013074452057480812,0.43814635276794434,1.767301321029663,618400,566,77300
0.0013053853763267398,0.9878293825313449,1.7500401735305786,619200,566,77400
0.0010701024439185858,0.9606926180422306,1.7648215293884277,620000,566,77500
0.0020851227454841137,0.9769988171756268,1.7663222551345825,620800,566,77600
0.010866455733776093,0.9265034273266792,1.770258903503418,621600,566,77700
0.003184896893799305,0.8755804821848869,1.7595272064208984,622400,566,77800
0.0005439885426312685,0.9103821963071823,1.771052360534668,623200,566,77900
0.004363031592220068,0.9524036012589931,1.7624731063842773,624000,566,78000
0.005992165766656399,0.5250972509384155,1.7727434635162354,624800,566,78100
0.0032057962380349636,0.9885417185723782,1.7638862133026123,625600,566,78200
0.0015416992828249931,0.9612045660614967,1.7510476112365723,626400,566,78300
0.0013445104705169797,0.9744703434407711,1.7391818761825562,627200,566,78400
0.004872738383710384,0.779864951968193,1.7476319074630737,628000,566,78500
0.0006762140546925366,0.9899137038737535,1.7489731311798096,628800,566,78600
0.007615634240210056,0.8541699051856995,1.7595773935317993,629600,566,78700
0.0009781329426914454,0.9752029180526733,1.7329132556915283,630400,566,78800
0.012500151060521603,0.674159049987793,1.7565702199935913,631200,566,78900
0.001311361906118691,0.9828383307904005,1.7124059200286865,632000,566,79000
0.001513301394879818,0.9956229995004833,1.724067211151123,632800,566,79100
0.0006364008877426386,0.9928319337777793,1.7594655752182007,633600,566,79200
0.007052244618535042,0.7618236988782883,1.7481787204742432,634400,566,79300
0.0013153429608792067,0.9026545360684395,1.7547831535339355,635200,566,79400
0.003168427385389805,0.90733452886343,1.7566349506378174,636000,566,79500
0.0018676111940294504,0.9875872051343322,1.7588204145431519,636800,566,79600
0.0006209268467500806,0.9935941793955863,1.7520657777786255,637600,566,79700
0.004427055362612009,0.9393309578299522,1.7692677974700928,638400,566,79800
0.0009953208500519395,0.9921406283974648,1.7558677196502686,639200,566,79900
0.002759382827207446,0.9849302945658565,1.7682948112487793,640000,566,80000
0.0019454489229246974,0.9921695068478584,1.7629306316375732,640800,566,80100
0.0040445406921207905,0.949076883494854,1.7730693817138672,641600,566,80200
0.0007034714799374342,0.9963141118641943,1.7770895957946777,642400,566,80300
0.01880384236574173,0.932501308619976,1.778515338897705,643200,566,80400
0.000723142409697175,0.9993108633207157,1.7762761116027832,644000,566,80500
0.0005850775633007288,0.9963737989310175,1.781359076499939,644800,566,80600
0.002442467026412487,0.9438807182013988,1.783962368965149,645600,566,80700
0.0040498278103768826,0.9406584948301315,1.78208327293396,646400,566,80800
0.0015377302188426256,0.9829733707010746,1.7811640501022339,647200,566,80900
0.0021539218723773956,0.9866504902020097,1.7795202732086182,648000,566,81000
0.007863914594054222,0.9578440636396408,1.7811810970306396,648800,566,81100
0.0004809719684999436,0.9290655627846718,1.7840042114257812,649600,566,81200
0.0002968059852719307,0.996447728946805,1.778294563293457,650400,566,81300
0.005332475062459707,-0.22519445419311523,1.7798280715942383,651200,566,81400
0.0030522204469889402,0.9495572969317436,1.781646490097046,652000,566,81500
0.0020526943262666464,0.8882556706666946,1.7792675495147705,652800,566,81600
0.010043833404779434,0.9428128264844418,1.7802923917770386,653600,566,81700
0.0033182664774358273,0.6779779195785522,1.7825126647949219,654400,566,81800
0.0019079467747360468,0.9924039789475501,1.7819547653198242,655200,566,81900
0.0011261163745075464,0.9849231094121933,1.7762525081634521,656000,566,82000
0.002510091522708535,0.9927738136611879,1.7690340280532837,656800,566,82100
0.0015569219831377268,0.9725400023162365,1.772256851196289,657600,566,82200
0.0013404389610514045,0.9937889552675188,1.781412959098816,658400,566,82300
0.0014450253220275044,0.9505878537893295,1.785668134689331,659200,566,82400
0.00076308409916237,0.9847147781401873,1.7848904132843018,660000,566,82500
0.001961866393685341,0.9947154209949076,1.777761459350586,660800,566,82600
0.008944103494286537,0.740641862154007,1.7814037799835205,661600,566,82700
0.0008031526813283563,0.9943875824101269,1.78346586227417,662400,566,82800
0.0009090335806831717,0.9895958444103599,1.7778198719024658,663200,566,82900
0.009882355108857155,0.956586018204689,1.7812789678573608,664000,566,83000
0.0007899486226961017,0.9937950922176242,1.7804981470108032,664800,566,83100
0.004517692141234875,0.9331651329994202,1.7722594738006592,665600,566,83200
0.0013518859632313251,0.9689313881099224,1.7735941410064697,666400,566,83300
0.006610584910959005,0.924856461584568,1.7818571329116821,667200,566,83400
0.002347263041883707,0.9466176442801952,1.774070143699646,668000,566,83500
0.0016307145124301314,0.9960690001025796,1.7752532958984375,668800,566,83600
0.0008690595859661698,0.9811628982424736,1.7621042728424072,669600,566,83700
0.007437876891344786,0.14643514156341553,1.7788491249084473,670400,566,83800
0.0052112676203250885,0.8846106380224228,1.7688989639282227,671200,566,83900
0.0007647649617865682,0.9844085229560733,1.771741271018982,672000,566,84000
0.00021091930102556944,0.9979155331384391,1.7786327600479126,672800,566,84100
0.0005085975863039494,0.9979550517164171,1.7724162340164185,673600,566,84200
0.0007699555717408657,0.9943597447127104,1.7711122035980225,674400,566,84300
0.0007393788546323776,0.9813529755920172,1.774616003036499,675200,566,84400
0.002752814907580614,0.9203477203845978,1.7615561485290527,676000,566,84500
0.004200857598334551,0.9115082547068596,1.7711539268493652,676800,566,84600
0.014317111112177372,0.7259429395198822,1.7751864194869995,677600,566,84700
0.0009418530971743166,0.9871146306395531,1.7705662250518799,678400,566,84800
0.0012690925505012274,0.9814723189920187,1.771327018737793,679200,566,84900
0.0020126625895500183,0.9630816653370857,1.7733306884765625,680000,566,85000
0.0028399743605405092,0.91230059415102,1.7847614288330078,680800,566,85100
0.0014237463474273682,0.9521824643015862,1.7813119888305664,681600,566,85200
0.000703479687217623,0.9869655994698405,1.7755732536315918,682400,566,85300
0.001247227075509727,0.9956870032474399,1.773471713066101,683200,566,85400
0.0006615298334509134,0.9779288545250893,1.780991554260254,684000,566,85500
0.00264007318764925,0.9614717699587345,1.7831794023513794,684800,566,85600
0.0018975307466462255,0.9309285432100296,1.781458854675293,685600,566,85700
0.006137788761407137,0.9504457674920559,1.781877875328064,686400,566,85800
0.0007817542646080256,0.9579960256814957,1.781249761581421,687200,566,85900
0.010674641467630863,0.8623301386833191,1.7667150497436523,688000,566,86000
0.0008234760025516152,0.994796912651509,1.7833888530731201,688800,566,86100
0.007350305560976267,0.8347152769565582,1.7822611331939697,689600,566,86200
0.00047599448589608073,0.9916943898424506,1.7839131355285645,690400,566,86300
0.0033908404875546694,0.9670041054487228,1.7739911079406738,691200,566,86400
0.017763536423444748,0.6558704674243927,1.7819938659667969,692000,566,86500
0.0024871877394616604,0.9933261056430638,1.7816264629364014,692800,566,86600
0.0030180925969034433,0.907873347401619,1.7859572172164917,693600,566,86700
0.008732160553336143,0.7249815165996552,1.7876181602478027,694400,566,86800
0.0016744037857279181,0.9321000352501869,1.7849476337432861,695200,566,86900
0.0011356438044458628,0.9965772212017328,1.7795546054840088,696000,566,87000
0.00025377885322086513,0.9995158911624458,1.7809953689575195,696800,566,87100
0.005208725109696388,0.9657811149954796,1.7748218774795532,697600,566,87200
0.0011864702682942152,0.9847320625558496,1.7752456665039062,698400,566,87300
0.04852943494915962,0.6095344126224518,1.7755671739578247,699200,566,87400
0.00041763504850678146,0.988883014768362,1.7783023118972778,700000,566,87500
0.014848940074443817,0.8403336107730865,1.7816615104675293,700800,566,87600
0.004688509739935398,0.8386182487010956,1.7857234477996826,701600,566,87700
0.0004677145043388009,0.9884818578138947,1.7766945362091064,702400,566,87800
0.0010171248577535152,0.9877258772030473,1.7803055047988892,703200,566,87900
0.0067993272095918655,0.29680120944976807,1.7856450080871582,704000,566,88000
0.0028633102774620056,0.9617282971739769,1.7873271703720093,704800,566,88100
0.0008002279791980982,0.984757580794394,1.7815656661987305,705600,566,88200
0.0018171065021306276,0.9693964812904596,1.7832657098770142,706400,566,88300
0.0009517834987491369,0.9578885808587074,1.7853752374649048,707200,566,88400
0.0022284765727818012,0.9670542702078819,1.7860467433929443,708000,566,88500
0.0016083783702924848,0.9628178365528584,1.7810800075531006,708800,566,88600
0.002351177856326103,0.958790298551321,1.782766580581665,709600,566,88700
0.006424788385629654,0.798977866768837,1.7826558351516724,710400,566,88800
0.00811939686536789,-2.0652942657470703,1.7727737426757812,711200,566,88900
0.06819881498813629,0.6296376883983612,1.7779901027679443,712000,566,89000
0.000404342106776312,0.9927037316374481,1.7781867980957031,712800,566,89100
0.001022151205688715,0.9826602153480053,1.7521330118179321,713600,566,89200
0.0016222335398197174,0.9778855852782726,1.7673429250717163,714400,566,89300
0.0034853501711040735,0.9428259842097759,1.7794454097747803,715200,566,89400
0.0007738480344414711,0.8670546561479568,1.7782576084136963,716000,566,89500
0.002515962114557624,0.9620371088385582,1.768634557723999,716800,566,89600
0.0007389064994640648,0.9925620192661881,1.7735800743103027,717600,566,89700
0.011234655976295471,0.898041620850563,1.7711431980133057,718400,566,89800
0.009224960580468178,0.9155571833252907,1.7803617715835571,719200,566,89900
0.0010601796675473452,0.9749930985271931,1.7769213914871216,720000,566,90000
0.010297995060682297,0.7215205430984497,1.7632032632827759,720800,566,90100
0.005668357014656067,0.8541634976863861,1.768787145614624,721600,566,90200
0.003067314624786377,0.6198581457138062,1.7829105854034424,722400,566,90300
0.0063141402788460255,0.9703727941960096,1.778512716293335,723200,566,90400
0.006450640503317118,0.9484659396111965,1.7817589044570923,724000,566,90500
0.001130482880398631,0.9601872153580189,1.7791798114776611,724800,566,90600
0.002077397657558322,0.9784664250910282,1.7668756246566772,725600,566,90700
0.00045363669050857425,0.9971855795010924,1.7850441932678223,726400,566,90800
0.0017068216111510992,0.9820622000843287,1.7784185409545898,727200,566,90900
0.002026406116783619,0.9820246882736683,1.7782855033874512,728000,566,91000
0.001161977183073759,0.96096046641469,1.7721831798553467,728800,566,91100
0.005381309427320957,0.9853142276406288,1.7765929698944092,729600,566,91200
0.013426808640360832,0.7562117129564285,1.7741854190826416,730400,566,91300
0.0010626984294503927,0.367354154586792,1.783901572227478,731200,566,91400
0.0011142701841890812,-1.148244857788086,1.7802356481552124,732000,566,91500
0.0014727461384609342,0.9893888207152486,1.7706236839294434,732800,566,91600
0.007338471245020628,0.9848752226680517,1.769350528717041,733600,566,91700
0.005941395182162523,0.9608011841773987,1.7798235416412354,734400,566,91800
0.0033341292291879654,0.8593569844961166,1.781066656112671,735200,566,91900
0.0025300418492406607,0.9399377927184105,1.7757649421691895,736000,566,92000
0.0010289211058989167,0.9555730074644089,1.7685821056365967,736800,566,92100
0.003824855899438262,0.9757206737995148,1.7806293964385986,737600,566,92200
0.02101779542863369,0.8260103166103363,1.7769614458084106,738400,566,92300
0.0010478983167558908,0.9469864889979362,1.7601642608642578,739200,566,92400
0.0002365086111240089,0.9928061221726239,1.7741739749908447,740000,566,92500
0.001130627584643662,0.9950115121901035,1.7770177125930786,740800,566,92600
0.004638012498617172,0.714588463306427,1.784080982208252,741600,566,92700
0.0017986304592341185,0.9722471740096807,1.7767271995544434,742400,566,92800
0.0006146239466033876,0.9883493175730109,1.768288493156433,743200,566,92900
0.0006491966196335852,0.9627011716365814,1.7715167999267578,744000,566,93000
0.0018828369211405516,0.9756486900150776,1.7742903232574463,744800,566,93100
0.0002628387592267245,0.9935516817495227,1.7671442031860352,745600,566,93200
0.0008218168513849378,0.968514371663332,1.7648497819900513,746400,566,93300
0.0013648919994011521,0.9751527663320303,1.7725489139556885,747200,566,93400
0.002234494313597679,0.9940092675387859,1.7822294235229492,748000,566,93500
0.0017093669157475233,0.967387218028307,1.7841746807098389,748800,566,93600
0.0011116830864921212,0.9886877862736583,1.776890754699707,749600,566,93700
0.00123939523473382,0.9903593845665455,1.7804839611053467,750400,566,93800
0.0008598666754551232,0.5941726565361023,1.7811710834503174,751200,566,93900
0.006428822875022888,0.9577636756002903,1.7832536697387695,752000,566,94000
0.0006908045033924282,0.9964151803869754,1.7793962955474854,752800,566,94100
0.0009595508454367518,0.9006333500146866,1.7854831218719482,753600,566,94200
0.003836032235994935,0.924326479434967,1.7822890281677246,754400,566,94300
0.0013994933106005192,0.9722623359411955,1.7869141101837158,755200,566,94400
0.004415716044604778,0.9069307744503021,1.7869415283203125,756000,566,94500
0.001914485590532422,-0.11294054985046387,1.7866036891937256,756800,566,94600
0.0003418888954911381,0.9962999206036329,1.7836089134216309,757600,566,94700
0.008169079199433327,0.6969509720802307,1.7849878072738647,758400,566,94800
0.1032729297876358,0.33773595094680786,1.7803481817245483,759200,566,94900
0.0020749226678162813,0.9708849750459194,1.7816468477249146,760000,566,95000
0.0016741626895964146,0.9931204128079116,1.779695987701416,760800,566,95100
0.007418112829327583,0.9259824603796005,1.7768652439117432,761600,566,95200
0.0017893159529194236,0.8829568102955818,1.7840116024017334,762400,566,95300
0.0019223219715058804,0.9886341923847795,1.7770774364471436,763200,566,95400
0.0003193646261934191,0.9982371153309941,1.7815933227539062,764000,566,95500
0.0019086804240942001,0.9707747772336006,1.7754956483840942,764800,566,95600
0.0008610938093625009,0.9765181858092546,1.7702176570892334,765600,566,95700
0.0020512528717517853,0.961140513420105,1.7772033214569092,766400,566,95800
0.009496068581938744,0.9308478832244873,1.7827650308609009,767200,566,95900
0.001079979701898992,0.9953221282921731,1.782277226448059,768000,566,96000
0.0005445008864626288,0.9973670879844576,1.7799395322799683,768800,566,96100
0.000996050308458507,0.9500044845044613,1.7854504585266113,769600,566,96200
0.0048606377094984055,0.9378930032253265,1.7719006538391113,770400,566,96300
0.0006975445430725813,0.9793576747179031,1.7506463527679443,771200,566,96400
0.0017247317591682076,0.9856540132313967,1.7809051275253296,772000,566,96500
0.0006002741865813732,0.993924951646477,1.7776689529418945,772800,566,96600
0.008458375930786133,0.915000855922699,1.7813770771026611,773600,566,96700
0.0015525970375165343,0.980059526860714,1.778059720993042,774400,566,96800
0.00019089767010882497,0.9989070515148342,1.781086802482605,775200,566,96900
0.00190231972374022,0.9225183874368668,1.7791496515274048,776000,566,97000
0.0009500630549155176,0.9935790309682488,1.7820231914520264,776800,566,97100
0.007162542548030615,0.9367067217826843,1.7778774499893188,777600,566,97200
0.0013686040183529258,0.9910181825980544,1.7674567699432373,778400,566,97300
0.001678192289546132,0.9966119942255318,1.7590782642364502,779200,566,97400
0.000591224292293191,0.9954439434222877,1.7829387187957764,780000,566,97500
0.009629795327782631,0.7732982188463211,1.771942377090454,780800,566,97600
0.0026831270661205053,0.9683428816497326,1.779836893081665,781600,566,97700
0.0018307057907804847,0.9776919521391392,1.7728126049041748,782400,566,97800
0.004930988885462284,0.9860535385087132,1.7696185111999512,783200,566,97900
0.0007286455947905779,0.991874773055315,1.7780826091766357,784000,566,98000
0.0018449188210070133,0.828440710902214,1.783648133277893,784800,566,98100
0.0007423657225444913,0.9922863487154245,1.773449420928955,785600,566,98200
0.001700156251899898,0.9661073721945286,1.7735645771026611,786400,566,98300
0.0002483883290551603,0.9991111976560205,1.7695796489715576,787200,566,98400
0.025338927283883095,0.6751077175140381,1.777292251586914,788000,566,98500
0.022417504340410233,0.6565971374511719,1.77298903465271,788800,566,98600
0.0016776828560978174,0.9422737285494804,1.769599199295044,789600,566,98700
0.0014333128929138184,0.9338640943169594,1.770816683769226,790400,566,98800
0.0026565869338810444,0.9106684774160385,1.782179832458496,791200,566,98900
0.0011833666358143091,0.9805349949747324,1.7841721773147583,792000,566,99000
0.09535901993513107,0.7584794908761978,1.780530333518982,792800,566,99100
0.008367261849343777,0.6641718149185181,1.7789218425750732,793600,566,99200
0.0009451688965782523,0.9556774608790874,1.7776286602020264,794400,566,99300
0.0031024182680994272,0.996044019702822,1.7780853509902954,795200,566,99400
0.0004197291564196348,0.9988042182521895,1.77541184425354,796000,566,99500
0.0020925700664520264,0.9898447720333934,1.777034044265747,796800,566,99600
0.0024524417240172625,0.8069495409727097,1.7746275663375854,797600,566,99700
0.0015124286292120814,0.9950874033384025,1.775205135345459,798400,566,99800
0.006534954532980919,0.04697394371032715,1.7812097072601318,799200,566,99900
0.000517708424013108,0.9983615011442453,1.775917649269104,800000,566,100000
0.0021284609101712704,0.9581690356135368,1.7755216360092163,800800,566,100100
0.00121384859085083,0.993349957279861,1.7764489650726318,801600,566,100200
0.002779768779873848,0.9857074832543731,1.7716201543807983,802400,566,100300
0.008894439786672592,0.5114732980728149,1.7854212522506714,803200,566,100400
0.002797806868329644,0.9749677646905184,1.7841428518295288,804000,566,100500
0.0017145369201898575,0.9842149075120687,1.7796574831008911,804800,566,100600
0.007333619520068169,0.9454436041414738,1.7704851627349854,805600,566,100700
0.002473545726388693,0.9673385955393314,1.7846837043762207,806400,566,100800
0.005309510510414839,0.9167537912726402,1.784859538078308,807200,566,100900
0.009152259677648544,0.8043732643127441,1.7783725261688232,808000,566,101000
0.010177060961723328,0.823627382516861,1.7837650775909424,808800,566,101100
0.00663022231310606,0.9795529823750257,1.783262014389038,809600,566,101200
0.0018558752490207553,0.9841308016330004,1.7839359045028687,810400,566,101300
0.001782573526725173,0.9403086937963963,1.786761999130249,811200,566,101400
0.004378120414912701,0.9248466789722443,1.7738882303237915,812000,566,101500
0.0010381570318713784,0.585761696100235,1.7798147201538086,812800,566,101600
0.0024174931459128857,0.9787981938570738,1.7805132865905762,813600,566,101700
0.0009460001601837575,0.9865581132471561,1.7837846279144287,814400,566,101800
0.0015603109495714307,0.8890674337744713,1.7788398265838623,815200,566,101900
0.0015692138113081455,0.9932873877696693,1.7779161930084229,816000,566,102000
0.009685681201517582,0.9247546121478081,1.7818315029144287,816800,566,102100
0.0014849978033453226,0.9922577585093677,1.7790650129318237,817600,566,102200
0.00018545612692832947,0.9989213576773182,1.7820971012115479,818400,566,102300
0.021962983533740044,0.7889505326747894,1.7835699319839478,819200,566,102400
0.0007283925078809261,0.9956521936692297,1.7768397331237793,820000,566,102500
0.020279355347156525,0.6477481126785278,1.7772074937820435,820800,566,102600
0.0058035715483129025,0.989169011823833,1.7751539945602417,821600,566,102700
0.0006881486624479294,0.9750317241996527,1.7830957174301147,822400,566,102800
0.002664733212441206,0.967728815972805,1.7805922031402588,823200,566,102900
0.001749160117469728,0.9630504809319973,1.7783015966415405,824000,566,103000
0.0012619749177247286,0.9750466737896204,1.7825777530670166,824800,566,103100
0.0006818013498559594,0.9950017649680376,1.776970624923706,825600,566,103200
0.002083803992718458,0.9624151438474655,1.7753300666809082,826400,566,103300
0.010984858497977257,0.9311424344778061,1.77782142162323,827200,566,103400
0.003056982532143593,0.9500264376401901,1.773065447807312,828000,566,103500
0.007471977733075619,0.9235318526625633,1.780919075012207,828800,566,103600
0.0012062942842021585,0.9923099540174007,1.7780547142028809,829600,566,103700
0.013144203461706638,0.8555515557527542,1.780393123626709,830400,566,103800
0.007609268184751272,0.9333673715591431,1.7725032567977905,831200,566,103900
0.01992548629641533,0.9495864398777485,1.7721290588378906,832000,566,104000
0.0013881329214200377,0.9931476530618966,1.7796051502227783,832800,566,104100
0.028375940397381783,0.8403629809617996,1.7808016538619995,833600,566,104200
0.028808921575546265,-1.6754255294799805,1.7778944969177246,834400,566,104300
0.04341764375567436,0.3269042372703552,1.7804741859436035,835200,566,104400
0.0006255971384234726,0.9944427274167538,1.7851202487945557,836000,566,104500
0.001173882046714425,0.9975623600184917,1.7826619148254395,836800,566,104600
0.0013782032765448093,0.9968303053174168,1.7813923358917236,837600,566,104700
0.005645610857754946,0.8841891661286354,1.7810859680175781,838400,566,104800
0.0015164404176175594,0.9867825349792838,1.7766698598861694,839200,566,104900
0.0008085999288596213,0.9721608497202396,1.782409429550171,840000,566,105000
0.001193556236103177,0.989946573972702,1.7723901271820068,840800,566,105100
0.004069460090249777,0.9469830803573132,1.7824604511260986,841600,566,105200
0.002236616797745228,0.9661730192601681,1.7727196216583252,842400,566,105300
0.017313120886683464,0.49461740255355835,1.7779264450073242,843200,566,105400
0.0004081346560269594,0.9946583360433578,1.7706929445266724,844000,566,105500
0.0018127355724573135,0.7995014637708664,1.772756576538086,844800,566,105600
0.0006048809736967087,0.9498371854424477,1.7725732326507568,845600,566,105700
0.00032469548750668764,0.9964325830806047,1.764590859413147,846400,566,105800
0.006083586253225803,0.9244206324219704,1.776918888092041,847200,566,105900
0.0002761218638624996,0.9976400940213352,1.7802263498306274,848000,566,106000
0.0009446420008316636,0.9920649575069547,1.774543285369873,848800,566,106100
0.0010028696851804852,0.9578107260167599,1.7804105281829834,849600,566,106200
0.0005956219974905252,0.9530497007071972,1.7785124778747559,850400,566,106300
0.005034036468714476,0.7483945786952972,1.7772066593170166,851200,566,106400
0.001973323058336973,0.9396949298679829,1.7725563049316406,852000,566,106500
0.0036513013765215874,0.9877890264615417,1.778761386871338,852800,566,106600
0.004579910077154636,0.9028897508978844,1.7640407085418701,853600,566,106700
0.028237365186214447,0.8418376594781876,1.7710239887237549,854400,566,106800
0.00375517550855875,0.8586915582418442,1.778294563293457,855200,566,106900
0.0012408921029418707,0.9966967166401446,1.7762916088104248,856000,566,107000
0.0012425746535882354,0.9775060676038265,1.7701849937438965,856800,566,107100
0.008270583115518093,0.8487584590911865,1.756657361984253,857600,566,107200
0.0005486090667545795,0.9883162388578057,1.7652219533920288,858400,566,107300
0.006631746422499418,0.9156532660126686,1.7785569429397583,859200,566,107400
0.006304620765149593,0.983128784224391,1.7713327407836914,860000,566,107500
0.00304816965945065,0.9340016767382622,1.7747318744659424,860800,566,107600
0.0017272667028009892,0.940329298377037,1.7552484273910522,861600,566,107700
0.00039362977258861065,0.9928703592158854,1.7712953090667725,862400,566,107800
0.012492582201957703,0.8274387419223785,1.7752128839492798,863200,566,107900
0.0006351897027343512,0.9877268867567182,1.7784051895141602,864000,566,108000
0.000831225304864347,0.9847207693383098,1.7766059637069702,864800,566,108100
0.002316269790753722,0.9370898827910423,1.7833895683288574,865600,566,108200
0.019284261390566826,0.9206953421235085,1.7848238945007324,866400,566,108300
0.009937734343111515,0.7859166413545609,1.7743902206420898,867200,566,108400
0.0017573123332113028,0.9749986231327057,1.7785495519638062,868000,566,108500
0.0005696626612916589,0.9885820792987943,1.780340552330017,868800,566,108600
0.0010693882359191775,0.991150863468647,1.78364896774292,869600,566,108700
0.0076944250613451,0.9014707878232002,1.7811729907989502,870400,566,108800
0.0013708153273910284,0.9674196131527424,1.7741003036499023,871200,566,108900
0.0007062191143631935,0.9873748933896422,1.7679665088653564,872000,566,109000
0.003947984427213669,0.9865151438862085,1.7796279191970825,872800,566,109100
0.0005990668432787061,0.9621861577033997,1.7775919437408447,873600,566,109200
0.0005055431975051761,0.9918685285374522,1.7736929655075073,874400,566,109300
0.000986602040939033,0.9606781378388405,1.7762916088104248,875200,566,109400
0.0015762278344482183,0.9918609336018562,1.7780835628509521,876000,566,109500
0.0037733069621026516,0.9380559325218201,1.7768821716308594,876800,566,109600
0.0003989993128925562,0.9955731211230159,1.7834495306015015,877600,566,109700
0.0007179263629950583,0.9781891871243715,1.7768611907958984,878400,566,109800
0.0007676623645238578,0.9548271037638187,1.78091561794281,879200,566,109900
0.00046520153409801424,0.9992966909194365,1.7754526138305664,880000,566,110000
0.0026305795181542635,0.9800936114042997,1.7797784805297852,880800,566,110100
0.0027182549238204956,0.977676521986723,1.7807811498641968,881600,566,110200
0.004309076350182295,0.9644948244094849,1.776038646697998,882400,566,110300
0.007256609387695789,0.7724277377128601,1.7790980339050293,883200,566,110400
0.0005213994299992919,0.9903703862801194,1.7801676988601685,884000,566,110500
0.0034850453957915306,0.9680239483714104,1.7774031162261963,884800,566,110600
0.00298656290397048,0.9151828587055206,1.7805758714675903,885600,566,110700
0.00043840252328664064,0.9980872131418437,1.7829927206039429,886400,566,110800
0.000655155279673636,0.9876329740509391,1.7854636907577515,887200,566,110900
0.004348444286733866,0.8751076757907867,1.784111499786377,888000,566,111000
0.015247073955833912,-3.7811532020568848,1.7829291820526123,888800,566,111100
0.000448285456513986,0.9750381670892239,1.7832255363464355,889600,566,111200
0.006101234816014767,0.9586240649223328,1.7806220054626465,890400,566,111300
0.0003068908117711544,0.9956500385887921,1.7815061807632446,891200,566,111400
0.020404376089572906,0.8833670690655708,1.782334566116333,892000,566,111500
0.001416641054674983,0.9624331817030907,1.7780805826187134,892800,566,111600
0.0013086750404909253,0.9852060824632645,1.7755374908447266,893600,566,111700
0.0024941153824329376,0.930613674223423,1.7783563137054443,894400,566,111800
0.0011745772790163755,0.9713874962180853,1.775120735168457,895200,566,111900
0.000362946157110855,0.9988403191091493,1.7719053030014038,896000,566,112000
0.014354370534420013,0.5817577242851257,1.7702513933181763,896800,566,112100
0.0018228467088192701,0.9455853439867496,1.7760376930236816,897600,566,112200
0.0030616293661296368,0.7977254837751389,1.7746070623397827,898400,566,112300
0.0008483946439810097,0.9866592260077596,1.7710797786712646,899200,566,112400
0.003915177192538977,0.9820192456245422,1.7737395763397217,900000,566,112500
0.010769705288112164,0.8938110545277596,1.7754781246185303,900800,566,112600
0.0013809087686240673,0.953703623265028,1.7775017023086548,901600,566,112700
0.0035719540901482105,0.9728500954806805,1.7748472690582275,902400,566,112800
0.0014474823838099837,0.9508570171892643,1.7740428447723389,903200,566,112900
0.0005597534473054111,0.9894925644621253,1.7775156497955322,904000,566,113000
0.005366350524127483,0.7347014248371124,1.7808892726898193,904800,566,113100
0.03076194040477276,0.15464425086975098,1.7773027420043945,905600,566,113200
0.001137976418249309,0.993334922939539,1.7695019245147705,906400,566,113300
0.0031635791528970003,0.9920885991305113,1.7708179950714111,907200,566,113400
0.0050013018772006035,0.9627000987529755,1.7741363048553467,908000,566,113500
0.005055628716945648,0.8422567695379257,1.7830333709716797,908800,566,113600
0.00029701547464355826,0.9848526967689395,1.778579592704773,909600,566,113700
0.009764909744262695,0.7507224380970001,1.782928705215454,910400,566,113800
0.0024435482919216156,0.8285570591688156,1.7828624248504639,911200,566,113900
0.011376557871699333,0.5490636825561523,1.7841377258300781,912000,566,114000
0.0002463502169121057,0.9983081681421027,1.782975196838379,912800,566,114100
0.005379440262913704,0.9682279042899609,1.7791918516159058,913600,566,114200
0.0012998628662899137,0.9551163241267204,1.7852808237075806,914400,566,114300
0.014463186264038086,0.7735408544540405,1.7752935886383057,915200,566,114400
0.00025585046387277544,0.9967667777091265,1.7835770845413208,916000,566,114500
0.002231327351182699,0.9773928374052048,1.7833917140960693,916800,566,114600
0.0003395137027837336,0.9966472303494811,1.7828733921051025,917600,566,114700
0.01954246126115322,0.8719717860221863,1.7843296527862549,918400,566,114800
0.0041692815721035,0.9256840497255325,1.7860318422317505,919200,566,114900
0.0033520192373543978,0.9585011340677738,1.7858307361602783,920000,566,115000
0.008507836610078812,0.7883817106485367,1.7890465259552002,920800,566,115100
0.0003371162456460297,0.9980545525904745,1.7872843742370605,921600,566,115200
0.00863732397556305,0.9410915784537792,1.784437656402588,922400,566,115300
0.0009597627795301378,0.9947359408251941,1.778342843055725,923200,566,115400
0.0034527541138231754,0.9904291359707713,1.7846895456314087,924000,566,115500
0.017306772992014885,0.8874973207712173,1.7844226360321045,924800,566,115600
0.009173736907541752,0.9106530472636223,1.7821240425109863,925600,566,115700
0.014225230552256107,0.8126003593206406,1.7864736318588257,926400,565,115800
0.00045532919466495514,0.9904847135767341,1.78156316280365,927200,565,115900
0.0013349552173167467,0.9901194870471954,1.7864009141921997,928000,565,116000
0.000893428223207593,0.9966415942180902,1.7832953929901123,928800,565,116100
0.0016147716669365764,0.9830974098294973,1.7823195457458496,929600,565,116200
0.0004269744094926864,0.9956550938077271,1.7830679416656494,930400,565,116300
0.00952393189072609,0.7410721480846405,1.7870614528656006,931200,565,116400
0.0017847163835540414,0.9755935855209827,1.7836401462554932,932000,565,116500
0.0059316824190318584,0.944502230733633,1.7877206802368164,932800,565,116600
0.005859186872839928,0.9356047585606575,1.7817308902740479,933600,565,116700
0.003169621806591749,0.9463116973638535,1.7792363166809082,934400,565,116800
0.0049592554569244385,0.9244387149810791,1.7837998867034912,935200,565,116900
0.00020263831538613886,0.9993145122425631,1.7810348272323608,936000,565,117000
0.0017270450480282307,0.9896896025165915,1.786499261856079,936800,565,117100
0.000935049494728446,0.9884548960253596,1.784513235092163,937600,565,117200
0.00044195790542289615,0.9976806184276938,1.786039113998413,938400,565,117300
0.001504417508840561,0.9926079618744552,1.7821085453033447,939200,565,117400
0.0013401209143921733,0.9366544038057327,1.7842965126037598,940000,565,117500
0.006396585144102573,0.9290212392807007,1.7746565341949463,940800,565,117600
0.0005436637438833714,0.9891833588480949,1.7753233909606934,941600,565,117700
0.0019854758866131306,0.9778371434658766,1.7743241786956787,942400,565,117800
0.005408285651355982,0.9834781438112259,1.7723586559295654,943200,565,117900
0.0036444535944610834,0.8608077168464661,1.7834584712982178,944000,565,118000
0.0010153315961360931,0.9935972937382758,1.7766484022140503,944800,565,118100
0.0009125290671363473,0.9902544356882572,1.7712088823318481,945600,565,118200
0.049654632806777954,0.7199594676494598,1.779651403427124,946400,565,118300
0.0053319139406085014,0.9036751091480255,1.775463581085205,947200,565,118400
0.004207572899758816,0.9736539013683796,1.7686030864715576,948000,565,118500
0.0003911980602424592,0.9966829384211451,1.7616277933120728,948800,565,118600
0.001115617691539228,0.9190436601638794,1.757297396659851,949600,565,118700
0.003942317795008421,0.8959102481603622,1.774808406829834,950400,565,118800
0.01355323102325201,0.9292199015617371,1.7675235271453857,951200,565,118900
0.0011090110056102276,0.9551196098327637,1.7674938440322876,952000,565,119000
0.0011763854417949915,0.9957861443981528,1.7856636047363281,952800,565,119100
0.0015215600142255425,0.9677725397050381,1.785355567932129,953600,565,119200
0.001251904061064124,0.9708744361996651,1.7734112739562988,954400,565,119300
0.012775789946317673,0.8838077485561371,1.7835527658462524,955200,565,119400
0.0037822879385203123,0.8987573683261871,1.7682669162750244,956000,565,119500
0.005032477900385857,0.8537544161081314,1.778052568435669,956800,565,119600
0.002015939448028803,0.8868292570114136,1.7864794731140137,957600,565,119700
0.0025590499863028526,0.9897854318842292,1.7736977338790894,958400,565,119800
0.008890636265277863,0.922390028834343,1.775639533996582,959200,565,119900
0.02845236100256443,0.9086499512195587,1.7816572189331055,960000,565,120000
0.00030524731846526265,0.9977632910013199,1.772522211074829,960800,565,120100
0.0016726527828723192,0.9651867747306824,1.7757562398910522,961600,565,120200
0.013994514010846615,0.8854808807373047,1.7780802249908447,962400,565,120300
0.0062234168872237206,0.8167673945426941,1.7807588577270508,963200,565,120400
0.008211812004446983,0.5792904198169708,1.7625229358673096,964000,565,120500
0.0009065226768143475,0.986719517968595,1.7840604782104492,964800,565,120600
0.0009279833175241947,0.9839575458317995,1.7862144708633423,965600,565,120700
0.0050714388489723206,0.943246316164732,1.7790815830230713,966400,565,120800
0.0011303446954116225,0.907412625849247,1.7846952676773071,967200,565,120900
0.061937011778354645,0.6774452924728394,1.7686177492141724,968000,565,121000
0.001041205832734704,0.9828439801931381,1.7894113063812256,968800,565,121100
0.004062819294631481,0.8788546696305275,1.788788080215454,969600,565,121200
0.004928222857415676,0.9205785989761353,1.7821229696273804,970400,565,121300
0.004033035133033991,0.975533613935113,1.7757552862167358,971200,565,121400
0.001169868279248476,0.9038167670369148,1.7677568197250366,972000,565,121500
0.00377566646784544,0.9621688574552536,1.7825512886047363,972800,565,121600
0.0038795610889792442,0.9404411874711514,1.7723135948181152,973600,565,121700
0.0017424813704565167,0.9683672226965427,1.7751729488372803,974400,565,121800
0.0022041359916329384,0.8707820624113083,1.7809858322143555,975200,565,121900
0.0012143133208155632,0.9748496096581221,1.767215371131897,976000,565,122000
0.0032884764950722456,0.9277714416384697,1.7781541347503662,976800,565,122100
0.002436918206512928,0.9861827911809087,1.7754502296447754,977600,565,122200
0.0006776180816814303,0.9964652953203768,1.7807062864303589,978400,565,122300
0.004273846745491028,0.9435277581214905,1.778883695602417,979200,565,122400
0.004656574688851833,0.9843957033008337,1.7870687246322632,980000,565,122500
0.0027261751238256693,0.9598839282989502,1.786007046699524,980800,565,122600
0.000602034677285701,0.9896596940234303,1.781498908996582,981600,565,122700
0.007273986469954252,-0.010858297348022461,1.7856347560882568,982400,565,122800
0.037976257503032684,0.7227548956871033,1.7858777046203613,983200,565,122900
0.0007830365793779492,0.9610470086336136,1.7845271825790405,984000,565,123000
0.0005483117420226336,0.9960407940670848,1.782881498336792,984800,565,123100
0.0025474403519183397,0.9621505290269852,1.7792932987213135,985600,565,123200
0.0014123908476904035,0.9648237973451614,1.7793762683868408,986400,565,123300
0.0006957997684367001,0.9825597926974297,1.7797908782958984,987200,565,123400
0.0049466341733932495,0.9735036585479975,1.7826396226882935,988000,565,123500
0.0014259848976507783,0.9913639770820737,1.7852857112884521,988800,565,123600
0.010518847964704037,0.936715729534626,1.7798916101455688,989600,565,123700
0.0014604780590161681,0.9723349809646606,1.7842795848846436,990400,565,123800
0.002047027461230755,0.9855947364121675,1.7739914655685425,991200,565,123900
0.0024345368146896362,0.9798162300139666,1.783935785293579,992000,565,124000
0.0010405124630779028,0.9823143538087606,1.7855465412139893,992800,565,124100
0.008803559467196465,0.9156936928629875,1.776487112045288,993600,565,124200
0.000663136481307447,0.9657128229737282,1.7819279432296753,994400,565,124300
0.0007108852732926607,0.9868986280634999,1.782883644104004,995200,565,124400
0.0014927448937669396,0.9597281105816364,1.777874231338501,996000,565,124500
0.001205822336487472,0.992776089347899,1.7859344482421875,996800,565,124600
0.008994737640023232,-0.32683682441711426,1.7838733196258545,997600,565,124700
0.0019423780031502247,0.9751947354525328,1.7706902027130127,998400,565,124800
0.0023526931181550026,0.9776269514113665,1.7779234647750854,999200,565,124900
0.0027131654787808657,0.939938984811306,1.771904706954956,1000000,565,125000
0.002203412353992462,0.9607300907373428,1.7815816402435303,1000800,565,125100
0.0004150084569118917,0.9962069634348154,1.778322696685791,1001600,565,125200
0.0023935099598020315,0.9703994244337082,1.7775585651397705,1002400,565,125300
0.0012068237410858274,0.9864568710327148,1.7780866622924805,1003200,565,125400
0.0011598136043176055,0.9844117444008589,1.784041404724121,1004000,565,125500
0.0010442094644531608,0.9924470139667392,1.7822611331939697,1004800,565,125600
0.002180589595809579,0.9627123661339283,1.7834136486053467,1005600,565,125700
0.00031701516127213836,0.9981981775490567,1.7823700904846191,1006400,565,125800
0.0005808470887131989,0.9918274208903313,1.7836542129516602,1007200,565,125900
0.0012961355969309807,0.9963226213585585,1.78191339969635,1008000,565,126000
0.004803353920578957,0.9589832164347172,1.778915286064148,1008800,565,126100
0.01881370320916176,-1.2073378562927246,1.777330756187439,1009600,565,126200
0.00040266846190206707,0.9926992454566061,1.7822149991989136,1010400,565,126300
0.0010554299224168062,0.0524669885635376,1.7830321788787842,1011200,565,126400
0.02188670076429844,0.8803622052073479,1.7831175327301025,1012000,565,126500
0.0031296301167458296,0.9813773892819881,1.7786134481430054,1012800,565,126600
0.0006813636282458901,0.9713004641234875,1.7790210247039795,1013600,565,126700
0.0001733536773826927,0.9794169720262289,1.7806775569915771,1014400,565,126800
0.0005044694407843053,0.9950907765887678,1.7734322547912598,1015200,565,126900
0.0017323194770142436,0.9923922768794,1.7798237800598145,1016000,565,127000
0.0019468433456495404,0.9685210846364498,1.7772111892700195,1016800,565,127100
0.01565261371433735,0.8646684885025024,1.7804577350616455,1017600,565,127200
0.006237240508198738,0.9177493080496788,1.7826216220855713,1018400,565,127300
0.0009872299851849675,0.9850566135719419,1.783759593963623,1019200,565,127400
0.00046927935909479856,0.9137414917349815,1.784336805343628,1020000,565,127500
0.0005212402902543545,0.9867247128859162,1.7737884521484375,1020800,565,127600
0.0011124579468742013,0.9461762867867947,1.781497597694397,1021600,565,127700
0.005242607090622187,0.9911557147279382,1.7783830165863037,1022400,565,127800
0.008938547223806381,0.9382828138768673,1.7753307819366455,1023200,565,127900
0.00011498844105517492,0.9958734293468297,1.7705529928207397,1024000,565,128000
0.0006944236811250448,0.9921410484239459,1.775899887084961,1024800,565,128100
0.0024733301252126694,0.9637712053954601,1.776747703552246,1025600,565,128200
0.05257502198219299,0.49059945344924927,1.7826485633850098,1026400,565,128300
0.0009716838249005377,0.9880663231015205,1.7773467302322388,1027200,565,128400
0.00021131370158400387,0.9963142217602581,1.7720104455947876,1028000,565,128500
0.002517573069781065,0.9932560767047107,1.7800508737564087,1028800,565,128600
0.001706847338937223,0.9886664459481835,1.7818126678466797,1029600,565,128700
0.004593526013195515,0.9360133931040764,1.779623031616211,1030400,565,128800
0.006766744423657656,0.9093671590089798,1.7824058532714844,1031200,565,128900
0.0006119051249697804,0.986792373470962,1.7792410850524902,1032000,565,129000
0.014972980134189129,0.5679054856300354,1.7804838418960571,1032800,565,129100
0.0007969231810420752,0.9648627005517483,1.7810899019241333,1033600,565,129200
0.0012883244780823588,0.9863901874050498,1.7758874893188477,1034400,565,129300
0.002204264746978879,0.93696478754282,1.7792491912841797,1035200,565,129400
0.0034664971753954887,0.9728566873818636,1.7850695848464966,1036000,565,129500
0.0016182160470634699,0.8749595433473587,1.78223717212677,1036800,565,129600
0.0005947326426394284,0.9967910486739129,1.7759222984313965,1037600,565,129700
0.001558480435051024,0.9819615483283997,1.7754567861557007,1038400,565,129800
0.0010612531332299113,0.9855329860001802,1.775056004524231,1039200,565,129900
0.001426230650395155,0.9770455602556467,1.7680535316467285,1040000,565,130000
0.0011557156685739756,0.9648578986525536,1.7768957614898682,1040800,565,130100
0.0020957360975444317,0.9596567749977112,1.7768011093139648,1041600,565,130200
0.0004176569636911154,0.9927272885106504,1.7676430940628052,1042400,565,130300
0.0012853925582021475,0.9848616924136877,1.7735695838928223,1043200,565,130400
0.001996036386117339,0.9783652890473604,1.7655858993530273,1044000,565,130500
0.001236136769875884,0.9828649759292603,1.778400182723999,1044800,565,130600
0.0011563184671103954,0.9896123250946403,1.772709608078003,1045600,565,130700
0.0029323052149266005,0.9559885710477829,1.7635064125061035,1046400,565,130800
0.004085483495146036,0.9857786623761058,1.7754207849502563,1047200,565,130900
0.012503127567470074,0.7323280274868011,1.7780609130859375,1048000,565,131000
0.0017198226414620876,0.9664651975035667,1.765923261642456,1048800,565,131100
0.0007787809008732438,0.9903566455468535,1.7764801979064941,1049600,565,131200
0.0005533290095627308,0.9591090008616447,1.7816011905670166,1050400,565,131300
0.00463358499109745,0.9622391313314438,1.7840476036071777,1051200,565,131400
0.0006407209439203143,0.9972059896681458,1.7824583053588867,1052000,565,131500
0.0029124466236680746,0.9633124060928822,1.7795360088348389,1052800,565,131600
0.0035238778218626976,0.9387567974627018,1.7821952104568481,1053600,565,131700
0.0011511167977005243,0.9894866198301315,1.766481876373291,1054400,565,131800
0.00014169284258969128,0.9995452054135967,1.7835664749145508,1055200,565,131900
0.0014529217733070254,0.853168785572052,1.7808027267456055,1056000,565,132000
0.0010347513016313314,0.9840277414768934,1.7801403999328613,1056800,565,132100
0.00045437159133143723,0.9743122830986977,1.781930685043335,1057600,565,132200
0.0007271349895745516,0.9929259573109448,1.7771811485290527,1058400,565,132300
0.0027731729205697775,0.893645629286766,1.7809045314788818,1059200,565,132400
0.0013894586591050029,0.9780281875282526,1.7768943309783936,1060000,565,132500
0.0004559597000479698,0.9957675794139504,1.7753788232803345,1060800,565,132600
0.00021440567797981203,0.9994320039404556,1.7767902612686157,1061600,565,132700
0.00048528675688430667,0.9908308042213321,1.7793951034545898,1062400,565,132800
0.0012361198896542192,0.9600916057825089,1.7797808647155762,1063200,565,132900
0.0006945422501303256,0.9990795733756386,1.7803385257720947,1064000,565,133000
0.003494620556011796,0.861852154135704,1.7818924188613892,1064800,565,133100
0.00045701878843829036,0.9994930236716755,1.7790155410766602,1065600,565,133200
0.0013942694058641791,0.9914845647290349,1.7834280729293823,1066400,565,133300
0.001922250259667635,0.9214445576071739,1.7813546657562256,1067200,565,133400
0.0005912706255912781,0.9984570032684132,1.7834789752960205,1068000,565,133500
0.01543621625751257,0.9227612838149071,1.7793197631835938,1068800,565,133600
0.0008209843654185534,0.9855170240625739,1.783975601196289,1069600,565,133700
0.0003451670636422932,0.9917823066934943,1.7809343338012695,1070400,565,133800
0.0033551696687936783,0.9831888191401958,1.7802141904830933,1071200,565,133900
0.01192384772002697,0.3474976420402527,1.7776061296463013,1072000,565,134000
0.00181390973739326,0.9808525200933218,1.7802462577819824,1072800,565,134100
0.0029008949641138315,0.9788004029542208,1.7793569564819336,1073600,565,134200
0.002033247146755457,0.9627752751111984,1.7813104391098022,1074400,565,134300
0.02145603857934475,0.8695468753576279,1.775909185409546,1075200,565,134400
0.002902363892644644,0.9684407450258732,1.7817537784576416,1076000,565,134500
0.0016041219932958484,0.9641524069011211,1.7868276834487915,1076800,565,134600
0.0005018941592425108,0.9954466442577541,1.7830884456634521,1077600,565,134700
0.008065680973231792,0.868176057934761,1.7806751728057861,1078400,565,134800
0.004313117824494839,0.9364496618509293,1.7847059965133667,1079200,565,134900
0.00204260740429163,0.9677702113986015,1.7826204299926758,1080000,565,135000
0.0010183632839471102,0.989234228618443,1.7779496908187866,1080800,565,135100
0.008901664055883884,0.9559205062687397,1.7820641994476318,1081600,565,135200
0.00166950689163059,0.9668828509747982,1.7749605178833008,1082400,565,135300
0.0006631257710978389,0.9935697335749865,1.777058720588684,1083200,565,135400
0.0007382149342447519,0.9957357468083501,1.7767333984375,1084000,565,135500
0.00028885359643027186,0.9967332270462066,1.7754311561584473,1084800,565,135600
0.002793980296701193,0.989480247721076,1.7766226530075073,1085600,565,135700
0.003575837705284357,0.9566396176815033,1.7767114639282227,1086400,565,135800
0.0004602992266882211,0.9912802064791322,1.7799010276794434,1087200,565,135900
0.006009365897625685,0.9463329091668129,1.780205488204956,1088000,565,136000
0.009217347949743271,0.5978793501853943,1.7826989889144897,1088800,565,136100
0.00891892984509468,0.7722544074058533,1.7730509042739868,1089600,565,136200
0.0006974923890084028,0.9561608396470547,1.7749176025390625,1090400,565,136300
0.0009629140258766711,0.9854833204299212,1.779105544090271,1091200,565,136400
0.0020854745525866747,0.9827132653445005,1.7838776111602783,1092000,565,136500
0.007861776277422905,0.9681423529982567,1.7817769050598145,1092800,565,136600
0.0020651728846132755,0.9895780514925718,1.7834277153015137,1093600,565,136700
0.001501773251220584,0.9734058529138565,1.7825417518615723,1094400,565,136800
0.0015761444810777903,0.9659942016005516,1.7816846370697021,1095200,565,136900
0.000931152724660933,0.9862026814371347,1.7828059196472168,1096000,565,137000
0.019647542387247086,0.37371522188186646,1.7806638479232788,1096800,565,137100
0.0002562600711826235,0.9978613564744592,1.782198429107666,1097600,565,137200
0.0029025308322161436,0.35944145917892456,1.7824833393096924,1098400,565,137300
0.001302944729104638,0.844499483704567,1.7785030603408813,1099200,565,137400
0.0008730781846679747,0.9908901937305927,1.775632619857788,1100000,565,137500
0.0008214755216613412,0.982391819357872,1.781545639038086,1100800,565,137600
0.0033344931434839964,0.9539653733372688,1.7826803922653198,1101600,565,137700
0.0007281753933057189,0.9949171873740852,1.7735968828201294,1102400,565,137800
0.0022741425782442093,0.952366691082716,1.7828927040100098,1103200,565,137900
0.0023177238181233406,0.9495546631515026,1.7819901704788208,1104000,565,138000
0.004226235207170248,0.8759443089365959,1.780484676361084,1104800,565,138100
0.0015680552460253239,0.991671790368855,1.7794777154922485,1105600,565,138200
0.00596418883651495,0.870062381029129,1.778947353363037,1106400,565,138300
0.028030527755618095,0.39443016052246094,1.7800352573394775,1107200,565,138400
0.0005184397450648248,0.932414211332798,1.7787284851074219,1108000,565,138500
0.0025934006553143263,0.9838610403239727,1.77685546875,1108800,565,138600
0.0005461383843794465,0.9883720250800252,1.781818151473999,1109600,565,138700
0.004559755325317383,0.3530600666999817,1.7846993207931519,1110400,565,138800
0.0012202877551317215,0.98520811740309,1.779388427734375,1111200,565,138900
0.0013373538386076689,0.9431279636919498,1.7824180126190186,1112000,565,139000
0.0005243864143267274,0.9973887063097209,1.7774276733398438,1112800,565,139100
0.0004867917741648853,0.9748973622918129,1.7821803092956543,1113600,565,139200
0.0017240727320313454,0.9104347825050354,1.7866235971450806,1114400,565,139300
0.0006286486750468612,0.9956590156070888,1.7876133918762207,1115200,565,139400
0.00727973785251379,0.89955073595047,1.7877063751220703,1116000,565,139500
0.013263022527098656,0.8735671788454056,1.7867169380187988,1116800,565,139600
0.004712214227765799,0.9861591933295131,1.7832679748535156,1117600,565,139700
0.0010747951455414295,0.9722054805606604,1.7849061489105225,1118400,565,139800
0.0021363492123782635,0.8843123018741608,1.7877840995788574,1119200,565,139900
0.0036197095178067684,0.8971374109387398,1.7835211753845215,1120000,565,140000
0.010013261809945107,0.7776350975036621,1.7819478511810303,1120800,565,140100
0.0015875522512942553,0.9800276681780815,1.7794387340545654,1121600,565,140200
0.0007125221891328692,0.9790420774370432,1.784825086593628,1122400,565,140300
0.0006159016047604382,0.9979190896265209,1.7843070030212402,1123200,565,140400
0.0006049311487004161,0.9776657149195671,1.7862074375152588,1124000,565,140500
0.0030319697689265013,0.975708182901144,1.7826541662216187,1124800,565,140600
0.0006384392036125064,0.9753452967852354,1.7871668338775635,1125600,565,140700
0.00038744788616895676,0.9822046048939228,1.7875779867172241,1126400,565,140800
0.0008912066696211696,0.9894982976838946,1.7842755317687988,1127200,565,140900
0.004543154034763575,0.9568360634148121,1.784627914428711,1128000,565,141000
0.0018752163741737604,0.9827844202518463,1.7807586193084717,1128800,565,141100
0.0016324653988704085,0.9812189154326916,1.7841763496398926,1129600,565,141200
0.0014091490302234888,0.7984968721866608,1.7860240936279297,1130400,565,141300
0.0017237261636182666,0.9654258228838444,1.7711741924285889,1131200,565,141400
0.0014878135407343507,0.9953287863172591,1.784003734588623,1132000,565,141500
0.0010247238678857684,0.9885438876226544,1.777547001838684,1132800,565,141600
0.007545553147792816,0.967022355645895,1.7679460048675537,1133600,565,141700
0.0038685037288814783,0.9292696937918663,1.7817981243133545,1134400,565,141800
0.0012268488062545657,0.9754373896867037,1.7765709161758423,1135200,565,141900
0.01650223135948181,-0.08424460887908936,1.7808799743652344,1136000,565,142000
0.0006188233965076506,0.987823223695159,1.778594970703125,1136800,565,142100
0.000412704044720158,0.9941193996928632,1.7734766006469727,1137600,565,142200
0.0008198399445973337,0.9895250406116247,1.7699275016784668,1138400,565,142300
0.00012017768312944099,0.9978960300795734,1.7788619995117188,1139200,565,142400
0.019811471924185753,-0.25015902519226074,1.7890431880950928,1140000,565,142500
0.0003782613785006106,0.9930105982348323,1.788773775100708,1140800,565,142600
0.003951269667595625,0.9125411286950111,1.783909797668457,1141600,565,142700
0.0008246653014793992,0.9926847289316356,1.790027379989624,1142400,565,142800
0.0025180175434798002,0.9761271513998508,1.7883481979370117,1143200,565,142900
0.0010083743836730719,0.9903174201026559,1.7884713411331177,1144000,565,143000
0.001926083816215396,0.9689694065600634,1.7867915630340576,1144800,565,143100
0.000671032874379307,0.8818655386567116,1.7866904735565186,1145600,565,143200
0.03347795829176903,0.7968887239694595,1.7818156480789185,1146400,565,143300
0.0011940901167690754,0.9563161693513393,1.7806024551391602,1147200,565,143400
0.08554041385650635,0.6496649086475372,1.7833738327026367,1148000,565,143500
0.0014597789850085974,0.9875819189473987,1.7687242031097412,1148800,565,143600
0.0007629215833730996,0.9302669540047646,1.785174012184143,1149600,565,143700
0.0006298110820353031,0.9981518487911671,1.7662984132766724,1150400,565,143800
0.0006530835526064038,0.9925082949921489,1.786667823791504,1151200,565,143900
0.004366712179034948,0.9687455594539642,1.7742480039596558,1152000,565,144000
0.0016967001138255,0.8647877722978592,1.7861875295639038,1152800,565,144100
0.0026750722900032997,0.8311388790607452,1.788865566253662,1153600,565,144200
0.006235843989998102,0.9582432322204113,1.7802550792694092,1154400,565,144300
0.0017047941219061613,0.9813101403415203,1.7609553337097168,1155200,565,144400
0.010188653133809566,0.9292140305042267,1.7834222316741943,1156000,565,144500
0.0013694979716092348,0.9817889109253883,1.7873592376708984,1156800,565,144600
0.0007461717468686402,0.9918127134442329,1.7797714471817017,1157600,565,144700
0.003372807055711746,0.964216522872448,1.7855204343795776,1158400,565,144800
0.001938982866704464,0.9727198984473944,1.779742956161499,1159200,565,144900
0.012893522158265114,0.30878520011901855,1.7884199619293213,1160000,565,145000
0.003388134064152837,0.9458341225981712,1.7782657146453857,1160800,565,145100
0.0005620393785648048,0.1420096755027771,1.789719581604004,1161600,565,145200
0.0020853751339018345,0.9897755831480026,1.778523325920105,1162400,565,145300
0.0006856356048956513,0.9962120512500405,1.7828807830810547,1163200,565,145400
0.0027358660008758307,0.963404219597578,1.788390874862671,1164000,565,145500
0.0013518171617761254,0.9801884163171053,1.7828388214111328,1164800,565,145600
0.0003451855154708028,0.9900688314810395,1.7863465547561646,1165600,565,145700
0.0006996139418333769,0.9832145683467388,1.7742271423339844,1166400,565,145800
0.0001550778397358954,0.9994740859838203,1.7761330604553223,1167200,565,145900
0.006642516236752272,0.95969507843256,1.7865183353424072,1168000,565,146000
0.0036348546855151653,0.9455623850226402,1.7892969846725464,1168800,565,146100
0.0008045848226174712,0.7523603737354279,1.790505051612854,1169600,565,146200
0.008865046314895153,0.9478279873728752,1.7837936878204346,1170400,565,146300
0.002028901129961014,0.9593506306409836,1.7816400527954102,1171200,565,146400
0.0015399856492877007,0.9534950330853462,1.7863962650299072,1172000,565,146500
0.006985925603657961,0.9613606184720993,1.7764347791671753,1172800,565,146600
0.00781993567943573,0.9578764140605927,1.7744029760360718,1173600,565,146700
0.0005631924141198397,0.9905785210430622,1.7775537967681885,1174400,565,146800
0.0032832834403961897,0.9079513549804688,1.7828540802001953,1175200,565,146900
0.011150406673550606,0.6223931908607483,1.790710210800171,1176000,565,147000
0.0003136103041470051,0.9989316179417074,1.7862648963928223,1176800,565,147100
0.0028846375644207,0.5801658630371094,1.7883741855621338,1177600,565,147200
0.0013999856309965253,0.9389040097594261,1.7879877090454102,1178400,565,147300
0.001795229152776301,0.5633814036846161,1.786135196685791,1179200,565,147400
0.0013908405089750886,0.972853658720851,1.7853503227233887,1180000,565,147500
0.0008972407085821033,0.9971538428217173,1.7683271169662476,1180800,565,147600
0.002426035236567259,0.18110591173171997,1.7871356010437012,1181600,565,147700
0.0010204729624092579,0.9641959555447102,1.7550814151763916,1182400,565,147800
0.00030388214509002864,0.9536328613758087,1.7771968841552734,1183200,565,147900
0.0008625407936051488,0.9950352939777076,1.7691643238067627,1184000,565,148000
0.0014575303066521883,0.972226832062006,1.7800624370574951,1184800,565,148100
0.023198045790195465,0.7163341045379639,1.783090353012085,1185600,565,148200
0.00292367790825665,0.9805560391396284,1.7758491039276123,1186400,565,148300
5.136340041644871e-05,0.9984751861775294,1.7815618515014648,1187200,565,148400
0.0019359884317964315,0.7888835668563843,1.783186912536621,1188000,565,148500
0.0014020875096321106,0.9890138870105147,1.7848787307739258,1188800,565,148600
0.0001428688265150413,0.94776925817132,1.7861227989196777,1189600,565,148700
0.0005416367202997208,0.9757480639964342,1.7860625982284546,1190400,565,148800
0.00018611807900015265,0.997782495804131,1.7767736911773682,1191200,565,148900
0.00031035009305924177,0.9959684577770531,1.7777907848358154,1192000,565,149000
0.0006439456483349204,0.9831298962235451,1.7797199487686157,1192800,565,149100
0.0012710164301097393,0.9878226472064853,1.7611013650894165,1193600,565,149200
0.0007327167550101876,0.97942197881639,1.7693138122558594,1194400,565,149300
0.0025267116725444794,0.9505035355687141,1.7794773578643799,1195200,565,149400
0.00044081395026296377,0.9883743869140744,1.7827805280685425,1196000,565,149500
0.0044046202674508095,0.9484066814184189,1.7768726348876953,1196800,565,149600
0.0008079442195594311,0.9840643480420113,1.7799310684204102,1197600,565,149700
0.0024545846972614527,0.8605347722768784,1.782248616218567,1198400,565,149800
0.0003017120179720223,0.996964875375852,1.7787117958068848,1199200,565,149900
0.002078658202663064,0.9910006122663617,1.7831814289093018,1200000,565,150000
0.0007247840985655785,0.99228899134323,1.7813637256622314,1200800,565,150100
0.0005053507629781961,0.990856371819973,1.78582763671875,1201600,565,150200
0.00017115302034653723,0.9984576010610908,1.7826313972473145,1202400,565,150300
0.01220892183482647,0.8427508771419525,1.764685869216919,1203200,565,150400
0.0004890860873274505,0.998532495344989,1.7786539793014526,1204000,565,150500
0.001023334451019764,0.997315120883286,1.7737159729003906,1204800,565,150600
0.0024185865186154842,0.8693709224462509,1.7736518383026123,1205600,565,150700
0.0006171588902361691,0.967001412063837,1.7808738946914673,1206400,565,150800
0.0003597364411689341,0.9939072350971401,1.7724649906158447,1207200,565,150900
0.0013111293083056808,0.9912535939365625,1.7846994400024414,1208000,565,151000
0.0014203020837157965,0.9525616280734539,1.7835721969604492,1208800,565,151100
0.0012295028427615762,0.964508380740881,1.7859246730804443,1209600,565,151200
0.008246996439993382,0.878298431634903,1.773332118988037,1210400,565,151300
0.00044800020987167954,0.9920393321663141,1.7849946022033691,1211200,565,151400
0.002374585485085845,0.9797542355954647,1.785526156425476,1212000,565,151500
0.021678365767002106,0.577929824590683,1.7862560749053955,1212800,565,151600
0.0004941246588714421,0.9980210170615464,1.7758398056030273,1213600,565,151700
0.00016617744404356927,0.997374203056097,1.7765023708343506,1214400,565,151800
0.0012403256259858608,0.964249100536108,1.785064458847046,1215200,565,151900
0.006073315627872944,0.8919577226042747,1.7826404571533203,1216000,565,152000
0.001763346022926271,0.9863648125901818,1.781470537185669,1216800,565,152100
0.0044329967349767685,0.9321379885077477,1.7788851261138916,1217600,565,152200
0.0009747067815624177,0.9954117368906736,1.78071928024292,1218400,565,152300
0.0002665709180291742,0.9983741085743532,1.7811843156814575,1219200,565,152400
0.0008538379333913326,0.9936659093946218,1.7800118923187256,1220000,565,152500
0.007382362615317106,0.9023774787783623,1.781266450881958,1220800,565,152600
0.006396722048521042,0.9770883750170469,1.782053828239441,1221600,565,152700
0.007090920116752386,0.743407666683197,1.7784111499786377,1222400,565,152800
0.00367839727550745,0.9334996193647385,1.7830700874328613,1223200,565,152900
0.008312231861054897,0.9746291786432266,1.781348705291748,1224000,565,153000
0.0007074158638715744,0.9712684471160173,1.7705785036087036,1224800,565,153100
0.00105585518758744,0.9690256025642157,1.7859678268432617,1225600,565,153200
0.0010383006883785129,0.9884788263589144,1.7857284545898438,1226400,565,153300
0.0010094596073031425,0.9924983731471002,1.7712935209274292,1227200,565,153400
0.0031587337143719196,0.837583065032959,1.7851566076278687,1228000,565,153500
0.0014473148621618748,0.9957568477839231,1.7806631326675415,1228800,565,153600
0.004115753807127476,0.9021532163023949,1.7809581756591797,1229600,565,153700
0.03077063523232937,0.76718969643116,1.766932487487793,1230400,565,153800
0.004381238482892513,0.9462934844195843,1.7759815454483032,1231200,565,153900
0.001281190081499517,0.9942030385136604,1.7791993618011475,1232000,565,154000
0.0012331061298027635,0.9714198168367147,1.784859299659729,1232800,565,154100
0.0008309946279041469,0.9889568742364645,1.7769899368286133,1233600,565,154200
0.003292124718427658,0.9860595567151904,1.7776925563812256,1234400,565,154300
0.006230132654309273,0.8625414818525314,1.774188756942749,1235200,565,154400
0.000958043267019093,0.9959369958378375,1.7774852514266968,1236000,565,154500
0.004706279840320349,0.9621420428156853,1.7781331539154053,1236800,565,154600
0.0058348290622234344,0.9778279978781939,1.7615575790405273,1237600,565,154700
0.0003486337373033166,0.9819582495838404,1.770900011062622,1238400,565,154800
0.012813061475753784,0.21821069717407227,1.7732415199279785,1239200,565,154900
0.0020998527761548758,0.9462761953473091,1.760810136795044,1240000,565,155000
0.0004359057638794184,0.9762025382369757,1.7724525928497314,1240800,565,155100
0.0025030411779880524,0.9590369313955307,1.7746260166168213,1241600,565,155200
0.0016365440096706152,0.9649691432714462,1.7756636142730713,1242400,565,155300
0.03994065523147583,0.4667620062828064,1.7791554927825928,1243200,565,155400
0.005009939894080162,0.9654562249779701,1.7751045227050781,1244000,565,155500
0.0015628640539944172,0.970693027600646,1.781466007232666,1244800,565,155600
0.001029878854751587,0.9571513868868351,1.777042269706726,1245600,565,155700
0.003149579279124737,0.9657053463160992,1.763237714767456,1246400,565,155800
0.0009172522113658488,0.9572633020579815,1.7771365642547607,1247200,565,155900
0.00088863680139184,0.9763505235314369,1.777885913848877,1248000,565,156000
0.0022596784401685,0.3983457088470459,1.7794930934906006,1248800,565,156100
0.001328774495050311,0.9229415208101273,1.7802629470825195,1249600,565,156200
0.0006113164126873016,0.9974230900406837,1.7690807580947876,1250400,565,156300
0.002059817546978593,0.9077205285429955,1.7745131254196167,1251200,565,156400
0.0038676918484270573,0.9554826989769936,1.7639716863632202,1252000,565,156500
0.0021989981178194284,0.9751915913075209,1.7657207250595093,1252800,565,156600
0.00045822025276720524,0.9907307168468833,1.7780640125274658,1253600,565,156700
0.000746656849514693,0.9935617386363447,1.7704071998596191,1254400,565,156800
0.011760776862502098,0.8024393320083618,1.7706515789031982,1255200,565,156900
0.001036904170177877,0.9864114411175251,1.7794420719146729,1256000,565,157000
0.004687861539423466,0.8282442986965179,1.7748135328292847,1256800,565,157100
0.0024045305326581,0.9284833297133446,1.7754693031311035,1257600,565,157200
0.003806926077231765,0.9433062337338924,1.7718803882598877,1258400,565,157300
0.0009625232196412981,0.9514876455068588,1.7846035957336426,1259200,565,157400
0.002854002406820655,0.9923174660652876,1.7826905250549316,1260000,565,157500
0.000973542220890522,0.9928759303875268,1.7766315937042236,1260800,565,157600
0.0031199888326227665,0.9757731854915619,1.7670717239379883,1261600,565,157700
0.0005956804379820824,0.9896311461925507,1.7742657661437988,1262400,565,157800
0.0041880221106112,0.9360387325286865,1.7833114862442017,1263200,565,157900
0.004103382583707571,0.8393747359514236,1.7628930807113647,1264000,565,158000
0.0001654345978749916,0.9993373928009532,1.7696950435638428,1264800,565,158100
0.000686112733092159,0.9960015509277582,1.782452940940857,1265600,565,158200
0.0019673528149724007,0.983229199424386,1.7620325088500977,1266400,565,158300
0.00024981467868201435,0.9896759102120996,1.7836861610412598,1267200,565,158400
0.0006182562792673707,0.9878009893000126,1.783524990081787,1268000,565,158500
0.0012800665572285652,0.9686466716229916,1.7844641208648682,1268800,565,158600
0.004227116238325834,0.9500828087329865,1.779557228088379,1269600,565,158700
0.0026419092901051044,0.9076976627111435,1.7833216190338135,1270400,565,158800
0.0021327738650143147,0.9219080582261086,1.7713347673416138,1271200,565,158900
0.001993101555854082,0.9890851881355047,1.775881052017212,1272000,565,159000
0.002203138545155525,0.9748824369162321,1.776936411857605,1272800,565,159100
0.0007205167203210294,0.9933028435334563,1.7763447761535645,1273600,565,159200
0.0017095503862947226,0.8817682564258575,1.7770413160324097,1274400,565,159300
0.0004548284341581166,0.9990480438573286,1.7609808444976807,1275200,565,159400
0.006354288663715124,0.8942170068621635,1.7787344455718994,1276000,565,159500
0.0007952613523229957,0.9273693263530731,1.779675006866455,1276800,565,159600
0.0013033400755375624,0.9767178595066071,1.7604992389678955,1277600,565,159700
0.005094854161143303,0.19009780883789062,1.7855563163757324,1278400,565,159800
0.0031173741444945335,0.9361954405903816,1.778935194015503,1279200,565,159900
0.0031943805515766144,0.7622833400964737,1.7771503925323486,1280000,565,160000
0.003509694943204522,0.9595533013343811,1.7630360126495361,1280800,565,160100
0.0024716639891266823,0.9609744921326637,1.7732057571411133,1281600,565,160200
0.00829131156206131,0.7866769134998322,1.7835710048675537,1282400,565,160300
0.021250678226351738,0.7099167108535767,1.7733254432678223,1283200,565,160400
0.005116231739521027,0.9612695388495922,1.7806401252746582,1284000,565,160500
0.0025750109925866127,0.9926322023384273,1.7856805324554443,1284800,565,160600
0.0017198408022522926,0.9459102861583233,1.7807378768920898,1285600,565,160700
0.0026375693269073963,0.829205185174942,1.783617377281189,1286400,565,160800
0.0038516323547810316,0.9282388240098953,1.7485857009887695,1287200,565,160900
0.0015779968816787004,0.9306963831186295,1.7790225744247437,1288000,565,161000
0.0015082963509485126,0.9853126909583807,1.757415533065796,1288800,565,161100
0.0016833475092425942,0.9406374022364616,1.7744399309158325,1289600,565,161200
0.0036210273392498493,-0.3716292381286621,1.7840393781661987,1290400,565,161300
0.002741511445492506,0.2909720540046692,1.7652897834777832,1291200,565,161400
0.0005096573731862009,0.9991554790176451,1.7735130786895752,1292000,565,161500
0.004810168407857418,0.8696638941764832,1.7794263362884521,1292800,565,161600
0.0005896289367228746,0.9848138466477394,1.781746506690979,1293600,565,161700
0.0160855483263731,0.8340026885271072,1.7862833738327026,1294400,565,161800
0.008479053154587746,0.9180663004517555,1.7559280395507812,1295200,565,161900
0.002173945540562272,0.974518071860075,1.756356954574585,1296000,565,162000
0.0013964578974992037,0.9842966515570879,1.7545764446258545,1296800,565,162100
0.005565802566707134,0.8979801535606384,1.7598254680633545,1297600,565,162200
0.0006099649472162127,0.9907236257568002,1.7564215660095215,1298400,565,162300
0.0015611108392477036,0.9935870813205838,1.7797132730484009,1299200,565,162400
0.0005316392052918673,0.9421009942889214,1.7845829725265503,1300000,565,162500
0.007366963196545839,0.9732931386679411,1.765852451324463,1300800,565,162600
0.0014208416687324643,0.984949910081923,1.7565590143203735,1301600,565,162700
0.009315953589975834,0.5600103437900543,1.7773131132125854,1302400,565,162800
0.0016400697641074657,0.962789312005043,1.7336170673370361,1303200,565,162900
0.0015088473446667194,0.9874548800289631,1.7678501605987549,1304000,565,163000
0.0009536927100270987,0.9908747598528862,1.7489941120147705,1304800,565,163100
0.0008520639385096729,0.8791612535715103,1.7658905982971191,1305600,565,163200
0.00033209932735189795,0.991739978082478,1.7603394985198975,1306400,565,163300
0.0015990908723324537,0.9889904782176018,1.785374641418457,1307200,565,163400
0.00023755784786771983,0.9832327347248793,1.7792057991027832,1308000,565,163500
0.007249148562550545,0.8945975750684738,1.7742899656295776,1308800,565,163600
0.010918288491666317,0.934732235968113,1.7522509098052979,1309600,565,163700
0.0008222191827371716,0.9962422335520387,1.7617257833480835,1310400,565,163800
0.002296714810654521,0.8495545983314514,1.7858073711395264,1311200,565,163900
0.0010640370892360806,0.9585512094199657,1.766190528869629,1312000,565,164000
0.00045717827742919326,0.9983157247770578,1.761196255683899,1312800,565,164100
0.0003714344056788832,0.9983071108581498,1.746354341506958,1313600,565,164200
0.0017710309475660324,0.9923465731553733,1.7767114639282227,1314400,565,164300
0.000754646142013371,0.9934720140881836,1.775783896446228,1315200,565,164400
0.00011522206477820873,0.9975448320619762,1.7254027128219604,1316000,565,164500
0.010866211727261543,0.6073925793170929,1.75315523147583,1316800,565,164600
0.0014621897134929895,0.9534461498260498,1.7881214618682861,1317600,565,164700
0.0006450450164265931,0.9748146589845419,1.7774568796157837,1318400,565,164800
0.002466623904183507,0.992610618006438,1.7746434211730957,1319200,565,164900
0.0036302623338997364,0.9444130249321461,1.7526805400848389,1320000,565,165000
0.005649399012327194,0.9267308339476585,1.7832841873168945,1320800,565,165100
0.0002236944856122136,0.9883777983486652,1.7638013362884521,1321600,565,165200
0.0038286393973976374,0.9584579169750214,1.7869572639465332,1322400,565,165300
0.0005534453084692359,0.9593865685164928,1.7856557369232178,1323200,565,165400
0.002231982769444585,0.9829809460788965,1.7450002431869507,1324000,565,165500
0.0009814100340008736,0.995989054441452,1.7540562152862549,1324800,565,165600
0.00804943311959505,0.7088603973388672,1.7718770503997803,1325600,565,165700
0.040999412536621094,0.12181437015533447,1.7550050020217896,1326400,565,165800
0.015181188471615314,0.7088435888290405,1.7760179042816162,1327200,565,165900
0.0006972952396608889,0.9894206933677197,1.7838802337646484,1328000,565,166000
0.0031338250264525414,0.9769964162260294,1.7735838890075684,1328800,565,166100
0.006267931312322617,0.886788435280323,1.7748464345932007,1329600,565,166200
0.00700010173022747,0.8758463114500046,1.7782223224639893,1330400,565,166300
0.017798855900764465,0.8258188962936401,1.7723740339279175,1331200,565,166400
0.0017741479678079486,0.9831389337778091,1.7740458250045776,1332000,565,166500
0.002138009062036872,0.9194313436746597,1.7844048738479614,1332800,565,166600
0.009870816953480244,0.761365532875061,1.7754416465759277,1333600,565,166700
0.01947464421391487,0.8915895447134972,1.7622482776641846,1334400,565,166800
0.0025696605443954468,0.984377546235919,1.7810282707214355,1335200,565,166900
0.001658915774896741,0.9480403773486614,1.755534291267395,1336000,565,167000
0.006461536046117544,0.5134490132331848,1.7871263027191162,1336800,565,167100
0.009579414501786232,0.5055739283561707,1.7828679084777832,1337600,565,167200
0.0018867665203288198,0.9081922918558121,1.7846860885620117,1338400,565,167300
0.0008766252431087196,0.9162384420633316,1.7651023864746094,1339200,565,167400
0.002693966031074524,0.9728757292032242,1.7794522047042847,1340000,565,167500
0.0028786363545805216,0.909053809940815,1.770573616027832,1340800,565,167600
0.002286029513925314,0.8633943647146225,1.7881325483322144,1341600,565,167700
0.000745315570384264,0.9501394741237164,1.7780053615570068,1342400,565,167800
0.0026392987929284573,0.9753843657672405,1.7843642234802246,1343200,565,167900
0.00543755991384387,0.920876145362854,1.757409691810608,1344000,565,168000
0.0008439351804554462,0.7158198058605194,1.775129795074463,1344800,565,168100
0.00043048866791650653,0.9940749271772802,1.7667067050933838,1345600,565,168200
0.000381821853807196,0.9934736131690443,1.7813612222671509,1346400,565,168300
0.0027746299747377634,0.8754321709275246,1.7864434719085693,1347200,565,168400
0.0013446476077660918,0.9828433096408844,1.785414218902588,1348000,565,168500
0.0019694312941282988,0.971786754205823,1.7724226713180542,1348800,565,168600
0.0015029229689389467,0.9722124394029379,1.7612793445587158,1349600,565,168700
0.00025801031733863056,0.9954160111956298,1.737785816192627,1350400,565,168800
0.0005231130635365844,0.9865090940147638,1.7797764539718628,1351200,565,168900
0.0018069378565996885,0.9404527097940445,1.7466521263122559,1352000,565,169000
0.005937461741268635,0.9190366417169571,1.7591606378555298,1352800,565,169100
0.0009347455343231559,0.9866789281368256,1.7765939235687256,1353600,565,169200
0.0024445056915283203,0.6537481546401978,1.7771239280700684,1354400,565,169300
0.009863104671239853,0.66463503241539,1.7835108041763306,1355200,565,169400
0.0005814562900923193,0.9901980236172676,1.7655550241470337,1356000,565,169500
0.0044222306460142136,0.9810353107750416,1.7432408332824707,1356800,565,169600
0.004638256970793009,0.9574046172201633,1.7582327127456665,1357600,565,169700
0.005100531037896872,0.9252533987164497,1.76410710811615,1358400,565,169800
0.0011059133103117347,0.9910911004990339,1.771837592124939,1359200,565,169900
0.007764561101794243,0.7794212996959686,1.7703876495361328,1360000,565,170000
0.0002215381828136742,0.9942248812876642,1.7736390829086304,1360800,565,170100
0.001668298151344061,0.9093184322118759,1.7396290302276611,1361600,565,170200
0.0008757052710279822,0.9509309865534306,1.7160797119140625,1362400,565,170300
0.0022051867563277483,0.959296029061079,1.7496535778045654,1363200,565,170400
0.0023964503780007362,0.9542632699012756,1.7268450260162354,1364000,565,170500
0.005149063654243946,0.7440842688083649,1.7483160495758057,1364800,565,170600
0.006039311643689871,0.9804937597364187,1.7447800636291504,1365600,565,170700
0.002074798569083214,0.17587190866470337,1.7748804092407227,1366400,565,170800
0.004596365615725517,0.8260714709758759,1.7335859537124634,1367200,565,170900
0.02920966036617756,0.3385809659957886,1.7627379894256592,1368000,565,171000
0.005720052868127823,0.9556879624724388,1.7601203918457031,1368800,565,171100
0.008467554114758968,0.8714950233697891,1.7504346370697021,1369600,565,171200
0.0027396308723837137,0.25767260789871216,1.7813163995742798,1370400,565,171300
0.004579368978738785,0.6244543194770813,1.7526812553405762,1371200,565,171400
0.007301147095859051,0.7962044477462769,1.7432236671447754,1372000,565,171500
0.0003184318193234503,0.9982260782271624,1.7315903902053833,1372800,565,171600
0.0008456181967630982,0.990286654792726,1.7425215244293213,1373600,565,171700
0.03089272230863571,0.07375985383987427,1.7776434421539307,1374400,565,171800
0.0008228631922975183,0.981012923642993,1.766379475593567,1375200,565,171900
0.002536192536354065,0.9653724953532219,1.7355144023895264,1376000,565,172000
0.00662777666002512,-81.56474304199219,1.7559868097305298,1376800,565,172100
0.0007823064224794507,0.9365875273942947,1.7626124620437622,1377600,565,172200
0.003801428247243166,0.9806621242314577,1.769173264503479,1378400,565,172300
0.0034859441220760345,0.9693045075982809,1.698232889175415,1379200,565,172400
0.004958486650139093,0.9895334364846349,1.7544562816619873,1380000,565,172500
0.007275075186043978,0.9266970306634903,1.7360602617263794,1380800,565,172600
0.0016486579552292824,0.977091396227479,1.7287877798080444,1381600,565,172700
0.007141202688217163,0.7168464660644531,1.7756876945495605,1382400,565,172800
0.009015999734401703,0.9603323936462402,1.7383562326431274,1383200,565,172900
0.0007371132960543036,0.9853528682142496,1.7422051429748535,1384000,565,173000
0.006598725449293852,0.9234448149800301,1.7302247285842896,1384800,565,173100
0.014072222635149956,0.8480821549892426,1.7488679885864258,1385600,565,173200
0.002901892876252532,0.9238258525729179,1.7683680057525635,1386400,565,173300
0.002236176049336791,0.9791118130087852,1.7654929161071777,1387200,565,173400
0.004584426060318947,0.9460267834365368,1.751344919204712,1388000,565,173500
0.0019576812628656626,0.9598613046109676,1.7597970962524414,1388800,565,173600
0.002619160572066903,0.98046232201159,1.7354998588562012,1389600,565,173700
0.0042976681143045425,0.9764191079884768,1.7385823726654053,1390400,565,173800
0.0006199048366397619,0.9968194605316967,1.724252462387085,1391200,565,173900
0.0050158509984612465,0.966284666210413,1.7315220832824707,1392000,565,174000
0.0006876868428662419,0.987240799702704,1.7161355018615723,1392800,565,174100
0.0011049341410398483,0.9660356491804123,1.750002384185791,1393600,565,174200
0.0007260738639160991,0.9625652246177197,1.7480034828186035,1394400,565,174300
0.0015963015612214804,0.9498585425317287,1.770613431930542,1395200,565,174400
0.0018829877953976393,0.9587477184832096,1.7743184566497803,1396000,565,174500
0.0023554626386612654,0.9841128867119551,1.744485855102539,1396800,565,174600
0.0006209678831510246,0.9935889733023942,1.762575387954712,1397600,565,174700
0.002029973082244396,0.9764135405421257,1.7222185134887695,1398400,565,174800
0.007048701401799917,0.8715169429779053,1.7359298467636108,1399200,565,174900
0.004814098123461008,0.9351673275232315,1.7623953819274902,1400000,565,175000
0.00031938368920236826,0.9981832881458104,1.7831313610076904,1400800,565,175100
0.02646559476852417,0.643591582775116,1.7743635177612305,1401600,565,175200
0.003826694330200553,0.531397134065628,1.7690002918243408,1402400,565,175300
0.00041506183333694935,0.9823877494782209,1.7752225399017334,1403200,565,175400
0.004803516436368227,0.9825460687279701,1.7574174404144287,1404000,565,175500
0.010571078397333622,0.9592467956244946,1.7795474529266357,1404800,565,175600
0.0009833681397140026,0.9927418823353946,1.7682390213012695,1405600,565,175700
0.004893776029348373,0.8363460004329681,1.7514311075210571,1406400,565,175800
0.004883244633674622,0.9580313377082348,1.7212544679641724,1407200,565,175900
0.0008603346068412066,0.911481648683548,1.7863714694976807,1408000,565,176000
0.010174098424613476,0.9429474733769894,1.6988403797149658,1408800,565,176100
0.0013983604731038213,0.9259708747267723,1.7564468383789062,1409600,565,176200
0.0037706252187490463,0.9698925539851189,1.7641925811767578,1410400,565,176300
0.0019662489648908377,0.9726596605032682,1.7561029195785522,1411200,565,176400
0.0012928844662383199,0.98803551774472,1.7811617851257324,1412000,565,176500
0.002692008623853326,0.9420890212059021,1.775700569152832,1412800,565,176600
0.0020125291775912046,-6.403347015380859,1.7834727764129639,1413600,565,176700
0.00020133121870458126,0.9865812622010708,1.7506132125854492,1414400,565,176800
0.00588559452444315,0.9919875077903271,1.7159241437911987,1415200,565,176900
0.004370152950286865,0.9613120853900909,1.7473335266113281,1416000,565,177000
0.001409867312759161,0.9946962795220315,1.7375843524932861,1416800,565,177100
0.0026928866282105446,0.9502182863652706,1.7565608024597168,1417600,565,177200
0.0029906181152909994,0.9568464308977127,1.6809731721878052,1418400,565,177300
0.0057866754941642284,0.8546627461910248,1.6957920789718628,1419200,565,177400
0.0027485948521643877,0.9611536450684071,1.7274900674819946,1420000,565,177500
0.0019880651962012053,0.9911705292761326,1.7019286155700684,1420800,565,177600
0.0012903274036943913,0.9727672897279263,1.7137360572814941,1421600,565,177700
0.002475983928889036,0.6189190447330475,1.7742419242858887,1422400,565,177800
0.005098511930555105,0.6679511070251465,1.669263243675232,1423200,565,177900
0.0015766574069857597,0.9782477337867022,1.758150577545166,1424000,565,178000
0.0006522090989165008,0.9712112043052912,1.7765755653381348,1424800,565,178100
0.0010787085629999638,0.9811001718044281,1.7345361709594727,1425600,565,178200
0.007957649417221546,0.9544651210308075,1.7334285974502563,1426400,565,178300
0.005987773183733225,-0.34230995178222656,1.6846530437469482,1427200,565,178400
0.000447188678663224,0.9835310243070126,1.7485383749008179,1428000,565,178500
0.0013286167522892356,0.9510072022676468,1.6690878868103027,1428800,565,178600
0.021220160648226738,0.6777553856372833,1.627621054649353,1429600,565,178700
0.004267218988388777,0.9168742373585701,1.7290832996368408,1430400,565,178800
0.0008000972447916865,0.8999286666512489,1.7763885259628296,1431200,565,178900
0.06872265040874481,-2.9487550258636475,1.6795903444290161,1432000,565,179000
0.003345642238855362,0.6815111339092255,1.7665064334869385,1432800,565,179100
0.001498440746217966,0.9619800411164761,1.7290596961975098,1433600,565,179200
0.0012451382353901863,0.927099235355854,1.7290490865707397,1434400,565,179300
0.0019387926440685987,0.8091943562030792,1.765030026435852,1435200,565,179400
0.00092471664538607,0.9263204038143158,1.7747572660446167,1436000,565,179500
0.0007227643509395421,0.9497246257960796,1.7393317222595215,1436800,565,179600
0.004207845777273178,0.9596147574484348,1.7374093532562256,1437600,565,179700
0.0007482966175302863,0.9843636993318796,1.7226542234420776,1438400,565,179800
0.0022859505843371153,-1.3894844055175781,1.780595064163208,1439200,565,179900
0.028065351769328117,0.7982740551233292,1.7330348491668701,1440000,565,180000
0.08118066936731339,0.5334340631961823,1.760406255722046,1440800,565,180100
0.0018639033660292625,0.969051506370306,1.7626760005950928,1441600,565,180200
0.006769904866814613,-1.1614303588867188,1.773103952407837,1442400,565,180300
0.0031446991488337517,0.920393779873848,1.7474372386932373,1443200,565,180400
0.008668636903166771,0.8729294836521149,1.651416301727295,1444000,565,180500
0.009039085358381271,0.9483797550201416,1.6340742111206055,1444800,565,180600
0.0014563709264621139,0.9872477576136589,1.7263884544372559,1445600,565,180700
0.008085557259619236,0.8860232979059219,1.7415683269500732,1446400,565,180800
0.0028161192312836647,0.8935287073254585,1.71311616897583,1447200,565,180900
0.005514687392860651,0.877506285905838,1.7363972663879395,1448000,565,181000
0.007940513081848621,0.9289223477244377,1.749701976776123,1448800,565,181100
0.0033558811992406845,0.7887203693389893,1.778567910194397,1449600,565,181200
0.0006783227436244488,0.9165605381131172,1.7625972032546997,1450400,565,181300
0.0008943859720602632,0.9818241111934185,1.7599430084228516,1451200,565,181400
0.0050306799821555614,0.7851286828517914,1.780008316040039,1452000,565,181500
0.003041332121938467,0.9451113119721413,1.7256945371627808,1452800,565,181600
0.0008396146586164832,0.9940296467393637,1.7157480716705322,1453600,565,181700
0.0015732625033706427,0.9952721088193357,1.77098548412323,1454400,565,181800
0.0034759563859552145,0.9312275946140289,1.751495599746704,1455200,565,181900
0.0035687906201928854,0.9019769355654716,1.6984035968780518,1456000,565,182000
0.006138102151453495,0.9175277799367905,1.7187269926071167,1456800,565,182100
0.0007837932789698243,0.9863311387598515,1.6931698322296143,1457600,565,182200
0.0015056685078889132,0.9937794194556773,1.7292534112930298,1458400,565,182300
0.0055677322670817375,0.9801332838833332,1.7409396171569824,1459200,565,182400
0.0031018268782645464,0.9546325877308846,1.6811561584472656,1460000,565,182500
0.0006329115713015199,0.8424051105976105,1.7316067218780518,1460800,565,182600
0.007839919999241829,0.8761324733495712,1.6858763694763184,1461600,565,182700
0.008049307391047478,0.9343211203813553,1.6320195198059082,1462400,565,182800
0.0029395264573395252,0.9714291729032993,1.7600972652435303,1463200,565,182900
0.00041268006316386163,0.9882063400000334,1.6643157005310059,1464000,565,183000
0.0012556514702737331,0.976695517078042,1.6808903217315674,1464800,565,183100
0.0005755482125096023,0.8792115673422813,1.7361122369766235,1465600,565,183200
0.0006056212005205452,0.9930744925513864,1.7701388597488403,1466400,565,183300
0.0014497574884444475,0.9277472570538521,1.7423834800720215,1467200,565,183400
0.003851961810141802,0.9507392644882202,1.712572455406189,1468000,565,183500
0.00134700583294034,0.9714715201407671,1.7094981670379639,1468800,565,183600
0.01926160231232643,0.9077813178300858,1.640836238861084,1469600,565,183700
0.011839644983410835,0.850419357419014,1.6662988662719727,1470400,565,183800
0.0017185132019221783,0.9940170296467841,1.7493491172790527,1471200,565,183900
0.007087404374033213,0.6303129494190216,1.6528587341308594,1472000,565,184000
0.014457836747169495,0.7694816887378693,1.7525835037231445,1472800,565,184100
0.008333317004144192,0.9627816341817379,1.6989777088165283,1473600,565,184200
0.003141172928735614,-0.2629086971282959,1.698158860206604,1474400,565,184300
0.01593535766005516,-0.8577295541763306,1.7111308574676514,1475200,565,184400
0.002772045787423849,0.9076303243637085,1.5818660259246826,1476000,565,184500
0.0012974373530596495,0.979757085442543,1.6543605327606201,1476800,565,184600
0.0014288335805758834,0.9835156556218863,1.6820006370544434,1477600,565,184700
0.00561355147510767,0.968171164393425,1.6668272018432617,1478400,565,184800
0.00193639169447124,0.8180353492498398,1.7249553203582764,1479200,565,184900
0.011280982755124569,0.8372766077518463,1.7081714868545532,1480000,565,185000
0.005323775112628937,0.8362241983413696,1.671491265296936,1480800,565,185100
0.010632500052452087,0.7784760743379593,1.7572509050369263,1481600,565,185200
0.01215407159179449,0.6378706693649292,1.722764253616333,1482400,565,185300
0.0018785077845677733,0.9732489567250013,1.6312627792358398,1483200,565,185400
0.03498251736164093,0.396515429019928,1.7500838041305542,1484000,565,185500
0.00619698129594326,0.8982969000935555,1.7111849784851074,1484800,565,185600
0.0005950985942035913,0.9941464425064623,1.713975191116333,1485600,565,185700
0.01973797008395195,-0.2523304224014282,1.6036144495010376,1486400,565,185800
0.018673492595553398,0.8872038945555687,1.7222929000854492,1487200,565,185900
0.008132822811603546,0.8136743456125259,1.590224027633667,1488000,565,186000
0.0022638398222625256,0.9209393411874771,1.7117173671722412,1488800,565,186100
0.027549713850021362,0.6247304081916809,1.7619659900665283,1489600,565,186200
0.001277182949706912,0.9575001746416092,1.703660488128662,1490400,565,186300
0.020181257277727127,0.9228050038218498,1.6368354558944702,1491200,565,186400
0.00036187085788697004,0.9948870809748769,1.7762818336486816,1492000,565,186500
0.009973756037652493,0.10199284553527832,1.7590094804763794,1492800,565,186600
0.0009724171832203865,0.977618932723999,1.7627177238464355,1493600,565,186700
0.007023337297141552,0.9044986367225647,1.5992931127548218,1494400,565,186800
0.0014055859064683318,0.5566107034683228,1.762671947479248,1495200,565,186900
0.0011564174201339483,0.8727276921272278,1.7666304111480713,1496000,565,187000
0.0011940265540033579,0.8822497576475143,1.7493479251861572,1496800,565,187100
0.0009965577628463507,0.986718500033021,1.7608542442321777,1497600,565,187200
0.001549392007291317,0.9884742237627506,1.7269045114517212,1498400,565,187300
0.019656192511320114,0.7931543737649918,1.6221108436584473,1499200,565,187400
0.007983512245118618,0.40026724338531494,1.5898284912109375,1500000,565,187500
0.001584765617735684,0.9928672313690186,1.7701678276062012,1500800,565,187600
0.0030424795113503933,-0.2833399772644043,1.7302188873291016,1501600,565,187700
0.003407054115086794,0.9801632408052683,1.65664541721344,1502400,565,187800
0.015957370400428772,0.8163726776838303,1.6264054775238037,1503200,565,187900
0.023129019886255264,-1.905120611190796,1.7533924579620361,1504000,565,188000
0.0046752141788601875,0.9680944532155991,1.603285551071167,1504800,565,188100
0.030933188274502754,0.5285144448280334,1.7270317077636719,1505600,565,188200
0.009072575718164444,0.9242312386631966,1.7064716815948486,1506400,565,188300
0.0031214754562824965,0.9311267212033272,1.6690635681152344,1507200,565,188400
0.0068021612241864204,0.8943932056427002,1.7055790424346924,1508000,565,188500
0.001270436099730432,0.9621249139308929,1.6677892208099365,1508800,565,188600
0.008889474906027317,0.4124288558959961,1.6960177421569824,1509600,565,188700
0.0014724693028256297,0.9846367938444018,1.6641535758972168,1510400,565,188800
0.0017463074764236808,0.9459764137864113,1.7185704708099365,1511200,565,188900
0.00028895740979351103,0.9734000097960234,1.7217652797698975,1512000,565,189000
0.0017938768723979592,0.9474141113460064,1.7621190547943115,1512800,565,189100
0.007005884312093258,0.807788297533989,1.6233787536621094,1513600,565,189200
0.003428640076890588,0.8513831198215485,1.7654995918273926,1514400,565,189300
0.006234300322830677,-1.9532651901245117,1.7258868217468262,1515200,565,189400
0.005270881578326225,-0.5972609519958496,1.675999402999878,1516000,565,189500
0.007310966961085796,0.05959039926528931,1.747800350189209,1516800,565,189600
0.018923528492450714,0.947958916425705,1.6023072004318237,1517600,565,189700
0.0026065236888825893,0.8304819315671921,1.757185697555542,1518400,565,189800
0.0012735207565128803,0.9806422740221024,1.6879050731658936,1519200,565,189900
0.00192230474203825,0.9687983263283968,1.663661003112793,1520000,565,190000
0.0013597822980955243,0.9537036865949631,1.7491086721420288,1520800,565,190100
0.004786732140928507,0.784210667014122,1.7630733251571655,1521600,565,190200
0.004894742742180824,0.7565208971500397,1.6831490993499756,1522400,565,190300
0.003994428552687168,0.9312181919813156,1.7708580493927002,1523200,565,190400
0.001450790325179696,0.9289775565266609,1.7427804470062256,1524000,565,190500
0.007705275900661945,0.8175750523805618,1.7564823627471924,1524800,565,190600
0.001826040563173592,0.9825847763568163,1.7532258033752441,1525600,565,190700
0.058003537356853485,0.6743392944335938,1.6957252025604248,1526400,565,190800
0.0024279733188450336,0.9859555875882506,1.7135353088378906,1527200,565,190900
0.004341448191553354,0.225222647190094,1.6928431987762451,1528000,565,191000
0.00440534483641386,0.9834085181355476,1.6365065574645996,1528800,565,191100
0.004299141466617584,0.9365867301821709,1.777639627456665,1529600,565,191200
0.008925222791731358,0.710884302854538,1.7470673322677612,1530400,565,191300
0.0019958389457315207,0.5066838264465332,1.7588529586791992,1531200,565,191400
0.002304345602169633,0.4527771472930908,1.755739450454712,1532000,565,191500
0.013834255747497082,0.948180053383112,1.7451770305633545,1532800,565,191600
0.004883953370153904,0.9188322052359581,1.7567088603973389,1533600,565,191700
0.0028251761104911566,0.8935381770133972,1.774801254272461,1534400,565,191800
0.0028797881677746773,0.822385773062706,1.7763514518737793,1535200,565,191900
0.0023017418570816517,0.9852113118395209,1.7532689571380615,1536000,565,192000
0.0025169425643980503,0.9648011289536953,1.777838945388794,1536800,565,192100
0.010604915209114552,0.7192941308021545,1.7416433095932007,1537600,565,192200
0.0017699337331578135,0.9245787933468819,1.7537951469421387,1538400,565,192300
0.005117717664688826,0.2682916522026062,1.760108470916748,1539200,565,192400
0.009274708107113838,0.9225146695971489,1.6797374486923218,1540000,565,192500
0.0038971323519945145,0.9634694941341877,1.6475422382354736,1540800,565,192600
0.0013010018737986684,0.9169686362147331,1.7614892721176147,1541600,565,192700
0.0019634123891592026,0.9858353026211262,1.7073514461517334,1542400,565,192800
0.006452187430113554,-0.9906688928604126,1.7657396793365479,1543200,565,192900
0.004921024199575186,0.8018935173749924,1.7751322984695435,1544000,565,193000
0.0026348712854087353,0.9673259668052197,1.7383143901824951,1544800,565,193100
0.004091846756637096,0.8836322277784348,1.750868558883667,1545600,565,193200
0.0038550610188394785,0.6983700096607208,1.6852927207946777,1546400,565,193300
0.005688580684363842,0.8126989901065826,1.7036991119384766,1547200,565,193400
0.0038463808596134186,0.06500732898712158,1.7532261610031128,1548000,565,193500
0.001313011278398335,0.9755739793181419,1.7344722747802734,1548800,565,193600
0.0024399971589446068,0.9765493758022785,1.746946930885315,1549600,565,193700
0.00422494113445282,0.9313525706529617,1.7414770126342773,1550400,565,193800
0.0018752319738268852,0.9779742863029242,1.7620270252227783,1551200,565,193900
0.0011260842438787222,0.9824578911066055,1.696075201034546,1552000,565,194000
0.00281033874489367,0.679928719997406,1.7718919515609741,1552800,565,194100
0.0020357498433440924,0.9221144765615463,1.7159245014190674,1553600,565,194200
0.0008106448221951723,0.9835772570222616,1.7557814121246338,1554400,565,194300
0.0019027877133339643,0.9688059035688639,1.7010242938995361,1555200,565,194400
0.008758606389164925,0.9088399782776833,1.7078514099121094,1556000,565,194500
0.0018535974668338895,0.9780584275722504,1.7526251077651978,1556800,565,194600
0.008082343265414238,0.8710649013519287,1.739840030670166,1557600,565,194700
0.0028377906419336796,0.9514643400907516,1.695561408996582,1558400,565,194800
0.0027902680449187756,0.9871295690536499,1.7641637325286865,1559200,565,194900
0.0015933879185467958,0.6894579231739044,1.7295105457305908,1560000,565,195000
0.0032617554534226656,0.9593693353235722,1.7335700988769531,1560800,565,195100
0.002813912695273757,0.9529244937002659,1.7000889778137207,1561600,565,195200
0.001181670231744647,0.8373547792434692,1.7285720109939575,1562400,565,195300
0.0055269841104745865,0.9607757441699505,1.7252856492996216,1563200,565,195400
0.02959059737622738,0.763398066163063,1.6804230213165283,1564000,565,195500
0.00359183712862432,0.9384981989860535,1.7771997451782227,1564800,565,195600
0.008835354819893837,0.8780146241188049,1.7370548248291016,1565600,565,195700
0.002846631221473217,0.9894397277384996,1.6588417291641235,1566400,565,195800
0.00025405059568583965,0.9974377891048789,1.6881823539733887,1567200,565,195900
0.007159498520195484,0.923306368291378,1.7670767307281494,1568000,565,196000
0.003887432161718607,0.9507244676351547,1.6629643440246582,1568800,565,196100
0.002417417010292411,0.9673664271831512,1.6814879179000854,1569600,565,196200
0.001598399830982089,0.9898853376507759,1.7736127376556396,1570400,565,196300
0.0009730691090226173,0.9828380905091763,1.5762319564819336,1571200,565,196400
0.0007209417526610196,0.9643595591187477,1.695403814315796,1572000,565,196500
0.004176622722297907,0.933165043592453,1.7523698806762695,1572800,565,196600
0.0013945605605840683,0.9870909508317709,1.7406713962554932,1573600,565,196700
0.012023751623928547,0.8275967836380005,1.7566320896148682,1574400,565,196800
0.023161381483078003,0.322040319442749,1.7763030529022217,1575200,565,196900
0.0026471279561519623,0.9670821130275726,1.6027920246124268,1576000,565,197000
0.00925565417855978,0.6880843043327332,1.7674365043640137,1576800,565,197100
0.0038660995196551085,0.9447513595223427,1.681071400642395,1577600,565,197200
0.0014040966052561998,0.8659847229719162,1.7812237739562988,1578400,565,197300
0.0004611803451552987,0.9882823890075088,1.7690834999084473,1579200,565,197400
0.020046671852469444,0.4759604334831238,1.718382477760315,1580000,565,197500
0.0019694026559591293,0.8322183638811111,1.7778940200805664,1580800,565,197600
0.0031602990347892046,0.8104135543107986,1.746776819229126,1581600,565,197700
0.0032769814133644104,0.9759071320295334,1.4669432640075684,1582400,565,197800
0.00019823835464194417,0.9862274182960391,1.7712775468826294,1583200,565,197900
0.006842444650828838,0.9540883675217628,1.7607674598693848,1584000,565,198000
0.0028704770375043154,0.9701404478400946,1.688192367553711,1584800,565,198100
0.0008608412463217974,0.8634313493967056,1.635563850402832,1585600,565,198200
0.004101510625332594,0.9486461691558361,1.469373106956482,1586400,565,198300
0.006541047710925341,0.8629592806100845,1.724597692489624,1587200,565,198400
0.004817311652004719,0.974759329110384,1.7223255634307861,1588000,565,198500
0.0011318051256239414,0.9902119114995003,1.7637174129486084,1588800,565,198600
0.0011610559886321425,0.990474053658545,1.7590675354003906,1589600,565,198700
0.002031608484685421,0.742001086473465,1.6799867153167725,1590400,565,198800
0.002155708149075508,0.9531968608498573,1.6682279109954834,1591200,565,198900
0.00271037919446826,0.9347074180841446,1.6592168807983398,1592000,565,199000
0.016086187213659286,0.5313326120376587,1.771746277809143,1592800,565,199100
0.004037320613861084,0.9222864732146263,1.7381181716918945,1593600,565,199200
0.002773839980363846,0.9766427408903837,1.5842702388763428,1594400,565,199300
0.019965870305895805,0.6446745991706848,1.6786425113677979,1595200,565,199400
0.08677376806735992,0.8558989614248276,1.6190037727355957,1596000,565,199500
0.01266390923410654,0.5495130121707916,1.7196991443634033,1596800,565,199600
0.0004326581838540733,0.9640724845230579,1.752523422241211,1597600,565,199700
0.0020624585449695587,0.925365038216114,1.787084937095642,1598400,565,199800
0.002142128301784396,0.8835065886378288,1.7538268566131592,1599200,565,199900
0.014355848543345928,0.8347191661596298,1.7766923904418945,1600000,565,200000
0.0022124932147562504,0.739500492811203,1.771937370300293,1600800,565,200100
0.0021302090026438236,0.7852307707071304,1.747090220451355,1601600,565,200200
0.0009570821421220899,0.9442636519670486,1.7696683406829834,1602400,565,200300
0.005156294442713261,0.8329833298921585,1.769479513168335,1603200,565,200400
0.00992925651371479,0.8368594646453857,1.743013858795166,1604000,565,200500
0.0021289335563778877,0.9479861631989479,1.7445933818817139,1604800,565,200600
0.0017133483197540045,0.9932762118987739,1.643070101737976,1605600,565,200700
0.00554289948195219,0.9821282625198364,1.774161458015442,1606400,565,200800
0.0003225865075364709,0.9697658270597458,1.7793762683868408,1607200,565,200900
0.014999090693891048,0.6741538643836975,1.6616933345794678,1608000,565,201000
0.0019262940622866154,0.4764862656593323,1.7436482906341553,1608800,565,201100
0.0015247390838339925,0.9210775047540665,1.6975804567337036,1609600,565,201200
0.001834134105592966,0.972678842023015,1.7516429424285889,1610400,565,201300
0.0015036922413855791,0.8412145972251892,1.564082384109497,1611200,565,201400
0.0019212146289646626,0.7601877301931381,1.7765207290649414,1612000,565,201500
0.0015897245611995459,0.9536232128739357,1.7038257122039795,1612800,565,201600
0.0020357591565698385,0.9361012950539589,1.778437852859497,1613600,565,201700
0.005247190129011869,0.965544231235981,1.7559407949447632,1614400,565,201800
0.0021655538585036993,0.9627147167921066,1.7177422046661377,1615200,565,201900
0.018537677824497223,0.7199953496456146,1.7129251956939697,1616000,565,202000
0.0012173466384410858,0.9250615015625954,1.7772843837738037,1616800,565,202100
0.010204208083450794,-6.2869768142700195,1.6433974504470825,1617600,565,202200
0.004821175709366798,0.9838512446731329,1.7017381191253662,1618400,565,202300
0.0008221830357797444,0.6490989923477173,1.7804269790649414,1619200,565,202400
0.0026399465277791023,0.9671965278685093,1.7172129154205322,1620000,565,202500
0.0024300492368638515,0.9231298565864563,1.7602285146713257,1620800,565,202600
0.002404217841103673,0.9266092032194138,1.7592300176620483,1621600,565,202700
0.005987484939396381,0.7205144762992859,1.6131665706634521,1622400,565,202800
0.0072583286091685295,0.6998150646686554,1.6596351861953735,1623200,565,202900
0.012268668040633202,0.5069824755191803,1.765881061553955,1624000,565,203000
0.004012436140328646,0.43669116497039795,1.7715413570404053,1624800,565,203100
0.0009896792471408844,0.9748845677822828,1.6000187397003174,1625600,565,203200
0.002440909156575799,0.971825648099184,1.7707343101501465,1626400,565,203300
0.000847425137180835,0.9719143882393837,1.7473458051681519,1627200,565,203400
0.002351281698793173,0.9263228178024292,1.7661309242248535,1628000,565,203500
0.0015654051676392555,0.9923907513730228,1.6250988245010376,1628800,565,203600
0.0016444404609501362,0.9536844789981842,1.731062650680542,1629600,565,203700
0.0023742688354104757,0.856683149933815,1.7598614692687988,1630400,565,203800
0.0016013262793421745,0.9761192575097084,1.6912071704864502,1631200,565,203900
0.027413342148065567,0.6015951037406921,1.6674727201461792,1632000,565,204000
0.0026232379022985697,0.9358542487025261,1.6796026229858398,1632800,565,204100
0.005059945862740278,0.9120484963059425,1.7738370895385742,1633600,565,204200
0.002978821285068989,0.9520659856498241,1.5691518783569336,1634400,565,204300
0.006585653871297836,0.9082888811826706,1.7318751811981201,1635200,565,204400
0.007505420595407486,0.8424913883209229,1.6765254735946655,1636000,565,204500
0.006842838600277901,0.9294219836592674,1.6820024251937866,1636800,565,204600
0.014286220073699951,0.8118009716272354,1.6130553483963013,1637600,565,204700
0.0014398547355085611,0.898689016699791,1.7758440971374512,1638400,565,204800
0.010132593102753162,0.8532124906778336,1.7649015188217163,1639200,565,204900
0.05723967030644417,0.5037365853786469,1.754806399345398,1640000,565,205000
0.013950321823358536,-5.776424884796143,1.682936668395996,1640800,565,205100
0.010157937183976173,0.9541389867663383,1.7554287910461426,1641600,565,205200
0.0084442850202322,0.8985821083188057,1.5158259868621826,1642400,565,205300
0.009523844346404076,0.9242122694849968,1.6607260704040527,1643200,565,205400
0.002546526724472642,0.8580692112445831,1.744469404220581,1644000,565,205500
0.02306508831679821,0.8563081473112106,1.601937174797058,1644800,565,205600
0.001414358732290566,0.9711120743304491,1.6188955307006836,1645600,565,205700
0.011367237195372581,0.7670720964670181,1.7380797863006592,1646400,565,205800
0.0013499008491635323,0.9946288079954684,1.5812760591506958,1647200,565,205900
0.001917127170599997,0.943464420735836,1.7218180894851685,1648000,565,206000
0.006354299373924732,0.8891960084438324,1.6628377437591553,1648800,565,206100
0.0022387879434973,0.5036433637142181,1.7386083602905273,1649600,565,206200
0.008771345019340515,0.9028815403580666,1.6753339767456055,1650400,565,206300
0.007142202463001013,0.7382440865039825,1.7810378074645996,1651200,565,206400
0.013209042139351368,0.8585676848888397,1.4957561492919922,1652000,565,206500
0.0028448603115975857,0.9099433273077011,1.7329421043395996,1652800,565,206600
0.006034137215465307,0.9386798366904259,1.774656891822815,1653600,565,206700
0.012700259685516357,0.8610908836126328,1.743330955505371,1654400,565,206800
0.004603490233421326,0.918776273727417,1.6933341026306152,1655200,565,206900
0.015327995643019676,-0.39691948890686035,1.5389378070831299,1656000,565,207000
0.006121284328401089,0.9372958019375801,1.6505746841430664,1656800,565,207100
0.005733024328947067,0.9471898786723614,1.692622184753418,1657600,565,207200
0.003782590152695775,0.8151464611291885,1.7575809955596924,1658400,565,207300
0.00485116196796298,0.9543055109679699,1.7014433145523071,1659200,565,207400
0.00623038224875927,-2.056360960006714,1.6596089601516724,1660000,565,207500
0.012798108160495758,0.8977676331996918,1.7431285381317139,1660800,565,207600
0.012754484079778194,0.8562865257263184,1.76810884475708,1661600,565,207700
0.002840331057086587,0.6727361083030701,1.7836952209472656,1662400,565,207800
0.0015481873415410519,0.955722238868475,1.7815277576446533,1663200,565,207900
0.0027091074734926224,0.9702977389097214,1.7695820331573486,1664000,565,208000
0.0011970939813181758,0.993558760266751,1.7727516889572144,1664800,565,208100
0.004492452368140221,0.8024236261844635,1.770254373550415,1665600,565,208200
0.0004912271397188306,0.8972061797976494,1.7187738418579102,1666400,565,208300
0.026272187009453773,0.7873190641403198,1.419511318206787,1667200,565,208400
0.00580053823068738,0.7730957716703415,1.7649109363555908,1668000,565,208500
0.0005791464354842901,0.994523789267987,1.573580265045166,1668800,565,208600
0.004879804793745279,0.9060119912028313,1.712429165840149,1669600,565,208700
0.004600190557539463,0.9232049882411957,1.7061359882354736,1670400,565,208800
0.00541699817404151,0.8170958459377289,1.7761675119400024,1671200,565,208900
0.00645309966057539,0.900607168674469,1.667840838432312,1672000,565,209000
0.003623783588409424,-0.7263244390487671,1.3400753736495972,1672800,565,209100
0.026838568970561028,0.5388422310352325,1.6532812118530273,1673600,565,209200
0.009623433463275433,0.8638621270656586,1.7655876874923706,1674400,565,209300
0.030637387186288834,-0.4825890064239502,1.677240014076233,1675200,565,209400
0.0046519688330590725,0.8773271963000298,1.7121608257293701,1676000,565,209500
0.012662390246987343,0.891132727265358,1.526275634765625,1676800,565,209600
0.0032309042289853096,0.9037551879882812,1.7553339004516602,1677600,565,209700
0.00048321206122636795,0.9766754303127527,1.7831075191497803,1678400,565,209800
0.0017371071735396981,0.9478641450405121,1.7680710554122925,1679200,565,209900
0.002962350845336914,0.9264016225934029,1.6334497928619385,1680000,565,210000
0.008150151930749416,0.6906522810459137,1.7484772205352783,1680800,565,210100
0.014375993981957436,0.8639472872018814,1.7350237369537354,1681600,565,210200
0.0031566296238452196,0.9506974034011364,1.535420536994934,1682400,565,210300
0.010696904733777046,0.7411487698554993,1.6935789585113525,1683200,565,210400
0.004206720739603043,0.8565637469291687,1.5405265092849731,1684000,565,210500
0.0059730662032961845,-0.08646762371063232,1.6910241842269897,1684800,565,210600
0.0031630084849894047,0.9528858847916126,1.5161291360855103,1685600,565,210700
0.0027294480241835117,0.4683912992477417,1.5018668174743652,1686400,565,210800
0.003942613955587149,0.9720372371375561,1.7209560871124268,1687200,565,210900
0.009196729399263859,0.6958282291889191,1.7603564262390137,1688000,565,211000
0.0030386624857783318,-1.3805277347564697,1.621623158454895,1688800,565,211100
0.004023326560854912,0.32163453102111816,1.4715628623962402,1689600,565,211200
0.02773190289735794,0.5165629088878632,1.5167081356048584,1690400,565,211300
0.0043673948384821415,0.9451417587697506,1.6310532093048096,1691200,565,211400
0.001845178660005331,0.9541303440928459,1.73576021194458,1692000,565,211500
0.00133799877949059,0.6694735586643219,1.5944607257843018,1692800,565,211600
0.004078400321304798,0.8443022519350052,1.7473676204681396,1693600,565,211700
0.001447607297450304,0.9521530643105507,1.6910438537597656,1694400,565,211800
0.004620872437953949,0.7193687260150909,1.732217788696289,1695200,565,211900
0.0005954902153462172,0.9218861162662506,1.5111820697784424,1696000,565,212000
0.059366997331380844,0.6999412477016449,1.5838515758514404,1696800,565,212100
0.005155098158866167,0.5441617667675018,1.5711846351623535,1697600,565,212200
0.003764265915378928,0.96190120652318,1.6442482471466064,1698400,565,212300
0.0013267765752971172,0.8254169970750809,1.6175482273101807,1699200,565,212400
0.0013262934517115355,0.9366759583353996,1.6532566547393799,1700000,565,212500
0.0027353616897016764,0.7861638069152832,1.6334577798843384,1700800,565,212600
0.004069871734827757,0.48622626066207886,1.7748844623565674,1701600,565,212700
0.0061742933467030525,0.9049084037542343,1.5902562141418457,1702400,565,212800
0.00030124286422505975,0.9955381229519844,1.7449238300323486,1703200,565,212900
0.00814696867018938,0.8365984261035919,1.6876311302185059,1704000,565,213000
0.0019842616748064756,0.9345388114452362,1.7592835426330566,1704800,565,213100
0.0009483423200435936,0.9918531589210033,1.5326268672943115,1705600,565,213200
0.000937347998842597,0.9948422713205218,1.6842892169952393,1706400,565,213300
0.02927335351705551,0.901320569217205,1.65675687789917,1707200,565,213400
0.0006550648249685764,0.9558802284300327,1.762180209159851,1708000,565,213500
0.002385335508733988,0.925003245472908,1.7155429124832153,1708800,565,213600
0.005083679221570492,0.557422012090683,1.6708159446716309,1709600,565,213700
0.04049206152558327,0.8290617018938065,1.7668421268463135,1710400,565,213800
0.004142462741583586,0.8732241243124008,1.5180531740188599,1711200,565,213900
0.0013607931323349476,0.7172611057758331,1.773571491241455,1712000,565,214000
0.0065112244337797165,0.9385602921247482,1.6058259010314941,1712800,565,214100
0.001209824695251882,0.8728155046701431,1.6317403316497803,1713600,565,214200
0.0012975649442523718,0.9771993197500706,1.6697998046875,1714400,565,214300
0.0034423370379954576,0.8151061087846756,1.7750025987625122,1715200,565,214400
0.001296600210480392,0.8308403939008713,1.5834180116653442,1716000,565,214500
0.0016575638437643647,0.8021757155656815,1.7689014673233032,1716800,565,214600
0.006497110240161419,-0.729887843132019,1.662604570388794,1717600,565,214700
0.005863765720278025,0.549021989107132,1.7688097953796387,1718400,565,214800
0.0017662873724475503,0.9546910263597965,1.7640607357025146,1719200,565,214900
0.0018639781046658754,0.9408161379396915,1.7212632894515991,1720000,565,215000
0.0014229387743398547,0.894026055932045,1.6509766578674316,1720800,565,215100
0.005779528524726629,0.6893716752529144,1.7511053085327148,1721600,565,215200
0.0016686302842572331,0.8519045412540436,1.7111543416976929,1722400,565,215300
0.0009622567449696362,0.5734410285949707,1.7622789144515991,1723200,565,215400
0.007647685240954161,0.9480965994298458,1.7423264980316162,1724000,565,215500
0.0040854113176465034,0.9184799939393997,1.7410051822662354,1724800,565,215600
0.005967099219560623,0.1622323989868164,1.7617865800857544,1725600,565,215700
0.006857405882328749,0.4997178316116333,1.4490307569503784,1726400,565,215800
0.003495484823361039,-6.375112056732178,1.5981937646865845,1727200,565,215900
0.0005629425868391991,0.9876812417060137,1.6949973106384277,1728000,565,216000
0.0010518650524318218,0.9762199763208628,1.591070294380188,1728800,565,216100
0.0018638139590620995,0.6899063289165497,1.5048470497131348,1729600,565,216200
0.0040150596760213375,0.911542497575283,1.5715548992156982,1730400,565,216300
0.0016218476230278611,0.9667566269636154,1.6604197025299072,1731200,565,216400
0.0013394406996667385,0.889267161488533,1.5387369394302368,1732000,565,216500
0.0011316316667944193,0.6319179236888885,1.6501375436782837,1732800,565,216600
0.002065145643427968,0.8280548751354218,1.7607930898666382,1733600,565,216700
0.0008065510774031281,0.9181050583720207,1.286877989768982,1734400,565,216800
0.03544103726744652,0.8981984406709671,1.6668676137924194,1735200,565,216900
0.010353300720453262,0.8950598686933517,1.6562302112579346,1736000,565,217000
0.0068313730880618095,0.5002129375934601,1.6733283996582031,1736800,565,217100
0.01665959507226944,0.3247494101524353,1.5624576807022095,1737600,565,217200
0.004214518237859011,0.7745096683502197,1.6170583963394165,1738400,565,217300
0.0017619553254917264,0.9726854860782623,1.705579161643982,1739200,565,217400
0.013135503977537155,0.8552676439285278,1.684309720993042,1740000,565,217500
0.012012170627713203,0.848687157034874,1.3169562816619873,1740800,565,217600
0.000965465500485152,0.9792897291481495,1.6205744743347168,1741600,565,217700
0.0021037093829363585,-0.7327659130096436,1.7369511127471924,1742400,565,217800
0.003749844152480364,0.9305541589856148,1.640991449356079,1743200,565,217900
0.0010660297702997923,0.6399734616279602,1.690525770187378,1744000,565,218000
0.0013905854430049658,0.72227343916893,1.7827444076538086,1744800,565,218100
0.00013562600361183286,0.9543045796453953,1.6788833141326904,1745600,565,218200
0.013943608850240707,0.8862414211034775,1.540165662765503,1746400,565,218300
0.001157625811174512,0.9872399074956775,1.6027711629867554,1747200,565,218400
0.0004648774047382176,0.9960452290251851,1.7360707521438599,1748000,565,218500
0.0010328356875106692,0.6505165994167328,1.7111561298370361,1748800,565,218600
0.0170176699757576,0.18364393711090088,1.778045654296875,1749600,565,218700
0.010706314817070961,0.7734295427799225,1.6517257690429688,1750400,565,218800
0.05667336285114288,0.22525256872177124,1.3878672122955322,1751200,565,218900
0.0014438987709581852,0.9704471081495285,1.6655781269073486,1752000,565,219000
0.001164955785498023,0.8111672550439835,1.7038352489471436,1752800,565,219100
0.0019506567623466253,0.986530234105885,1.6358284950256348,1753600,565,219200
0.021137995645403862,0.5051809847354889,1.513708233833313,1754400,565,219300
0.006714402697980404,0.9669370390474796,1.524017095565796,1755200,565,219400
0.005122594069689512,0.8798157349228859,1.5667338371276855,1756000,565,219500
0.0017658844590187073,0.9167581051588058,1.5771076679229736,1756800,565,219600
0.0014547964092344046,0.9462048374116421,1.6512712240219116,1757600,565,219700
0.005179817788302898,0.942210141569376,1.6772981882095337,1758400,565,219800
0.008304843679070473,0.33839839696884155,1.6911704540252686,1759200,565,219900
0.0027719715144485235,0.9607102014124393,1.737722396850586,1760000,565,220000
0.0015589669346809387,0.9589128568768501,1.6249263286590576,1760800,565,220100
0.014510764740407467,-2.264697313308716,1.7255454063415527,1761600,565,220200
0.004267954267561436,-0.2225043773651123,1.6925362348556519,1762400,565,220300
0.004700247198343277,0.6203207671642303,1.6808279752731323,1763200,565,220400
0.0029935683123767376,0.8560119569301605,1.661815881729126,1764000,565,220500
0.0043126484379172325,0.9250283613801003,1.4058490991592407,1764800,565,220600
0.004583262372761965,0.8135619014501572,1.4946162700653076,1765600,565,220700
0.0024949898943305016,0.9395465739071369,1.7347345352172852,1766400,565,220800
0.0005727390525862575,0.9554828256368637,1.4512286186218262,1767200,565,220900
0.0019807876087725163,0.9319628477096558,1.7006778717041016,1768000,565,221000
0.06677770614624023,-1.597318410873413,1.6084215641021729,1768800,565,221100
0.0033503430895507336,0.9902621749788523,1.7223279476165771,1769600,565,221200
0.005009830929338932,0.9727652221918106,1.5778357982635498,1770400,565,221300
0.0013533206656575203,0.9797098282724619,1.6831566095352173,1771200,565,221400
0.004592192824929953,0.9043599590659142,1.631650447845459,1772000,565,221500
0.006746774539351463,0.8902755826711655,1.7181426286697388,1772800,565,221600
0.0006873133825138211,0.9888944383710623,1.668541431427002,1773600,565,221700
0.004994649440050125,0.9157798662781715,1.681106686592102,1774400,565,221800
0.007162547670304775,0.8734207451343536,1.745070219039917,1775200,565,221900
0.003224253188818693,0.7326713502407074,1.7738521099090576,1776000,565,222000
0.008311640471220016,0.2628694772720337,1.6131641864776611,1776800,565,222100
0.0037825582548975945,0.7988882213830948,1.6772329807281494,1777600,565,222200
0.0070890625938773155,0.8639484196901321,1.753950834274292,1778400,565,222300
0.006682981736958027,0.2987307906150818,1.7254035472869873,1779200,565,222400
0.00720833707600832,0.9503965489566326,1.3734744787216187,1780000,565,222500
0.00245965039357543,-7.219107627868652,1.686683177947998,1780800,565,222600
0.002375656273216009,0.914084754884243,1.6433753967285156,1781600,565,222700
0.0021766042336821556,0.8705588579177856,1.7605698108673096,1782400,565,222800
0.007930262945592403,0.9401276297867298,1.7039625644683838,1783200,565,222900
0.0021517497953027487,-7.268631935119629,1.730142593383789,1784000,565,223000
0.010233432054519653,0.8959004133939743,1.6531031131744385,1784800,565,223100
0.006135787349194288,-1.3273625373840332,1.622873306274414,1785600,565,223200
0.004203401040285826,0.8002224713563919,1.4707624912261963,1786400,565,223300
0.0005712505662813783,0.9775168243795633,1.6029162406921387,1787200,565,223400
0.001907799276523292,0.9603104740381241,1.7295141220092773,1788000,565,223500
0.0013531182194128633,0.9823125805705786,1.729317307472229,1788800,565,223600
0.0017375533934682608,-0.9880925416946411,1.7315902709960938,1789600,565,223700
0.0036268674302846193,-0.49366867542266846,1.7775673866271973,1790400,565,223800
0.005560366436839104,0.9269309937953949,1.720292329788208,1791200,565,223900
0.004270078614354134,0.9712538234889507,1.469944953918457,1792000,565,224000
0.001651221071369946,0.8615444153547287,1.786189317703247,1792800,565,224100
0.002659369492903352,0.9097810462117195,1.6806464195251465,1793600,565,224200
0.0056508076377213,0.6400733590126038,1.7673001289367676,1794400,565,224300
0.0025930535048246384,0.8790759742259979,1.7704057693481445,1795200,565,224400
0.008463767357170582,-1.8214831352233887,1.6555006504058838,1796000,565,224500
0.004323828034102917,0.9890750953927636,1.5910980701446533,1796800,565,224600
0.01405465416610241,0.8291073888540268,1.6643800735473633,1797600,565,224700
0.010263590142130852,0.7671130448579788,1.6626869440078735,1798400,565,224800
0.005366816185414791,0.8370807319879532,1.7137656211853027,1799200,565,224900
0.004852605983614922,0.9694065321236849,1.5073662996292114,1800000,565,225000
0.0027495892718434334,0.9682962745428085,1.6993963718414307,1800800,565,225100
0.015943743288517,0.9407768249511719,1.732879877090454,1801600,565,225200
0.021648989990353584,0.8954680114984512,1.765039324760437,1802400,565,225300
0.0032587102614343166,0.9203938320279121,1.7114330530166626,1803200,565,225400
0.003499191952869296,0.9282700940966606,1.7737908363342285,1804000,565,225500
0.0033929208293557167,0.9467709474265575,1.7734248638153076,1804800,565,225600
0.003444872796535492,0.9489242695271969,1.73061203956604,1805600,565,225700
0.05516113340854645,-8.2514066696167,1.7630283832550049,1806400,565,225800
0.004607633221894503,0.8986601606011391,1.7594953775405884,1807200,565,225900
0.011736433021724224,0.8795113265514374,1.5718598365783691,1808000,565,226000
0.004540205933153629,0.9846149943768978,1.6358070373535156,1808800,565,226100
0.0009464912000112236,0.5977017879486084,1.690561056137085,1809600,565,226200
0.004898973740637302,0.9158990532159805,1.6683183908462524,1810400,565,226300
0.003600636962801218,0.9843106064945459,1.4460313320159912,1811200,565,226400
0.003802140010520816,0.9829560220241547,1.5667450428009033,1812000,565,226500
0.0006058336002752185,0.9636653885245323,1.458230972290039,1812800,565,226600
0.0007760724984109402,0.9899494545534253,1.4670233726501465,1813600,565,226700
0.002884754678234458,0.9953909777104855,1.5981154441833496,1814400,565,226800
0.024335283786058426,0.6324160993099213,1.6264768838882446,1815200,565,226900
0.008911313489079475,0.921685628592968,1.6777819395065308,1816000,565,227000
0.0013233149657025933,0.9618948064744473,1.6294668912887573,1816800,565,227100
0.00859740935266018,0.9214779362082481,1.5714702606201172,1817600,565,227200
0.004546419717371464,0.9689813945442438,1.622510552406311,1818400,565,227300
0.0038706560153514147,0.9639914594590664,1.5331928730010986,1819200,565,227400
0.00033667823299765587,0.9911443954333663,1.5243115425109863,1820000,565,227500
0.0005623316974379122,0.9950602147728205,1.5097739696502686,1820800,565,227600
0.002438755240291357,0.9646378792822361,1.536442518234253,1821600,565,227700
0.005402340088039637,0.9321651235222816,1.7432968616485596,1822400,565,227800
0.0021297838538885117,0.812702938914299,1.6891205310821533,1823200,565,227900
0.003221327206119895,0.7776945680379868,1.6876519918441772,1824000,565,228000
0.007954660803079605,0.923335038125515,1.6259658336639404,1824800,565,228100
0.0052837044931948185,0.9089046865701675,1.7059566974639893,1825600,565,228200
0.0042790924198925495,0.9260897859930992,1.5943204164505005,1826400,565,228300
0.006545168813318014,0.9371657446026802,1.6578336954116821,1827200,565,228400
0.0033522171434015036,0.9854663647711277,1.7418092489242554,1828000,565,228500
0.010766508989036083,0.9022406786680222,1.7085398435592651,1828800,565,228600
0.0034633069299161434,0.9485447928309441,1.3107914924621582,1829600,565,228700
0.041388701647520065,0.7634632587432861,1.6770012378692627,1830400,565,228800
0.0075589874759316444,0.8664992898702621,1.6115360260009766,1831200,565,228900
0.016968781128525734,0.8669831156730652,1.6355531215667725,1832000,565,229000
0.002792736515402794,0.9563910029828548,1.666892170906067,1832800,565,229100
0.01643768697977066,0.29657137393951416,1.525754690170288,1833600,565,229200
0.010008958168327808,0.6516860723495483,1.4968743324279785,1834400,565,229300
0.017404403537511826,0.6242279410362244,1.6973223686218262,1835200,565,229400
0.00045469950418919325,0.9719626624137163,1.7029376029968262,1836000,565,229500
0.00023375808086711913,0.9976033950224519,1.6876519918441772,1836800,565,229600
0.0071187494322657585,0.9319703578948975,1.7407361268997192,1837600,565,229700
0.001113327918574214,0.9863478327170014,1.7218657732009888,1838400,565,229800
0.002318722428753972,0.9394237846136093,1.7443797588348389,1839200,565,229900
0.02136225812137127,0.5892949104309082,1.4453204870224,1840000,565,230000
0.012270580977201462,-0.011916637420654297,1.7545208930969238,1840800,565,230100
0.006261134520173073,0.2668460011482239,1.5431809425354004,1841600,565,230200
0.003757819999009371,0.8976671770215034,1.6240272521972656,1842400,565,230300
0.005828001070767641,0.37799203395843506,1.6846470832824707,1843200,565,230400
0.001564899692311883,0.9578482732176781,1.6871016025543213,1844000,565,230500
0.001406883355230093,0.9048869535326958,1.5994137525558472,1844800,565,230600
0.005749782547354698,0.6793627440929413,1.7020694017410278,1845600,565,230700
0.004331274889409542,0.9042048081755638,1.594313621520996,1846400,565,230800
0.0010022135684266686,0.8597777485847473,1.7492411136627197,1847200,565,230900
0.004442936275154352,0.800967812538147,1.7583229541778564,1848000,565,231000
0.0054753972217440605,0.7287545204162598,1.7800291776657104,1848800,565,231100
0.02320299856364727,0.5028700828552246,1.7252471446990967,1849600,565,231200
0.060786597430706024,0.7095904052257538,1.7336854934692383,1850400,565,231300
0.0011562771396711469,0.605025976896286,1.769974946975708,1851200,565,231400
0.02715303935110569,0.6878524422645569,1.5995656251907349,1852000,565,231500
0.0010633812053129077,0.9421654604375362,1.7065367698669434,1852800,565,231600
0.0006271048914641142,0.9717696756124496,1.7293000221252441,1853600,565,231700
0.006046993657946587,0.9584034718573093,1.69723641872406,1854400,565,231800
0.0019199340604245663,0.9739526435732841,1.6261519193649292,1855200,565,231900
0.008082915097475052,0.7313664257526398,1.6627249717712402,1856000,565,232000
0.003997193183749914,0.7403981685638428,1.604081153869629,1856800,565,232100
0.0005829958245158195,0.9564262107014656,1.6460434198379517,1857600,565,232200
0.006437096744775772,0.8646480292081833,1.5437865257263184,1858400,565,232300
0.009448668919503689,-3.063331127166748,1.7527188062667847,1859200,565,232400
0.003971707075834274,0.8766308277845383,1.6968989372253418,1860000,565,232500
0.003530168905854225,0.9556284695863724,1.5395625829696655,1860800,565,232600
0.009426148608326912,0.8369306027889252,1.6699943542480469,1861600,565,232700
0.004066283814609051,0.5411312282085419,1.7405017614364624,1862400,565,232800
0.004160837270319462,0.8010044991970062,1.575690507888794,1863200,565,232900
0.0021513700485229492,0.9306812733411789,1.3598616123199463,1864000,565,233000
0.010692526586353779,0.30340248346328735,1.5906457901000977,1864800,565,233100
0.008485278114676476,0.5338799059391022,1.7565219402313232,1865600,565,233200
0.0074792783707380295,-1.071415901184082,1.71938157081604,1866400,565,233300
0.0022871955297887325,0.9844958800822496,1.6803650856018066,1867200,565,233400
0.007786319591104984,0.7191586494445801,1.5888255834579468,1868000,565,233500
0.0008493406930938363,0.9624263644218445,1.767337679862976,1868800,565,233600
0.0024885176680982113,0.036008477210998535,1.7668328285217285,1869600,565,233700
0.0005367104313336313,0.8882219642400742,1.7274179458618164,1870400,565,233800
0.0048764655366539955,0.9169356822967529,1.6541600227355957,1871200,565,233900
0.0010972463060170412,0.8280438631772995,1.775630235671997,1872000,565,234000
0.0032080188393592834,0.8952517658472061,1.4992831945419312,1872800,565,234100
0.0014241111930459738,0.9264533594250679,1.7332494258880615,1873600,565,234200
0.0026614656671881676,0.7070652842521667,1.594284176826477,1874400,565,234300
0.008139696903526783,-0.13260173797607422,1.7578954696655273,1875200,565,234400
0.0032517751678824425,0.4099258780479431,1.741074800491333,1876000,565,234500
0.003535505151376128,0.9728152714669704,1.7125155925750732,1876800,565,234600
0.012637538835406303,0.6153795123100281,1.6882681846618652,1877600,565,234700
0.010463843122124672,0.6910533905029297,1.4979010820388794,1878400,565,234800
0.004181629978120327,0.8172077089548111,1.599794626235962,1879200,565,234900
0.004374174401164055,0.9317717105150223,1.580782413482666,1880000,565,235000
0.0037744296714663506,0.5656594038009644,1.7812923192977905,1880800,565,235100
0.021393604576587677,0.8073143362998962,1.1835111379623413,1881600,565,235200
0.0070703234523534775,-0.972774863243103,1.464644432067871,1882400,565,235300
0.0028423720505088568,0.9452766329050064,1.5722180604934692,1883200,565,235400
0.02193029597401619,0.7176355421543121,1.699007272720337,1884000,565,235500
0.0022179579827934504,0.9144990146160126,1.5454624891281128,1884800,565,235600
0.0028599819634109735,0.8666811436414719,1.4407764673233032,1885600,565,235700
0.005298748146742582,0.8486548364162445,1.6824209690093994,1886400,565,235800
0.003098282963037491,-0.5036505460739136,1.507706880569458,1887200,565,235900
0.024639630690217018,0.233798086643219,1.7564185857772827,1888000,565,236000
0.002482140203937888,-0.222625732421875,1.6749186515808105,1888800,565,236100
0.00044755381532013416,-1.749340534210205,1.7626373767852783,1889600,565,236200
0.0019859226886183023,0.9550725519657135,1.7115123271942139,1890400,565,236300
0.00734438793733716,0.919695183634758,1.643899917602539,1891200,565,236400
0.002292914781719446,0.9173296838998795,1.718738317489624,1892000,565,236500
0.003593950066715479,-0.7184463739395142,1.7328832149505615,1892800,565,236600
0.001100801513530314,0.98269147798419,1.6308661699295044,1893600,565,236700
0.0036721196956932545,0.6998931169509888,1.6441700458526611,1894400,565,236800
0.002778163878247142,0.7884849607944489,1.6128584146499634,1895200,565,236900
0.001609806902706623,0.9866249822080135,1.5243233442306519,1896000,565,237000
0.002152363769710064,0.8893840983510017,1.7595620155334473,1896800,565,237100
0.006603878457099199,0.5153462588787079,1.7289396524429321,1897600,565,237200
0.027888696640729904,0.8852509707212448,1.6888885498046875,1898400,565,237300
0.0020351391285657883,0.9431849308311939,1.7558096647262573,1899200,565,237400
0.03458554670214653,0.6087090373039246,1.655887246131897,1900000,565,237500
0.006392172537744045,0.7689128965139389,1.6090402603149414,1900800,565,237600
0.0028972041327506304,0.9465315081179142,1.730149745941162,1901600,565,237700
0.0019135505426675081,0.9895569803193212,1.5936393737792969,1902400,565,237800
0.0034200616646558046,0.9283634573221207,1.7694826126098633,1903200,565,237900
0.002801236230880022,0.276195764541626,1.7647823095321655,1904000,565,238000
0.0004192952474113554,0.2783321142196655,1.7715296745300293,1904800,565,238100
0.0030527235940098763,0.9158394038677216,1.4353039264678955,1905600,565,238200
0.00962349958717823,0.8881101459264755,1.6624538898468018,1906400,565,238300
0.0024034944362938404,0.957112867385149,1.6587893962860107,1907200,565,238400
0.0015174783766269684,0.9737390149384737,1.7399225234985352,1908000,565,238500
0.0011433576000854373,0.9834450241178274,1.660735845565796,1908800,565,238600
0.004067563451826572,0.7962109446525574,1.6692699193954468,1909600,565,238700
0.003998556174337864,0.935667097568512,1.7524572610855103,1910400,565,238800
0.0052358852699398994,0.8578412532806396,1.75010347366333,1911200,565,238900
0.001828226842917502,0.9005534201860428,1.718099594116211,1912000,565,239000
0.006435389164835215,0.8026320189237595,1.5480022430419922,1912800,565,239100
0.0014356632018461823,0.7214628159999847,1.7222795486450195,1913600,565,239200
0.07350362092256546,0.7852895557880402,1.6997708082199097,1914400,565,239300
0.0008653799304738641,0.9504433944821358,1.624723196029663,1915200,565,239400
0.004256914835423231,0.9153629094362259,1.5402417182922363,1916000,565,239500
0.007691803388297558,0.14002668857574463,1.751474142074585,1916800,565,239600
0.0027785031124949455,0.437774658203125,1.6284645795822144,1917600,565,239700
0.0007870244444347918,0.8567391335964203,1.754233956336975,1918400,565,239800
0.005045740865170956,0.8728255182504654,1.723891019821167,1919200,565,239900
0.0021882057189941406,0.9394434131681919,1.7660722732543945,1920000,565,240000
0.0050947172567248344,0.9546973668038845,1.7332074642181396,1920800,565,240100
0.0024194582365453243,0.7197395861148834,1.7367613315582275,1921600,565,240200
0.0010501903016120195,0.8990545868873596,1.7192769050598145,1922400,565,240300
0.0007506903493776917,0.9131240323185921,1.7600924968719482,1923200,565,240400
0.004239576868712902,0.8018358945846558,1.6623754501342773,1924000,565,240500
0.000816153478808701,0.9746390022337437,1.6683486700057983,1924800,565,240600
0.00387044670060277,0.9476854354143143,1.766618013381958,1925600,565,240700
0.004251409787684679,0.026514828205108643,1.7477407455444336,1926400,565,240800
0.0009768287418410182,0.9704756494611502,1.625982642173767,1927200,565,240900
0.001597848255187273,0.958954244852066,1.7321852445602417,1928000,565,241000
0.007138256449252367,0.9000551179051399,1.5632269382476807,1928800,565,241100
0.0034482108894735575,0.016002357006072998,1.625848650932312,1929600,565,241200
0.021573999896645546,0.8217915892601013,1.722998857498169,1930400,565,241300
0.009112905710935593,0.8565760552883148,1.5558242797851562,1931200,565,241400
0.013677168637514114,0.8834294825792313,1.7601115703582764,1932000,565,241500
0.001257541123777628,0.6342735588550568,1.5763063430786133,1932800,565,241600
0.005617058835923672,0.7689909934997559,1.7628512382507324,1933600,565,241700
0.006832090672105551,0.6944109201431274,1.7626005411148071,1934400,565,241800
0.010597813874483109,0.719705194234848,1.6039940118789673,1935200,565,241900
0.004611915443092585,0.9250957891345024,1.602728009223938,1936000,565,242000
0.012114564888179302,-1.0869157314300537,1.5429437160491943,1936800,565,242100
0.015197479166090488,0.752541646361351,1.6890273094177246,1937600,565,242200
0.0032158158719539642,0.7350002825260162,1.730731725692749,1938400,565,242300
0.0035817997995764017,0.956841241568327,1.607488989830017,1939200,565,242400
0.0035191294737160206,-1.085097312927246,1.7716329097747803,1940000,565,242500
0.0024626292288303375,0.9719666019082069,1.5700616836547852,1940800,565,242600
0.018248219043016434,0.8563890010118484,1.7062187194824219,1941600,565,242700
0.002073389943689108,0.9606179296970367,1.5848678350448608,1942400,565,242800
0.010018936358392239,-2.9030704498291016,1.7667958736419678,1943200,565,242900
0.008307521231472492,0.9511314406991005,1.782790184020996,1944000,565,243000
0.006279658060520887,0.7299058139324188,1.6712620258331299,1944800,565,243100
0.0065927039831876755,0.9237986877560616,1.762220859527588,1945600,565,243200
0.0060997623950243,0.8807405605912209,1.513868808746338,1946400,565,243300
0.0006227556150406599,0.9569728039205074,1.7383887767791748,1947200,565,243400
0.005537442397326231,0.8875708281993866,1.5304570198059082,1948000,565,243500
0.011147500947117805,0.7851192355155945,1.7120487689971924,1948800,565,243600
0.012335696257650852,0.013974130153656006,1.6108466386795044,1949600,565,243700
0.0008964668959379196,0.9949778597801924,1.7305347919464111,1950400,565,243800
0.00110634823795408,0.9686721190810204,1.7565054893493652,1951200,565,243900
0.006858557462692261,0.8420843780040741,1.6827402114868164,1952000,565,244000
0.03227797523140907,0.8862298801541328,1.5349481105804443,1952800,565,244100
0.01012879516929388,0.9164212048053741,1.7711561918258667,1953600,565,244200
0.004652080126106739,0.8564426600933075,1.6907646656036377,1954400,565,244300
0.0047600469551980495,0.637066125869751,1.7724813222885132,1955200,565,244400
0.00941789336502552,0.8893099278211594,1.465322494506836,1956000,565,244500
0.0012288492871448398,0.9762595035135746,1.7131383419036865,1956800,565,244600
0.005260039586573839,0.5461347103118896,1.7523304224014282,1957600,565,244700
0.008694751188158989,0.7062107622623444,1.6514712572097778,1958400,565,244800
0.001424792455509305,0.9693064726889133,1.651435375213623,1959200,565,244900
0.010231072083115578,0.7826412469148636,1.6733448505401611,1960000,565,245000
0.010746100917458534,0.903328076004982,1.7366756200790405,1960800,565,245100
0.0016713135410100222,0.8544647246599197,1.6273930072784424,1961600,565,245200
0.0346897728741169,-4.2062225341796875,1.6443003416061401,1962400,565,245300
0.007012075278908014,-4.420860290527344,1.542913794517517,1963200,565,245400
0.0021846259478479624,0.6751823723316193,1.6824827194213867,1964000,565,245500
0.0036102826707065105,0.8277082294225693,1.6826967000961304,1964800,565,245600
0.0009203538065776229,-0.14766371250152588,1.7503563165664673,1965600,565,245700
0.00910322368144989,-0.9035388231277466,1.6612558364868164,1966400,565,245800
0.01850731298327446,0.7610899358987808,1.735816478729248,1967200,565,245900
0.003971980419009924,0.7838732898235321,1.739275336265564,1968000,565,246000
0.0014940296532586217,0.7725202441215515,1.698529839515686,1968800,565,246100
0.005580639932304621,0.9814927112311125,1.7608351707458496,1969600,565,246200
0.003744382644072175,0.7041632533073425,1.5615724325180054,1970400,565,246300
0.0018998772138729692,0.9400966130197048,1.6892465353012085,1971200,565,246400
0.0019426688086241484,0.91226976364851,1.7597379684448242,1972000,565,246500
0.0026150206103920937,0.9734849520027637,1.5799545049667358,1972800,565,246600
0.0029363553039729595,0.9232860878109932,1.668447732925415,1973600,565,246700
0.0023478632792830467,-0.13813304901123047,1.7620421648025513,1974400,565,246800
0.001863548532128334,0.8674255460500717,1.723978042602539,1975200,565,246900
0.0067049069330096245,0.8273491859436035,1.7161693572998047,1976000,565,247000
0.03340709209442139,0.6089471280574799,1.6600068807601929,1976800,565,247100
0.0033804387785494328,0.17164373397827148,1.6315443515777588,1977600,565,247200
0.0038254112005233765,0.9368844851851463,1.6830565929412842,1978400,565,247300
0.0024761799722909927,0.913765624165535,1.694997787475586,1979200,565,247400
0.0032764088828116655,-0.1881037950515747,1.7335505485534668,1980000,565,247500
0.006082199513912201,0.8986942768096924,1.7285847663879395,1980800,565,247600
0.008390159346163273,0.9639047160744667,1.774740219116211,1981600,565,247700
0.010336490347981453,0.758230060338974,1.784082055091858,1982400,565,247800
0.018461445346474648,0.6982080340385437,1.7591191530227661,1983200,565,247900
0.007314696907997131,0.7487701177597046,1.7843660116195679,1984000,565,248000
0.004736783914268017,0.9475335963070393,1.5858129262924194,1984800,565,248100
0.001861930126324296,0.9431436136364937,1.7367446422576904,1985600,565,248200
0.00410098023712635,0.9694204442203045,1.5304867029190063,1986400,565,248300
0.0024337361101061106,0.7792849242687225,1.7053948640823364,1987200,565,248400
0.0008533505606465042,0.9814103338867426,1.492764949798584,1988000,565,248500
0.013410713523626328,0.9696447979658842,1.6768622398376465,1988800,565,248600
0.00185050955042243,0.9596074782311916,1.7441215515136719,1989600,565,248700
0.02958211861550808,0.8109846711158752,1.7057421207427979,1990400,565,248800
0.004291127435863018,0.2945585250854492,1.6942873001098633,1991200,565,248900
0.005346040241420269,0.8368279188871384,1.764540672302246,1992000,565,249000
0.0014479506062343717,0.8591911792755127,1.7726099491119385,1992800,565,249100
0.0022267811000347137,0.6001130938529968,1.7207915782928467,1993600,565,249200
0.0018368723103776574,0.7516760975122452,1.7815570831298828,1994400,565,249300
0.009192047640681267,0.9015815332531929,1.7244880199432373,1995200,565,249400
0.0023485475685447454,0.8739459663629532,1.6852989196777344,1996000,565,249500
0.004534551873803139,0.7714208960533142,1.6073354482650757,1996800,565,249600
0.0014803595840930939,0.9828743282705545,1.7764161825180054,1997600,565,249700
0.0018583342898637056,0.9202250465750694,1.6526252031326294,1998400,565,249800
0.0021662788931280375,0.949243001639843,1.4381275177001953,1999200,565,249900
0.001425683731213212,0.9527878500521183,1.71854829788208,2000000,565,250000
0.004782707430422306,0.0755389928817749,1.1451783180236816,2000800,565,250100
0.005741017870604992,0.3033168315887451,1.7594869136810303,2001600,565,250200
0.012388112023472786,-3.050614356994629,1.6039738655090332,2002400,565,250300
0.0011935263173654675,0.9786968901753426,1.718641996383667,2003200,565,250400
0.00706461863592267,0.8748963624238968,1.6823101043701172,2004000,565,250500
0.0020503131672739983,0.974159836769104,1.515246033668518,2004800,565,250600
0.009579279460012913,0.9221916198730469,1.4154810905456543,2005600,565,250700
0.0008167433552443981,0.9798333495855331,1.6848546266555786,2006400,565,250800
0.002516491338610649,0.9472639970481396,1.6602015495300293,2007200,565,250900
0.033463120460510254,0.8650952279567719,1.5141563415527344,2008000,565,251000
0.005487911868840456,0.31464576721191406,1.4924983978271484,2008800,565,251100
0.0015376764349639416,0.9679681323468685,1.7427679300308228,2009600,565,251200
0.0005092666833661497,0.9511920996010303,1.7341105937957764,2010400,565,251300
0.0036575887352228165,0.678721696138382,1.6507415771484375,2011200,565,251400
0.011436952278017998,0.7558339238166809,1.5238585472106934,2012000,565,251500
0.0038825548253953457,0.938123345375061,1.6900017261505127,2012800,565,251600
0.004256035201251507,0.9591575935482979,1.7557754516601562,2013600,565,251700
0.021037200465798378,0.6997244358062744,1.5916569232940674,2014400,565,251800
0.002132086083292961,0.9614237546920776,1.7308645248413086,2015200,565,251900
0.08305051922798157,0.7632651478052139,1.7270262241363525,2016000,565,252000
0.0019539506174623966,0.9680829048156738,1.59879732131958,2016800,565,252100
0.007458176929503679,0.9420178830623627,1.745285987854004,2017600,565,252200
0.0012915167026221752,0.923096738755703,1.690762996673584,2018400,565,252300
0.00036844887654297054,0.9573831669986248,1.755629301071167,2019200,565,252400
0.010040068067610264,0.8729083240032196,1.3604614734649658,2020000,565,252500
0.006352596450597048,0.937057189643383,1.3620960712432861,2020800,565,252600
0.011516678147017956,0.9469026252627373,1.7792240381240845,2021600,565,252700
0.010661769658327103,0.8998424038290977,1.5842812061309814,2022400,565,252800
0.006494698114693165,0.5658088624477386,1.7530364990234375,2023200,565,252900
0.006702331360429525,0.946076400578022,1.7288572788238525,2024000,565,253000
0.010257676243782043,0.5451503694057465,1.6482272148132324,2024800,565,253100
0.008151867426931858,0.940211333334446,1.6490188837051392,2025600,565,253200
0.0048035080544650555,0.7982950955629349,1.7186391353607178,2026400,565,253300
0.0022370368242263794,0.5504575371742249,1.730135440826416,2027200,565,253400
0.014767087996006012,0.8948772102594376,1.6369507312774658,2028000,565,253500
0.0015247405972331762,0.977283937856555,1.759799838066101,2028800,565,253600
0.08641001582145691,0.1244744062423706,1.3391568660736084,2029600,565,253700
0.009896070696413517,0.94075583294034,1.7623029947280884,2030400,565,253800
0.012203024700284004,0.5568024218082428,1.3850548267364502,2031200,565,253900
0.002951738890260458,0.9168128445744514,1.676426649093628,2032000,565,254000
0.00817087758332491,0.7841852009296417,1.6688531637191772,2032800,565,254100
0.009447324089705944,0.9153180196881294,1.4658067226409912,2033600,565,254200
0.014626913703978062,0.7382921278476715,1.6995677947998047,2034400,565,254300
0.0016989873256534338,0.9662202894687653,1.7112334966659546,2035200,565,254400
0.0030754352919757366,0.6413871049880981,1.1591442823410034,2036000,565,254500
0.010900788009166718,0.9575951173901558,1.4640095233917236,2036800,565,254600
0.0028711282648146152,0.989592645317316,1.658883810043335,2037600,565,254700
0.004816084168851376,0.629449188709259,1.6790285110473633,2038400,565,254800
0.0034572845324873924,0.8149089813232422,1.4368772506713867,2039200,565,254900
0.004458367824554443,0.7944789081811905,1.6017847061157227,2040000,565,255000
0.011238165199756622,0.873997762799263,1.4481395483016968,2040800,565,255100
0.0025348342023789883,0.8737133592367172,1.7384748458862305,2041600,565,255200
0.0014839433133602142,0.9880006816238165,1.6084321737289429,2042400,565,255300
0.009141240268945694,0.7569965124130249,1.6054998636245728,2043200,565,255400
0.006358340848237276,0.7713536024093628,1.619642734527588,2044000,565,255500
0.001856901915743947,0.9282101392745972,1.7829110622406006,2044800,565,255600
0.011460280045866966,0.7850495427846909,1.7496612071990967,2045600,565,255700
0.00830661877989769,0.9485866501927376,1.697601079940796,2046400,565,255800
0.010123897343873978,-1.2986834049224854,1.7739698886871338,2047200,565,255900
0.0036046933382749557,0.8677975088357925,1.613269567489624,2048000,565,256000
0.006373762618750334,0.8721056878566742,1.589110016822815,2048800,565,256100
0.01426097471266985,0.8963884338736534,1.5683434009552002,2049600,565,256200
0.005787544883787632,0.5914843678474426,1.769193410873413,2050400,565,256300
0.003245302941650152,0.6811763942241669,1.6871058940887451,2051200,565,256400
0.02581055462360382,0.6024427115917206,1.3174915313720703,2052000,565,256500
0.005913829430937767,0.9298088029026985,1.7107787132263184,2052800,565,256600
0.0015715241897851229,0.8996044844388962,1.5778536796569824,2053600,565,256700
0.0015627116663381457,0.03190714120864868,1.75825035572052,2054400,565,256800
0.000364121631719172,0.9670174159109592,1.6897244453430176,2055200,565,256900
0.012221697717905045,0.3830520510673523,1.3998472690582275,2056000,565,257000
0.0017436777707189322,0.8199795186519623,1.649856448173523,2056800,565,257100
0.004816940985620022,0.8012325614690781,1.4880075454711914,2057600,565,257200
0.001944835763424635,0.8618702292442322,1.626908779144287,2058400,565,257300
0.00645534647628665,0.9867949401959777,1.342627763748169,2059200,565,257400
0.004175959154963493,0.2919238209724426,1.6440653800964355,2060000,565,257500
0.022662676870822906,0.6381736993789673,1.6299636363983154,2060800,565,257600
0.01040641963481903,0.6720294654369354,1.5350350141525269,2061600,565,257700
0.001620971830561757,0.9610191434621811,1.0745354890823364,2062400,565,257800
0.0009071033564396203,0.9945658389478922,1.4025471210479736,2063200,565,257900
0.018998637795448303,0.8185832053422928,1.530156135559082,2064000,565,258000
0.0030945793259888887,0.9781310949474573,1.6705224514007568,2064800,565,258100
0.0016116288024932146,0.9933576984331012,1.6974022388458252,2065600,565,258200
0.0015402317512780428,0.6915405690670013,1.7644450664520264,2066400,565,258300
0.008069469593465328,0.515652596950531,1.7369616031646729,2067200,565,258400
0.0031559010967612267,0.9427055194973946,1.7331852912902832,2068000,565,258500
0.004366555716842413,0.9111998081207275,1.3780114650726318,2068800,565,258600
0.014104392379522324,0.897638700902462,1.572094202041626,2069600,565,258700
0.0029944146517664194,0.9290124550461769,1.4111204147338867,2070400,565,258800
0.042316943407058716,0.2747061252593994,1.5044262409210205,2071200,565,258900
0.0076470645144581795,0.39562010765075684,1.756198763847351,2072000,565,259000
0.0012474398827180266,0.9550788775086403,1.7010242938995361,2072800,565,259100
0.05750672146677971,0.7095969915390015,1.5877447128295898,2073600,565,259200
0.005817157216370106,0.8274699598550797,1.5449657440185547,2074400,565,259300
0.0013270425843074918,0.8372562378644943,1.6592683792114258,2075200,565,259400
0.007669292390346527,0.7215948402881622,1.6353724002838135,2076000,565,259500
0.004339433740824461,0.9153386056423187,1.7183842658996582,2076800,565,259600
0.003174850717186928,0.9475013501942158,1.5767298936843872,2077600,565,259700
0.04071784019470215,-0.3441486358642578,1.5949785709381104,2078400,565,259800
0.002406602492555976,0.9472534470260143,1.6718204021453857,2079200,565,259900
0.02193637005984783,0.5576838850975037,1.7237368822097778,2080000,565,260000
0.001142239896580577,0.9075884968042374,1.7751901149749756,2080800,565,260100
0.007465858943760395,0.8613353967666626,1.739822268486023,2081600,565,260200
0.005270977970212698,0.2516399621963501,1.7166640758514404,2082400,565,260300
0.04109833389520645,-0.11065411567687988,1.6623564958572388,2083200,565,260400
0.0008203841280192137,0.9633749239146709,1.7626163959503174,2084000,565,260500
0.0037693583872169256,0.8421752154827118,1.6851614713668823,2084800,565,260600
0.0030433395877480507,0.8242461234331131,1.736713171005249,2085600,565,260700
0.002614574274048209,-4.143704891204834,1.744733214378357,2086400,565,260800
0.0011997035471722484,0.9761008191853762,1.7727906703948975,2087200,565,260900
0.006779495161026716,0.8969640880823135,1.616502285003662,2088000,565,261000
0.0017911404138430953,0.9801396001130342,1.684493899345398,2088800,565,261100
0.0015122480690479279,0.9246637523174286,1.6253771781921387,2089600,565,261200
0.0038401400670409203,0.9476770237088203,1.689831018447876,2090400,565,261300
0.012928774580359459,0.5043359398841858,1.7008874416351318,2091200,565,261400
0.0020689493976533413,0.9917951161041856,1.7756974697113037,2092000,565,261500
0.013447827659547329,0.8236777931451797,1.7144469022750854,2092800,565,261600
0.003139772452414036,0.880263939499855,1.7700543403625488,2093600,565,261700
0.006435580551624298,0.7372964918613434,1.6508314609527588,2094400,565,261800
0.010770495049655437,0.19197702407836914,1.768557071685791,2095200,565,261900
0.0011876802891492844,0.8068369030952454,1.777240514755249,2096000,565,262000
0.007419154979288578,0.9372878521680832,1.774141788482666,2096800,565,262100
0.002984075341373682,0.9585402011871338,1.726651906967163,2097600,565,262200
0.0008304941584356129,0.9759104251861572,1.7700462341308594,2098400,565,262300
0.0030056992545723915,0.9630087651312351,1.7422630786895752,2099200,565,262400
0.0014984778827056289,0.9837546721100807,1.7560780048370361,2100000,565,262500
0.014311096630990505,0.632450520992279,1.7678736448287964,2100800,565,262600
0.0023782651405781507,0.9076401367783546,1.4621459245681763,2101600,565,262700
0.002147040795534849,0.8981006965041161,1.726312518119812,2102400,565,262800
0.002725766273215413,0.9668907187879086,1.6857824325561523,2103200,565,262900
0.010284887626767159,0.9557711184024811,1.581334114074707,2104000,565,263000
0.020106924697756767,0.7784759700298309,1.7773795127868652,2104800,565,263100
0.007733384612947702,0.8943470194935799,1.7000473737716675,2105600,565,263200
0.002178304363042116,0.9552764445543289,1.7868717908859253,2106400,565,263300
0.005643175914883614,0.9248642474412918,1.6918156147003174,2107200,565,263400
0.013460764661431313,0.10579836368560791,1.649280309677124,2108000,565,263500
0.009611658751964569,-1.1699397563934326,1.6453897953033447,2108800,565,263600
0.011899149976670742,0.2668512463569641,1.497690200805664,2109600,565,263700
0.004544240888208151,0.8952463492751122,1.6170415878295898,2110400,565,263800
0.002274047816172242,0.5332352817058563,1.4352672100067139,2111200,565,263900
0.008445902727544308,0.6523470878601074,1.7657486200332642,2112000,565,264000
0.005459052510559559,0.9539718478918076,1.7602825164794922,2112800,565,264100
0.008670669980347157,0.8110336512327194,1.7435927391052246,2113600,565,264200
0.018305854871869087,0.6985453963279724,1.708409070968628,2114400,565,264300
0.02126925438642502,0.7889048457145691,1.7277030944824219,2115200,565,264400
0.003149302676320076,0.9444334842264652,1.6918227672576904,2116000,565,264500
0.004910146351903677,0.9774588104337454,1.7041442394256592,2116800,565,264600
0.025227732956409454,0.6102155447006226,1.5433298349380493,2117600,565,264700
0.001176865422166884,0.9852845473214984,1.701527714729309,2118400,565,264800
0.010309998877346516,0.8046285808086395,1.5665946006774902,2119200,565,264900
0.00720584113150835,0.8200688660144806,1.718752145767212,2120000,565,265000
0.01233818382024765,0.8956475332379341,1.5981122255325317,2120800,565,265100
0.0044507719576358795,0.3465654253959656,1.75419020652771,2121600,565,265200
0.006437088828533888,0.9458759762346745,1.6011735200881958,2122400,565,265300
0.006914339493960142,0.8399647176265717,1.664203405380249,2123200,565,265400
0.0032704516779631376,0.9485902860760689,1.671529769897461,2124000,565,265500
0.0025516506284475327,0.9024502784013748,1.7059444189071655,2124800,565,265600
0.0027871388010680676,0.6133220493793488,1.753112554550171,2125600,565,265700
0.002490820363163948,0.9606757946312428,1.6322808265686035,2126400,565,265800
0.02703106589615345,-1.3371069431304932,1.5676374435424805,2127200,565,265900
0.0004557234060484916,0.9874400086700916,1.7359200716018677,2128000,565,266000
0.004617949016392231,0.032273173332214355,1.700585126876831,2128800,565,266100
0.01744064688682556,0.8053153604269028,1.585998773574829,2129600,565,266200
0.020460523664951324,0.4407215714454651,1.6241449117660522,2130400,565,266300
0.0023413896560668945,0.95303725451231,1.5554108619689941,2131200,565,266400
0.001434794394299388,0.8913595229387283,1.732417345046997,2132000,565,266500
0.053952496498823166,0.5775063931941986,1.4680838584899902,2132800,565,266600
0.0011253920383751392,-1.7910125255584717,1.5811560153961182,2133600,565,266700
0.0012843026779592037,0.980630811303854,1.7540767192840576,2134400,565,266800
0.0013930442510172725,0.7178213000297546,1.767362356185913,2135200,565,266900
0.0016245588194578886,0.7919486463069916,1.7104518413543701,2136000,565,267000
0.0010080412030220032,0.9929254371672869,1.5149555206298828,2136800,565,267100
0.0012960032327100635,0.9746544044464827,1.7267541885375977,2137600,565,267200
0.04973089322447777,0.02889561653137207,1.7247638702392578,2138400,565,267300
0.0010626199655234814,0.8552498519420624,1.7359917163848877,2139200,565,267400
0.020718106999993324,0.7069812119007111,1.7299525737762451,2140000,565,267500
0.005196189507842064,0.7809177190065384,1.644094467163086,2140800,565,267600
0.008352728560566902,0.8526407033205032,1.6644892692565918,2141600,565,267700
0.004622754640877247,0.9227148592472076,1.723111867904663,2142400,565,267800
0.0015649423003196716,0.9720327742397785,1.5793153047561646,2143200,565,267900
0.0019571390002965927,0.9775045569986105,1.7116893529891968,2144000,565,268000
0.022058894857764244,-17.06865692138672,1.5477311611175537,2144800,565,268100
0.002421828918159008,0.917375274002552,1.6239888668060303,2145600,565,268200
0.011803284287452698,-4.370429515838623,1.5096386671066284,2146400,565,268300
0.012386706657707691,0.778032049536705,1.5038539171218872,2147200,565,268400
0.0017669725930318236,0.8762000128626823,1.3934674263000488,2148000,565,268500
0.00210088980384171,-2.2289137840270996,1.6450093984603882,2148800,565,268600
0.004096103832125664,0.9067879617214203,1.6510392427444458,2149600,565,268700
0.003215658711269498,0.9195412322878838,1.414801836013794,2150400,565,268800
0.0043772486969828606,0.8492731153964996,1.6638648509979248,2151200,565,268900
0.012585185468196869,0.6651651561260223,1.6981911659240723,2152000,565,269000
0.004504555836319923,0.9496020562946796,1.5539888143539429,2152800,565,269100
0.0016668429598212242,-0.14319372177124023,1.6606370210647583,2153600,565,269200
0.003689597360789776,0.2500172257423401,1.733643651008606,2154400,565,269300
0.0034155247267335653,-0.7236707210540771,1.614145040512085,2155200,565,269400
0.0013135942863300443,0.6120973229408264,1.7450804710388184,2156000,565,269500
0.0008752588182687759,0.877434104681015,1.6831936836242676,2156800,565,269600
0.005069124978035688,-3.1055502891540527,1.741150975227356,2157600,565,269700
0.011085042729973793,0.41328710317611694,1.7685660123825073,2158400,565,269800
0.004974831826984882,0.15895217657089233,1.7317065000534058,2159200,565,269900
0.013169972226023674,0.8134480565786362,1.2423005104064941,2160000,565,270000
0.004746957216411829,0.19323694705963135,1.6578763723373413,2160800,565,270100
0.02979324385523796,0.7840712666511536,1.5042897462844849,2161600,565,270200
0.01128428615629673,0.9138758480548859,1.6495732069015503,2162400,565,270300
0.008345774374902248,0.7018933296203613,1.6895561218261719,2163200,565,270400
0.00398742500692606,0.8643878400325775,1.731386661529541,2164000,565,270500
0.015705086290836334,0.9663670025765896,1.6875978708267212,2164800,565,270600
0.012066768482327461,0.8920493051409721,1.5501277446746826,2165600,565,270700
0.02467874437570572,0.7975078821182251,1.5853807926177979,2166400,565,270800
0.03277416154742241,0.8779056146740913,1.5656325817108154,2167200,565,270900
0.0023918519727885723,-1.2538108825683594,1.661241054534912,2168000,565,271000
0.0012865838361904025,0.932766743004322,1.764534831047058,2168800,565,271100
0.0014995117671787739,0.9724593944847584,1.7079706192016602,2169600,565,271200
0.006058908998966217,-0.18915009498596191,1.755152940750122,2170400,565,271300
0.0018891021609306335,0.9788864273577929,1.4648661613464355,2171200,565,271400
0.004975943360477686,0.7247214615345001,1.7600696086883545,2172000,565,271500
0.0013297590194270015,0.9369054734706879,1.596699595451355,2172800,565,271600
0.0004752856330014765,0.9667403884232044,1.714455485343933,2173600,565,271700
0.004543447867035866,0.901182621717453,1.6628766059875488,2174400,565,271800
0.001939268666319549,0.8759263232350349,1.7473320960998535,2175200,565,271900
0.001785648288205266,0.8932425305247307,1.7075273990631104,2176000,565,272000
0.0026729130186140537,0.9875182136893272,1.6327579021453857,2176800,565,272100
0.005194707773625851,0.9226488396525383,1.6893491744995117,2177600,565,272200
0.005014155991375446,0.2100476622581482,1.5740320682525635,2178400,565,272300
0.0033630665857344866,0.952855970710516,1.576194167137146,2179200,565,272400
0.004706073552370071,0.243696391582489,1.7223339080810547,2180000,565,272500
0.0028798189014196396,0.7262539565563202,1.773061990737915,2180800,565,272600
0.0026121351402252913,0.9175523072481155,1.7052710056304932,2181600,565,272700
0.01798560470342636,0.6470462679862976,1.6002981662750244,2182400,565,272800
0.0008337660692632198,0.9902616171166301,1.6261645555496216,2183200,565,272900
0.0012909029610455036,0.9784024823457003,1.6661367416381836,2184000,565,273000
0.006360846571624279,0.9344279542565346,1.680075764656067,2184800,565,273100
0.0065372115932404995,0.9145871251821518,1.5349171161651611,2185600,565,273200
0.015508538112044334,0.7900615632534027,1.4312806129455566,2186400,565,273300
0.0013137210626155138,0.9363276287913322,1.744120717048645,2187200,565,273400
0.002271490404382348,0.9594147987663746,1.6268091201782227,2188000,565,273500
0.002480831928551197,0.9651782736182213,1.5715359449386597,2188800,565,273600
0.0011100433766841888,0.8952686861157417,1.5461132526397705,2189600,565,273700
0.0013740386348217726,0.8034525662660599,1.7377184629440308,2190400,565,273800
0.02002042531967163,-2.0908308029174805,1.5100595951080322,2191200,565,273900
0.001703782705590129,0.9790876284241676,1.268214464187622,2192000,565,274000
0.005074482411146164,0.944505337625742,1.5082709789276123,2192800,565,274100
0.004843953065574169,0.9335807636380196,1.499856948852539,2193600,565,274200
0.0016242864076048136,0.9901889888569713,1.5035221576690674,2194400,565,274300
0.004115311428904533,0.9343198761343956,1.5996716022491455,2195200,565,274400
0.008339257910847664,0.9001473933458328,1.4910823106765747,2196000,565,274500
0.09155641496181488,0.5507096648216248,1.52549409866333,2196800,565,274600
0.004264139104634523,0.9636606462299824,1.6247634887695312,2197600,565,274700
0.00029058201471343637,0.7127616703510284,1.5752320289611816,2198400,565,274800
0.0066300309263169765,0.94205666705966,1.5449296236038208,2199200,565,274900
0.0010608420707285404,0.8289836794137955,1.773586392402649,2200000,565,275000
0.00545947952196002,0.6383263468742371,1.728533387184143,2200800,565,275100
0.004677379038184881,0.7225552499294281,1.7568433284759521,2201600,565,275200
0.005861670710146427,-0.057586073875427246,1.6436675786972046,2202400,565,275300
0.0029211845248937607,0.8928766995668411,1.6406141519546509,2203200,565,275400
0.0013661808334290981,0.2237810492515564,1.68119478225708,2204000,565,275500
0.0013230014592409134,-0.30938518047332764,1.755142092704773,2204800,565,275600
0.0015910957008600235,0.7057920098304749,1.6393041610717773,2205600,565,275700
0.0023382087238132954,0.9209006577730179,1.6199787855148315,2206400,565,275800
0.0018640607595443726,0.7661280333995819,1.6998485326766968,2207200,565,275900
0.007405949756503105,0.6231108009815216,1.713692545890808,2208000,565,276000
0.0030776315834373236,0.3306906819343567,1.494166612625122,2208800,565,276100
0.012273862957954407,-1.8556067943572998,1.7286285161972046,2209600,565,276200
0.004957661963999271,0.22906750440597534,1.5463354587554932,2210400,565,276300
0.0007956004701554775,0.8959185555577278,1.6499555110931396,2211200,565,276400
0.003753665601834655,0.49974650144577026,1.3210265636444092,2212000,565,276500
0.005210378672927618,0.7925795167684555,1.5928006172180176,2212800,565,276600
0.005949503742158413,0.8943617269396782,1.570580244064331,2213600,565,276700
0.0030173189006745815,0.9558703489601612,1.4790434837341309,2214400,565,276800
0.011563505977392197,0.3363526463508606,1.5588321685791016,2215200,565,276900
0.0007111383602023125,0.9776988215744495,1.5030498504638672,2216000,565,277000
0.032397374510765076,0.8648274391889572,1.7109911441802979,2216800,565,277100
0.003577000927180052,0.9565140455961227,1.4100284576416016,2217600,565,277200
0.004086162894964218,0.7662566900253296,1.7076401710510254,2218400,565,277300
0.012280833907425404,0.8428096324205399,1.5886152982711792,2219200,565,277400
0.0029713325202465057,-0.2542288303375244,1.601577877998352,2220000,565,277500
0.005189860705286264,0.9462704248726368,1.5865199565887451,2220800,565,277600
0.0024613714776933193,0.9175457283854485,1.5785070657730103,2221600,565,277700
0.0028462312184274197,0.8060726672410965,1.4796686172485352,2222400,565,277800
0.013952329754829407,0.3965842127799988,1.2143547534942627,2223200,565,277900
0.000971663452219218,0.9821697268635035,1.6957752704620361,2224000,565,278000
0.0008314095321111381,0.9559914879500866,1.701951503753662,2224800,565,278100
0.001043396070599556,0.8638369292020798,1.7456188201904297,2225600,565,278200
0.002291971119120717,0.8878579363226891,1.562516212463379,2226400,565,278300
0.0021522725000977516,0.9295103326439857,1.723163366317749,2227200,565,278400
0.00396178662776947,0.9429063089191914,1.7146995067596436,2228000,565,278500
0.023868553340435028,0.70760777592659,1.582336664199829,2228800,565,278600
0.0013705228921025991,0.8580292761325836,1.728704571723938,2229600,565,278700
0.006307947915047407,0.8961300998926163,1.7402427196502686,2230400,565,278800
0.0008952954085543752,0.6632306277751923,1.6860859394073486,2231200,565,278900
0.0028889509849250317,0.9733878169208765,1.630366325378418,2232000,565,279000
0.008518733084201813,0.7229904532432556,1.7576221227645874,2232800,565,279100
0.00039246358210220933,0.9087424352765083,1.573105812072754,2233600,565,279200
0.005484187044203281,0.8811017721891403,1.6982659101486206,2234400,565,279300
0.006865166127681732,0.26771628856658936,1.6603800058364868,2235200,565,279400
0.002704980783164501,0.017642319202423096,1.346199870109558,2236000,565,279500
0.002175727393478155,0.7726049721240997,1.6981301307678223,2236800,565,279600
0.000827835057862103,0.9481251686811447,1.7466942071914673,2237600,565,279700
0.009681761264801025,0.6183871030807495,1.6277835369110107,2238400,565,279800
0.0035400534979999065,0.9559734538197517,1.569197177886963,2239200,565,279900
0.007158743217587471,0.9697530474513769,1.6625876426696777,2240000,565,280000
0.004246048163622618,0.35185617208480835,1.635969638824463,2240800,565,280100
0.00840682815760374,0.926659844815731,1.5167052745819092,2241600,565,280200
0.03598261997103691,0.6970898807048798,1.7309308052062988,2242400,565,280300
0.0035823818761855364,0.4866190552711487,1.712717890739441,2243200,565,280400
0.002209774684160948,0.8374448418617249,1.7164528369903564,2244000,565,280500
0.00654003769159317,0.5252009928226471,1.6744437217712402,2244800,565,280600
0.027283184230327606,0.8270678818225861,1.6501166820526123,2245600,565,280700
0.0016703782603144646,0.8275284916162491,1.7457928657531738,2246400,565,280800
0.002339296042919159,0.9783912021666765,1.5862188339233398,2247200,565,280900
0.011019324883818626,-12.05667781829834,1.5794566869735718,2248000,565,281000
0.006398841738700867,0.9501425065100193,1.7233525514602661,2248800,565,281100
0.020534923300147057,0.9353678748011589,1.1978167295455933,2249600,565,281200
0.002109838416799903,0.8617667704820633,1.5711525678634644,2250400,565,281300
0.0005169943906366825,0.9361603781580925,1.7799464464187622,2251200,565,281400
0.06448480486869812,0.394645094871521,1.4506399631500244,2252000,565,281500
0.0013455989537760615,0.7393883168697357,1.3591578006744385,2252800,565,281600
0.0078081293031573296,0.8975490927696228,1.365515112876892,2253600,565,281700
0.0040261331014335155,0.7591782361268997,1.726205587387085,2254400,565,281800
0.007684677839279175,0.7354863286018372,1.715925693511963,2255200,565,281900
0.02438991330564022,0.7358600199222565,1.4260597229003906,2256000,565,282000
0.07244826853275299,0.5239509642124176,1.7266879081726074,2256800,565,282100
0.0005606776685453951,0.811538964509964,1.7596993446350098,2257600,565,282200
0.0034245303831994534,0.8794405534863472,1.683618426322937,2258400,565,282300
0.00031172679155133665,0.813936784863472,1.7465040683746338,2259200,565,282400
0.0010091769509017467,0.9538990072906017,1.6656343936920166,2260000,565,282500
0.006881904322654009,0.6997668743133545,1.7235405445098877,2260800,565,282600
0.003671321552246809,0.891794390976429,1.6020545959472656,2261600,565,282700
0.011267820373177528,0.13190960884094238,1.3626112937927246,2262400,565,282800
0.002501881215721369,0.7502936124801636,1.7048969268798828,2263200,565,282900
0.0008067263406701386,0.9114022105932236,1.5764474868774414,2264000,565,283000
0.0009997908491641283,0.9821881409734488,1.641531229019165,2264800,565,283100
0.0015205529052764177,0.9417025968432426,1.6633632183074951,2265600,565,283200
0.001165171037428081,0.8963777422904968,1.483030915260315,2266400,565,283300
0.004824482835829258,-5.457961082458496,1.4751758575439453,2267200,565,283400
0.004282692447304726,0.9402987621724606,1.582184076309204,2268000,565,283500
0.004242490977048874,0.5246500074863434,1.5398783683776855,2268800,565,283600
0.001080955844372511,0.943280678242445,1.429523229598999,2269600,565,283700
0.011035626754164696,0.9343300089240074,1.6790857315063477,2270400,565,283800
0.003958751913160086,0.8882874399423599,1.4491171836853027,2271200,565,283900
0.001567044877447188,0.9274489879608154,1.5922329425811768,2272000,565,284000
0.0031772376969456673,0.7841358035802841,1.6380729675292969,2272800,565,284100
0.005732368677854538,0.9228134751319885,1.6536431312561035,2273600,565,284200
0.0019275837112218142,0.7237425148487091,1.7661409378051758,2274400,565,284300
0.0016561758238822222,0.639253556728363,1.6879922151565552,2275200,565,284400
0.0016245779115706682,0.9839820396155119,1.413860559463501,2276000,565,284500
0.0016075412277132273,0.9974219433497638,1.5330449342727661,2276800,565,284600
0.00758004654198885,0.7596735507249832,1.715409755706787,2277600,565,284700
0.025379009544849396,0.7405073642730713,1.3385534286499023,2278400,565,284800
0.033302150666713715,0.8103820532560349,1.4953796863555908,2279200,565,284900
0.026666458696126938,0.6241505444049835,1.7070715427398682,2280000,565,285000
0.0013580513186752796,0.33662837743759155,1.7577192783355713,2280800,565,285100
0.002070152899250388,0.9695871621370316,1.6215325593948364,2281600,565,285200
0.0032587593887001276,0.8016633242368698,1.6507737636566162,2282400,565,285300
0.007121228147298098,0.7849612087011337,1.735792875289917,2283200,565,285400
0.006337731145322323,0.5571722388267517,1.7539963722229004,2284000,565,285500
0.01718219183385372,0.3125343918800354,1.7476744651794434,2284800,565,285600
0.003575654001906514,0.8237153887748718,1.7282984256744385,2285600,565,285700
0.0035490156151354313,0.8822169378399849,1.6992762088775635,2286400,565,285800
0.004579643718898296,0.6879468262195587,1.67633056640625,2287200,565,285900
0.0033987672068178654,0.8600048124790192,1.6867692470550537,2288000,565,286000
0.005775319412350655,0.894813098013401,1.747776746749878,2288800,565,286100
0.0034398501738905907,0.5901684761047363,1.6636983156204224,2289600,565,286200
0.0007425288786180317,0.9945855047553778,1.6472328901290894,2290400,565,286300
0.0025717439129948616,0.9494635425508022,1.6415598392486572,2291200,565,286400
0.0020187431946396828,0.8217804431915283,1.5332062244415283,2292000,565,286500
0.004052754025906324,0.7557384520769119,1.3788942098617554,2292800,565,286600
0.06304103136062622,0.24507743120193481,1.5913866758346558,2293600,565,286700
0.0041806865483522415,-0.19910955429077148,1.742207407951355,2294400,565,286800
0.0014677776489406824,0.5997496545314789,1.602616548538208,2295200,565,286900
0.00579784344881773,0.6561330854892731,1.0328702926635742,2296000,565,287000
0.0006045566406100988,0.9324818179011345,1.7060424089431763,2296800,565,287100
0.0011750368867069483,0.9550204612314701,1.7199695110321045,2297600,565,287200
0.0034645171836018562,0.7451570928096771,1.697812795639038,2298400,565,287300
0.005316612310707569,0.7900272905826569,1.7305256128311157,2299200,565,287400
0.003033530432730913,0.7844027280807495,1.4992153644561768,2300000,565,287500
0.0023214889224618673,0.936585545539856,1.7167577743530273,2300800,565,287600
0.0025552562437951565,0.2373167872428894,1.7625017166137695,2301600,565,287700
0.005035772453993559,-2.0920965671539307,1.7410508394241333,2302400,565,287800
0.004601927008479834,0.8866443932056427,1.338327169418335,2303200,565,287900
0.004901810549199581,-2.2791707515716553,1.5792522430419922,2304000,565,288000
0.010798417031764984,0.15533143281936646,1.4815665483474731,2304800,565,288100
0.013821914792060852,0.09769695997238159,1.482071876525879,2305600,565,288200
0.003892037086188793,-0.8721966743469238,1.606889009475708,2306400,565,288300
0.004469919018447399,0.4371720552444458,1.613856554031372,2307200,565,288400
0.002380532678216696,0.7318123579025269,1.0936179161071777,2308000,565,288500
0.0045674704015254974,0.38050568103790283,1.7686350345611572,2308800,565,288600
0.07862026244401932,0.7608012557029724,1.6212623119354248,2309600,565,288700
0.01285755168646574,-51.217411041259766,1.3773488998413086,2310400,565,288800
0.004180563148111105,-0.004839777946472168,1.7466373443603516,2311200,565,288900
0.0018132159020751715,0.9798284880816936,1.436646819114685,2312000,565,289000
0.002613691845908761,0.9441870823502541,1.6753575801849365,2312800,565,289100
0.0428551509976387,0.1537153720855713,1.4170045852661133,2313600,565,289200
0.0035390795674175024,0.9708338417112827,1.647937297821045,2314400,565,289300
0.001055936561897397,0.595111072063446,1.7315869331359863,2315200,565,289400
0.004798573441803455,0.6519138216972351,1.5214614868164062,2316000,565,289500
0.002276096260175109,0.6735309362411499,1.7341378927230835,2316800,565,289600
0.008930202573537827,0.9234389364719391,1.5372607707977295,2317600,565,289700
0.0017325029475614429,0.8915586322546005,1.6731479167938232,2318400,565,289800
0.0010061359498649836,0.8429649323225021,1.4254181385040283,2319200,565,289900
0.004095792770385742,0.46189290285110474,1.6998279094696045,2320000,565,290000
0.027514513581991196,-1.2014234066009521,1.6807568073272705,2320800,565,290100
0.013419241644442081,0.599429577589035,1.7111563682556152,2321600,565,290200
0.0032389855477958918,-1.5301876068115234,1.7321488857269287,2322400,565,290300
0.026872701942920685,0.24024635553359985,1.552804946899414,2323200,565,290400
0.005251643247902393,0.6608307957649231,1.3573880195617676,2324000,565,290500
0.008778939954936504,0.8789059966802597,1.5583546161651611,2324800,565,290600
0.011302556842565536,0.8951479643583298,1.7375227212905884,2325600,565,290700
0.005079665221273899,0.8357573598623276,1.575239896774292,2326400,565,290800
0.006208025850355625,0.3622470498085022,1.6477863788604736,2327200,565,290900
0.0036948223132640123,0.7376806437969208,1.7189886569976807,2328000,565,291000
0.006323059555143118,-1.9501972198486328,1.6040751934051514,2328800,565,291100
0.0035696090199053288,0.8092161417007446,1.5215340852737427,2329600,565,291200
0.0010522212833166122,0.6049332916736603,1.1722538471221924,2330400,565,291300
0.0017764748772606254,0.8807254657149315,1.5035178661346436,2331200,565,291400
0.003878436516970396,0.816971093416214,1.579264760017395,2332000,565,291500
0.04023003578186035,0.8032041788101196,1.5603663921356201,2332800,565,291600
0.011636628769338131,0.9193488880991936,1.552036166191101,2333600,565,291700
0.004337234888225794,0.4444347620010376,1.3926633596420288,2334400,565,291800
0.0014239609008654952,0.8980759307742119,1.5969200134277344,2335200,565,291900
0.0034753521904349327,0.9727224931120872,1.3316712379455566,2336000,565,292000
0.003655525855720043,0.847320094704628,1.5433261394500732,2336800,565,292100
0.00644069816917181,-14.209070205688477,1.446980595588684,2337600,565,292200
0.0017188284546136856,-0.2291799783706665,1.673344373703003,2338400,565,292300
0.005066725891083479,0.5816059410572052,1.2534831762313843,2339200,565,292400
0.0005380056682042778,0.24370616674423218,1.667533278465271,2340000,565,292500
0.04970524460077286,-0.6384350061416626,1.3429055213928223,2340800,565,292600
0.003342319279909134,0.9221227318048477,1.5983548164367676,2341600,565,292700
0.0059316568076610565,0.8082021176815033,1.6097822189331055,2342400,565,292800
0.007950902916491032,-1.540637731552124,1.6058194637298584,2343200,565,292900
0.0031148565467447042,0.6826472580432892,1.6513035297393799,2344000,565,293000
0.0014999867416918278,0.8605015277862549,1.6124736070632935,2344800,565,293100
0.0029333876445889473,0.8251187801361084,1.6077797412872314,2345600,565,293200
0.0005906722508370876,0.9324066713452339,1.629556655883789,2346400,565,293300
0.001889568753540516,0.9860415318980813,1.6334140300750732,2347200,565,293400
0.0010793216060847044,0.7506844103336334,1.7374305725097656,2348000,565,293500
0.0015947641804814339,0.8688908517360687,1.7262251377105713,2348800,565,293600
0.011951018124818802,-1.2290191650390625,1.5336086750030518,2349600,565,293700
0.004510919563472271,0.5511778891086578,1.621930718421936,2350400,565,293800
0.005251617636531591,0.7527845948934555,1.6738704442977905,2351200,565,293900
0.005290606990456581,0.9487450830638409,1.403005599975586,2352000,565,294000
0.03850047290325165,0.20788860321044922,1.7088044881820679,2352800,565,294100
0.0010863910429179668,0.9317282140254974,1.6563308238983154,2353600,565,294200
0.020424842834472656,0.7949483096599579,1.1914801597595215,2354400,565,294300
0.002131317974999547,0.8898114562034607,1.6603279113769531,2355200,565,294400
0.002282746136188507,0.9289003610610962,1.6633470058441162,2356000,565,294500
0.0036966740153729916,0.9478756710886955,1.6269140243530273,2356800,565,294600
0.010578040033578873,-0.3918503522872925,1.6915439367294312,2357600,565,294700
0.0036453288048505783,0.5743783116340637,1.6301860809326172,2358400,565,294800
0.0016895505832508206,0.9838342107832432,1.63167142868042,2359200,565,294900
0.005747958552092314,0.7587489783763885,1.435083031654358,2360000,565,295000
0.004156547132879496,-1.8289861679077148,1.5913474559783936,2360800,565,295100
0.031798750162124634,0.38630104064941406,1.5380094051361084,2361600,565,295200
0.015446247532963753,0.6043672859668732,1.4888010025024414,2362400,565,295300
0.0005875976057723165,0.9972497022245079,1.392167091369629,2363200,565,295400
0.004718346055597067,0.9458633661270142,1.5312786102294922,2364000,565,295500
0.0010274092201143503,0.9533846639096737,1.7025048732757568,2364800,565,295600
0.013575579971075058,-0.6146059036254883,1.5241520404815674,2365600,565,295700
0.015439395792782307,-0.32838451862335205,1.1206284761428833,2366400,565,295800
0.004503309726715088,0.4318996071815491,1.6679892539978027,2367200,565,295900
0.013813290745019913,0.5443219840526581,1.6273994445800781,2368000,565,296000
0.02227051928639412,0.507832258939743,1.481956124305725,2368800,565,296100
0.003995887003839016,0.6239143311977386,1.7146270275115967,2369600,565,296200
0.028589913621544838,0.7505844384431839,1.6761833429336548,2370400,565,296300
0.011059514246881008,0.7471856474876404,1.6105296611785889,2371200,565,296400
0.008812200278043747,-0.6876317262649536,1.705509901046753,2372000,565,296500
0.002914504846557975,0.9382121525704861,1.5160672664642334,2372800,565,296600
0.01278537418693304,0.8402297049760818,1.528660774230957,2373600,565,296700
0.005203757435083389,0.2179645299911499,1.6065146923065186,2374400,565,296800
0.0022116065956652164,0.9047490209341049,1.6070945262908936,2375200,565,296900
0.0012920103035867214,0.8284840881824493,1.7122178077697754,2376000,565,297000
0.0012349564349278808,0.7207567393779755,1.6285381317138672,2376800,565,297100
0.00378044112585485,0.974703973159194,1.5169180631637573,2377600,565,297200
0.010172035545110703,0.9234180152416229,1.7044824361801147,2378400,565,297300
0.0029250076040625572,0.9460885748267174,1.7152490615844727,2379200,565,297400
0.006235271692276001,0.896651603281498,1.654579997062683,2380000,565,297500
0.0024630494881421328,-2.7056353092193604,1.5813628435134888,2380800,565,297600
0.0010829363018274307,0.5680768191814423,1.668454885482788,2381600,565,297700
0.025012129917740822,0.7846021503210068,1.5715149641036987,2382400,565,297800
0.0009162254864349961,0.8978562280535698,1.6564795970916748,2383200,565,297900
0.007180185988545418,0.8093145936727524,1.5015459060668945,2384000,565,298000
0.02289474755525589,0.9305053129792213,1.6110870838165283,2384800,565,298100
0.020147178322076797,0.6705819964408875,1.5678725242614746,2385600,565,298200
0.007952847518026829,0.6477685570716858,1.4735541343688965,2386400,565,298300
0.005548141896724701,0.8450895994901657,1.2877142429351807,2387200,565,298400
0.002511005848646164,0.9965788414701819,1.6300232410430908,2388000,565,298500
0.001780283753760159,0.6778791844844818,1.715345025062561,2388800,565,298600
0.0044608330354094505,0.9933418519794941,1.547374963760376,2389600,565,298700
0.0012807147577404976,0.8366171419620514,1.5015792846679688,2390400,565,298800
0.0049187904223799706,0.7469916045665741,1.7482483386993408,2391200,565,298900
0.007170478813350201,0.6531754434108734,1.6363883018493652,2392000,565,299000
0.027371589094400406,0.7643648833036423,1.3457061052322388,2392800,565,299100
0.004490469582378864,-2.225802183151245,1.693642020225525,2393600,565,299200
0.0026718899607658386,0.8299161195755005,1.6777973175048828,2394400,565,299300
0.002896619960665703,0.9620218314230442,1.7478679418563843,2395200,565,299400
0.016562946140766144,0.7644296437501907,1.6100902557373047,2396000,565,299500
0.0008789908606559038,0.6393489241600037,1.6918985843658447,2396800,565,299600
0.0008003419497981668,-0.35314905643463135,1.5747181177139282,2397600,565,299700
0.001547760097309947,0.9765757974237204,1.5458598136901855,2398400,565,299800
0.0017611635848879814,0.9678515419363976,1.5487780570983887,2399200,565,299900
0.0035148446913808584,0.7496781945228577,1.7701606750488281,2400000,565,300000
0.07674381881952286,0.2410786747932434,1.3724660873413086,2400800,565,300100
0.0022375336848199368,0.8713496625423431,1.579728603363037,2401600,565,300200
0.0004966487176716328,0.7992788255214691,1.7395297288894653,2402400,565,300300
0.003895849920809269,0.9729684460908175,1.5778971910476685,2403200,565,300400
0.00026795468875207007,0.9902418525889516,1.7491564750671387,2404000,565,300500
0.0029572821222245693,0.8298898637294769,1.6707117557525635,2404800,565,300600
0.03577524051070213,0.7770219892263412,1.3942255973815918,2405600,565,300700
0.002229392994195223,0.1747695803642273,1.5516598224639893,2406400,565,300800
0.00042816848144866526,0.7800556421279907,1.7331037521362305,2407200,565,300900
0.0014481774996966124,0.7247357070446014,1.6191589832305908,2408000,565,301000
0.01891932636499405,0.24351012706756592,1.381730079650879,2408800,565,301100
0.02512233518064022,0.6725987493991852,1.5992860794067383,2409600,565,301200
0.010196775197982788,0.9690645970404148,1.6221531629562378,2410400,565,301300
0.0007362570613622665,0.8883454278111458,1.7182451486587524,2411200,565,301400
0.0036737797781825066,-9.776632308959961,1.7195476293563843,2412000,565,301500
0.0022879703901708126,0.8121423870325089,1.7364150285720825,2412800,565,301600
0.014853927306830883,-0.14667236804962158,1.6673119068145752,2413600,565,301700
0.029397258535027504,-0.39986884593963623,1.484678030014038,2414400,565,301800
0.0017407701816409826,0.9140407666563988,1.6790149211883545,2415200,565,301900
0.00424513453617692,0.13114017248153687,1.7078731060028076,2416000,565,302000
0.0011794306337833405,0.8100975453853607,1.6790118217468262,2416800,565,302100
0.006980718579143286,0.8744079768657684,1.7351696491241455,2417600,565,302200
0.0031799778807908297,0.9683599397540092,1.6843249797821045,2418400,565,302300
0.005334571003913879,0.15045785903930664,1.6832435131072998,2419200,565,302400
0.0015434843953698874,0.733469545841217,1.7051639556884766,2420000,565,302500
0.01645221933722496,0.6125929653644562,1.4466526508331299,2420800,566,302600
0.001687686424702406,0.810801774263382,1.65736985206604,2421600,566,302700
0.002692949492484331,0.9678852520883083,1.623395562171936,2422400,566,302800
0.0022815933916717768,0.1676691770553589,1.6311196088790894,2423200,566,302900
0.007925554178655148,0.17576849460601807,1.5521167516708374,2424000,566,303000
0.00118976307567209,0.5217249989509583,1.7474067211151123,2424800,566,303100
0.0007718695560470223,0.9441666342318058,1.7553164958953857,2425600,566,303200
0.005844526924192905,0.8030128329992294,1.5031812191009521,2426400,566,303300
0.001855985028669238,0.9408048279583454,1.6191210746765137,2427200,566,303400
0.0007517639314755797,0.5723011791706085,1.62003493309021,2428000,566,303500
0.0008285610820166767,0.9170784279704094,1.553478717803955,2428800,566,303600
0.0008498328388668597,0.9173777848482132,1.470329999923706,2429600,566,303700
0.0030574111733585596,0.7664447128772736,1.513056755065918,2430400,566,303800
0.0011706282384693623,0.8427946865558624,1.6542381048202515,2431200,566,303900
0.0026189442723989487,0.6805875897407532,1.1347976922988892,2432000,566,304000
0.0006263492978177965,0.8026545643806458,1.4945728778839111,2432800,566,304100
0.008289754390716553,-1.9449622631072998,1.1287328004837036,2433600,566,304200
0.004416121169924736,0.9427131451666355,1.4413151741027832,2434400,566,304300
0.00687023438513279,-0.12131702899932861,1.717166543006897,2435200,566,304400
0.002410203218460083,0.6048011779785156,1.569155216217041,2436000,566,304500
0.0036037168465554714,0.014365017414093018,1.5674335956573486,2436800,566,304600
0.019114676862955093,0.6665091514587402,1.7557740211486816,2437600,566,304700
0.0021661692298948765,0.9559113308787346,1.5347003936767578,2438400,566,304800
0.001974700251594186,-7.979335784912109,1.6064674854278564,2439200,566,304900
0.04631701111793518,0.874704584479332,1.6034657955169678,2440000,566,305000
0.002557830885052681,0.7331840693950653,1.7293415069580078,2440800,566,305100
0.0010257684625685215,0.8626718074083328,1.6237215995788574,2441600,566,305200
0.002049854025244713,0.9846932683140039,1.6119784116744995,2442400,566,305300
0.006596166640520096,0.5204317569732666,1.7193008661270142,2443200,566,305400
0.006275196559727192,0.9754067286849022,1.7247706651687622,2444000,566,305500
0.003226041793823242,0.8728770613670349,1.7492049932479858,2444800,566,305600
0.004105818457901478,0.942278265953064,1.481302261352539,2445600,566,305700
0.0006897765561006963,0.9905386213213205,1.741977572441101,2446400,566,305800
0.005687925964593887,-25.483522415161133,1.6763978004455566,2447200,566,305900
0.001054659835062921,0.9675004705786705,1.6000745296478271,2448000,566,306000
0.005829310975968838,0.5628558695316315,1.5661593675613403,2448800,566,306100
0.006904944311827421,0.7849859595298767,1.5381540060043335,2449600,566,306200
0.020838065072894096,0.2207876443862915,1.5059959888458252,2450400,566,306300
0.0024032508954405785,0.9435824379324913,1.4965074062347412,2451200,566,306400
0.0480482243001461,0.8080805689096451,1.6229841709136963,2452000,566,306500
0.02526085078716278,0.6989470720291138,1.6100926399230957,2452800,566,306600
0.0025268509052693844,-1.9389655590057373,1.7547849416732788,2453600,566,306700
0.0038988422602415085,0.43116092681884766,1.735546588897705,2454400,566,306800
0.0027734357863664627,-0.037384986877441406,1.7007997035980225,2455200,566,306900
0.0031216442584991455,0.11564546823501587,1.7460511922836304,2456000,566,307000
0.001110504032112658,0.6126220524311066,1.7352945804595947,2456800,566,307100
0.0010875456500798464,-0.03920340538024902,1.746936559677124,2457600,566,307200
0.002170365070924163,-1.2747764587402344,1.6863000392913818,2458400,566,307300
0.0032474237959831953,0.9160962849855423,1.7281384468078613,2459200,566,307400
0.020259175449609756,0.7490472793579102,1.6194684505462646,2460000,566,307500
0.0014760044869035482,0.7481042444705963,1.5697768926620483,2460800,566,307600
0.010185016319155693,0.006339013576507568,1.5375769138336182,2461600,566,307700
0.004336072131991386,0.8794434443116188,1.6073193550109863,2462400,566,307800
0.0029496653005480766,-2.114718437194824,1.7331557273864746,2463200,566,307900
0.0046942164190113544,0.9623281732201576,1.4920916557312012,2464000,566,308000
0.0016274076187983155,0.9723783954977989,1.6243658065795898,2464800,566,308100
0.05430678278207779,0.3862202763557434,1.5811612606048584,2465600,566,308200
0.006311366800218821,-3.1930055618286133,1.5626097917556763,2466400,566,308300
0.0035894387401640415,0.9391762763261795,1.6435831785202026,2467200,566,308400
0.0029542087577283382,0.7109369039535522,1.7039027214050293,2468000,566,308500
0.002295907586812973,0.9682565778493881,1.490983247756958,2468800,566,308600
0.0005621960153803229,0.8339907377958298,1.6517887115478516,2469600,566,308700
0.000726503087207675,0.9326595664024353,1.4778261184692383,2470400,566,308800
0.021236857399344444,0.5844309329986572,1.7429300546646118,2471200,566,308900
0.006671168841421604,0.9136620238423347,1.4314453601837158,2472000,566,309000
0.007634983863681555,0.641412228345871,1.6173293590545654,2472800,566,309100
0.0013761000009253621,0.6414279043674469,1.5718872547149658,2473600,566,309200
0.013329129666090012,0.49618107080459595,1.4930846691131592,2474400,566,309300
0.0044098482467234135,0.8781283423304558,1.4813241958618164,2475200,566,309400
0.0041524991393089294,0.10444211959838867,1.6464381217956543,2476000,566,309500
0.016511382535099983,0.8154708743095398,1.3805909156799316,2476800,566,309600
0.010472903028130531,0.6151743233203888,1.754645824432373,2477600,566,309700
0.003076131222769618,-1.4854607582092285,1.7735061645507812,2478400,566,309800
0.0012549085076898336,0.9604887962341309,1.7424283027648926,2479200,566,309900
0.0011677003931254148,0.9757513199001551,1.626204013824463,2480000,566,310000
0.000721497111953795,0.8264474272727966,1.6059601306915283,2480800,566,310100
0.0002987475600093603,0.9646104834973812,1.7534878253936768,2481600,566,310200
0.000978999538347125,0.8745483905076981,1.6947585344314575,2482400,566,310300
0.0007644291035830975,0.881428986787796,1.6733050346374512,2483200,566,310400
0.0026918542571365833,0.70566526055336,1.321028470993042,2484000,566,310500
0.00247150263749063,0.9449926279485226,1.4832191467285156,2484800,566,310600
0.0016956916078925133,0.8960893154144287,1.7112488746643066,2485600,566,310700
0.0008995152893476188,0.9040305465459824,1.755805253982544,2486400,566,310800
0.008629554882645607,0.8886240944266319,1.6076830625534058,2487200,566,310900
0.006957017816603184,-2.734508514404297,1.686854600906372,2488000,566,311000
0.006044382229447365,-2.1033434867858887,1.6835875511169434,2488800,566,311100
0.0007092535379342735,0.9366801753640175,1.5515495538711548,2489600,566,311200
0.010325152426958084,0.9531297758221626,1.3131601810455322,2490400,566,311300
0.0028823839966207743,0.9118963181972504,1.7087745666503906,2491200,566,311400
0.001796012045815587,0.8210984319448471,1.6297893524169922,2492000,566,311500
0.019760191440582275,0.7613301873207092,1.6457961797714233,2492800,566,311600
0.004331561736762524,0.881085678935051,1.7323315143585205,2493600,566,311700
0.025774329900741577,0.653899759054184,1.5016179084777832,2494400,566,311800
0.012865632772445679,0.747463583946228,1.4357638359069824,2495200,566,311900
0.012428449466824532,-0.33879828453063965,1.5495413541793823,2496000,566,312000
0.0037124906666576862,0.9317347854375839,1.6431126594543457,2496800,566,312100
0.00035871067666448653,0.9899449246004224,1.6259033679962158,2497600,566,312200
0.002835426013916731,0.7108455896377563,1.6829445362091064,2498400,566,312300
0.0020080087706446648,0.5993951261043549,1.7557716369628906,2499200,566,312400
0.002628518734127283,0.9222566410899162,1.5347745418548584,2500000,566,312500
0.004658997058868408,0.3040122985839844,1.6998764276504517,2500800,566,312600
0.0009499621228314936,0.9276286363601685,1.6905505657196045,2501600,566,312700
0.003297817660495639,0.7863685488700867,1.6291303634643555,2502400,566,312800
0.0025055152364075184,-2.8669679164886475,1.7756288051605225,2503200,566,312900
0.0027468230109661818,0.6383225917816162,1.7065083980560303,2504000,566,313000
0.056403279304504395,-0.1564793586730957,1.5759236812591553,2504800,566,313100
0.005634180270135403,0.9156423583626747,1.368163824081421,2505600,566,313200
0.002456639427691698,0.7190061807632446,1.5414440631866455,2506400,566,313300
0.0015308165457099676,0.9565568342804909,1.668519377708435,2507200,566,313400
0.0012374822981655598,-0.3255641460418701,1.673593521118164,2508000,566,313500
0.0022970547433942556,0.911656990647316,1.7419724464416504,2508800,566,313600
0.030811870470643044,0.6437671482563019,1.6349236965179443,2509600,566,313700
0.06824743747711182,0.11662966012954712,1.5749574899673462,2510400,566,313800
0.0010730634676292539,0.927599161863327,1.70849609375,2511200,566,313900
0.0012258157366886735,0.9686468876898289,1.5712485313415527,2512000,566,314000
0.006693357136100531,0.74643874168396,1.6052591800689697,2512800,566,314100
0.004807647317647934,-2.0805020332336426,1.7431529760360718,2513600,566,314200
0.007454205304384232,0.8880632072687149,1.7282965183258057,2514400,566,314300
0.003083893796429038,-1.0208048820495605,1.64621102809906,2515200,566,314400
0.0011196050327271223,0.9220767989754677,1.6306085586547852,2516000,566,314500
0.006032060366123915,-7.599102020263672,1.7144523859024048,2516800,566,314600
0.004495436325669289,-0.3083916902542114,1.612261176109314,2517600,566,314700
0.0020278890151530504,0.8961561545729637,1.449359655380249,2518400,566,314800
0.0045878104865550995,0.7216791212558746,1.70027494430542,2519200,566,314900
0.0012868402991443872,0.9722450841218233,1.5241549015045166,2520000,566,315000
0.0017731840489432216,0.9000801220536232,1.5126451253890991,2520800,566,315100
0.0020936885848641396,0.7507402002811432,1.6076810359954834,2521600,566,315200
0.006713788025081158,0.8692668676376343,1.647812008857727,2522400,566,315300
0.01544790156185627,0.8899308368563652,1.720237374305725,2523200,566,315400
0.0060818977653980255,0.8746550679206848,1.7262762784957886,2524000,566,315500
0.0012988356174901128,0.9336283281445503,1.5187029838562012,2524800,566,315600
0.0043606567196547985,-3.377582550048828,1.7276427745819092,2525600,566,315700
0.0035743433982133865,0.7931409180164337,1.699568748474121,2526400,566,315800
0.001085006515495479,0.9356600493192673,1.7237942218780518,2527200,566,315900
0.0034345723688602448,-0.9437417984008789,1.659260869026184,2528000,566,316000
0.016211092472076416,0.8708928823471069,1.6335076093673706,2528800,566,316100
0.0037454660050570965,0.6978775858879089,1.7294111251831055,2529600,566,316200
0.003940010443329811,-1.1326074600219727,1.3877904415130615,2530400,566,316300
0.0008977679535746574,0.9741677418351173,1.5226560831069946,2531200,566,316400
0.008932594209909439,0.9488001056015491,1.5911357402801514,2532000,566,316500
0.00020350336853880435,0.9253759533166885,1.5882556438446045,2532800,566,316600
0.00356053514406085,0.884999044239521,1.5915758609771729,2533600,566,316700
0.0063498374074697495,0.9837573654949665,1.3875949382781982,2534400,566,316800
0.0040696789510548115,0.8811508938670158,1.4016730785369873,2535200,566,316900
0.003032836364582181,0.855895072221756,1.6011207103729248,2536000,566,317000
0.0015457477420568466,-0.19655275344848633,1.397648572921753,2536800,566,317100
0.0006211601430550218,-0.27466344833374023,1.7623302936553955,2537600,566,317200
0.007644296623766422,0.8989728912711143,1.691960096359253,2538400,566,317300
0.006377886049449444,0.8710260689258575,1.4562029838562012,2539200,566,317400
0.0017634331015869975,0.772402212023735,1.72548246383667,2540000,566,317500
0.007836752571165562,-26.7664852142334,1.7421824932098389,2540800,566,317600
0.00803355872631073,-0.8523069620132446,1.7716238498687744,2541600,566,317700
0.0016949097625911236,0.40049654245376587,1.7583626508712769,2542400,566,317800
0.008451472967863083,-0.140999436378479,1.7189587354660034,2543200,566,317900
0.0006790501647628844,0.8021958023309708,1.73331880569458,2544000,566,318000
0.006318771746009588,0.8045439571142197,1.6979832649230957,2544800,566,318100
0.005250225309282541,0.893666498363018,1.6922826766967773,2545600,566,318200
0.00829421915113926,0.9692853521555662,1.5535974502563477,2546400,566,318300
0.00966359581798315,0.8817004710435867,1.6344959735870361,2547200,566,318400
0.0010589370504021645,0.9889790844172239,1.6123980283737183,2548000,566,318500
0.005665053613483906,0.7810968905687332,1.570373296737671,2548800,566,318600
0.0055273775942623615,0.8623510599136353,1.5572738647460938,2549600,566,318700
0.0018875268287956715,0.9190678521990776,1.5621790885925293,2550400,566,318800
0.0020480756647884846,0.9780319668352604,1.6601178646087646,2551200,566,318900
0.004605155438184738,0.9241871535778046,1.4968223571777344,2552000,566,319000
0.006100079044699669,0.9675276465713978,1.2378376722335815,2552800,566,319100
0.0024722814559936523,0.5871706604957581,1.6254465579986572,2553600,566,319200
0.00520151574164629,-0.306554913520813,1.6962125301361084,2554400,566,319300
0.01104106567800045,0.9623072817921638,1.3656044006347656,2555200,566,319400
0.01151738129556179,0.7502151727676392,1.731092929840088,2556000,566,319500
0.0012841501738876104,0.8789895921945572,1.5426621437072754,2556800,566,319600
0.018286000937223434,0.3666643500328064,1.692214012145996,2557600,566,319700
0.0026768441312015057,0.9734992943704128,1.5631740093231201,2558400,566,319800
0.008759700693190098,0.8681175261735916,1.5246820449829102,2559200,566,319900
0.0007751195807941258,0.7539403587579727,1.6616668701171875,2560000,566,320000
0.002403631340712309,0.9511630646884441,1.7220474481582642,2560800,566,320100
0.03314996883273125,0.4067360758781433,1.3823686838150024,2561600,566,320200
0.01099116075783968,0.7182313203811646,1.6307528018951416,2562400,566,320300
0.002220397349447012,0.9657186083495617,1.6396235227584839,2563200,566,320400
0.01843353360891342,0.29690366983413696,1.6343703269958496,2564000,566,320500
0.0028655731584876776,0.6461897194385529,1.6032376289367676,2564800,566,320600
0.00645503681153059,0.9744144827127457,1.7039377689361572,2565600,566,320700
0.001086224103346467,0.5321673452854156,1.76815927028656,2566400,566,320800
0.0007892149733379483,0.9212048351764679,1.7641816139221191,2567200,566,320900
0.0013015764998272061,0.9755940940231085,1.7057620286941528,2568000,566,321000
0.00225389888510108,0.8185611814260483,1.7351139783859253,2568800,566,321100
0.0012508172076195478,0.9201661869883537,1.7555689811706543,2569600,566,321200
0.000874608987942338,0.9109399020671844,1.7503986358642578,2570400,566,321300
0.0014170247595757246,0.9941332107409835,1.7302587032318115,2571200,566,321400
0.004404601640999317,0.851518988609314,1.5828146934509277,2572000,566,321500
0.015615603886544704,0.5968438684940338,1.5708317756652832,2572800,566,321600
0.0057913470081985,-0.5253826379776001,1.6540911197662354,2573600,566,321700
0.0029323736671358347,0.7111960649490356,1.7407280206680298,2574400,566,321800
0.0020168849732726812,0.860728308558464,1.7536671161651611,2575200,566,321900
0.006222710013389587,0.9387199692428112,1.6560842990875244,2576000,566,322000
0.003164967056363821,0.7796134203672409,1.6126277446746826,2576800,566,322100
0.0015793668571859598,0.6169220507144928,1.7597155570983887,2577600,566,322200
0.0012540532043203712,0.8526777625083923,1.7144724130630493,2578400,566,322300
0.00324999145232141,0.9694254733622074,1.686159372329712,2579200,566,322400
0.008866299875080585,0.8617110252380371,1.5627784729003906,2580000,566,322500
0.0014925932046025991,0.976599894464016,1.574733018875122,2580800,566,322600
0.004124684724956751,-1.540402889251709,1.7341481447219849,2581600,566,322700
0.006724268198013306,0.9326694905757904,1.767120122909546,2582400,566,322800
0.0011838844511657953,0.6801950931549072,1.755725383758545,2583200,566,322900
0.0020611193031072617,0.8467997461557388,1.7715866565704346,2584000,566,323000
0.0005775486351922154,0.9668395146727562,1.6875557899475098,2584800,566,323100
0.014573171734809875,-0.007366657257080078,1.7228448390960693,2585600,566,323200
0.009773529134690762,-0.014632105827331543,1.635918378829956,2586400,566,323300
0.02137180045247078,0.25252050161361694,1.4344946146011353,2587200,566,323400
0.005367529112845659,0.5973477363586426,1.6962578296661377,2588000,566,323500
0.008060842752456665,0.8787588998675346,1.6723897457122803,2588800,566,323600
0.0005849057924933732,0.9533949606120586,1.6801261901855469,2589600,566,323700
0.0014491938054561615,0.9759010896086693,1.511849284172058,2590400,566,323800
0.0011814947938546538,0.9198199212551117,1.5771386623382568,2591200,566,323900
0.001834297552704811,0.991095514036715,1.7105613946914673,2592000,566,324000
0.007086905650794506,0.825379803776741,1.511793851852417,2592800,566,324100
0.002030903473496437,0.4616772532463074,1.6587255001068115,2593600,566,324200
0.00320610124617815,0.8040371686220169,1.6833409070968628,2594400,566,324300
0.017025653272867203,0.8963650539517403,1.3945618867874146,2595200,566,324400
0.0009952629916369915,0.7560490518808365,1.770668864250183,2596000,566,324500
0.0003682385431602597,0.8609754294157028,1.6724183559417725,2596800,566,324600
0.0073403953574597836,0.940278347581625,1.7352001667022705,2597600,566,324700
0.004097970202565193,-0.4941290616989136,1.7252371311187744,2598400,566,324800
0.00980277732014656,0.5171471536159515,1.6529366970062256,2599200,566,324900
0.0010082228109240532,0.9852245701476932,1.6932417154312134,2600000,566,325000
0.0025911489501595497,0.879839301109314,1.648603081703186,2600800,566,325100
0.0048677800223231316,0.9168179258704185,1.6224231719970703,2601600,566,325200
0.0027268975973129272,0.9680791758000851,1.5583970546722412,2602400,566,325300
0.0016015529399737716,0.9869235716760159,1.575433373451233,2603200,566,325400
0.007333079818636179,0.8449980616569519,1.406165599822998,2604000,566,325500
0.004981099162250757,0.8472268581390381,1.6198561191558838,2604800,566,325600
0.0031365007162094116,0.9060924202203751,1.6548609733581543,2605600,566,325700
0.0056420573964715,0.9562599584460258,1.5949933528900146,2606400,566,325800
0.009581493213772774,0.9317528307437897,1.6684505939483643,2607200,566,325900
0.008073335513472557,0.7097766101360321,1.4030439853668213,2608000,566,326000
0.016664642840623856,0.7516723573207855,1.6726362705230713,2608800,566,326100
0.0009220068459399045,0.9435679316520691,1.5546339750289917,2609600,566,326200
0.006229652091860771,0.7539204806089401,1.5818517208099365,2610400,566,326300
0.001218907767906785,0.5408098101615906,1.5022461414337158,2611200,566,326400
0.011180071160197258,0.8857910335063934,1.3900295495986938,2612000,566,326500
0.002454864326864481,0.9866252932697535,1.074620246887207,2612800,566,326600
0.0022563908714801073,-0.40807294845581055,1.7443673610687256,2613600,566,326700
0.012807351537048817,0.7961768954992294,1.3187038898468018,2614400,566,326800
0.006348960101604462,0.8294217735528946,1.4952404499053955,2615200,566,326900
0.0015630731359124184,0.923007182776928,1.7332122325897217,2616000,566,327000
0.000511372578330338,0.9930217168293893,1.699796438217163,2616800,566,327100
0.0006444686441682279,0.8624351173639297,1.7066431045532227,2617600,566,327200
0.0009961064206436276,0.9361142888665199,1.658634901046753,2618400,566,327300
0.004410998895764351,0.8674135059118271,1.596588373184204,2619200,566,327400
0.06285320967435837,0.8235373795032501,1.7140281200408936,2620000,566,327500
0.005010312423110008,0.19240885972976685,1.4822895526885986,2620800,566,327600
0.003289660671725869,0.6253192126750946,1.514364242553711,2621600,566,327700
0.0021318686194717884,-8.307561874389648,1.672722578048706,2622400,566,327800
0.008777760900557041,0.2050897479057312,1.7725024223327637,2623200,566,327900
0.0008892513578757644,0.8126012980937958,1.7496767044067383,2624000,566,328000
0.016156161203980446,0.8178423643112183,1.3945128917694092,2624800,566,328100
0.001884357538074255,0.9589090906083584,1.6740612983703613,2625600,566,328200
0.011867756024003029,0.8663819283246994,1.1441736221313477,2626400,566,328300
0.005080394446849823,0.5172253251075745,1.6308412551879883,2627200,566,328400
0.044510163366794586,0.8463337272405624,1.4728823900222778,2628000,566,328500
0.002063147025182843,0.9541439935564995,1.5044641494750977,2628800,566,328600
0.008206961676478386,0.8631810992956161,1.3197729587554932,2629600,566,328700
0.0013288501650094986,0.7525405734777451,1.592872977256775,2630400,566,328800
0.009685023687779903,0.8811559453606606,1.3267335891723633,2631200,566,328900
0.028276531025767326,0.5975042283535004,1.7217553853988647,2632000,566,329000
0.0004998268559575081,0.9707222394645214,1.6910877227783203,2632800,566,329100
0.0031034250278025866,0.8154068142175674,1.7575267553329468,2633600,566,329200
0.03694308549165726,0.8778415247797966,1.5002477169036865,2634400,566,329300
0.00428936630487442,0.8831130117177963,1.3802621364593506,2635200,566,329400
0.0009716228232719004,0.7480344176292419,1.6691253185272217,2636000,566,329500
0.00465787947177887,0.5200583636760712,1.6132524013519287,2636800,566,329600
0.002432311652228236,0.3210492730140686,1.635322093963623,2637600,566,329700
0.007292027119547129,0.9595326408743858,1.5685198307037354,2638400,566,329800
0.012056255713105202,0.896553635597229,1.5493394136428833,2639200,566,329900
0.0021483360324054956,0.9227144792675972,1.5210633277893066,2640000,566,330000
0.03402000293135643,0.8100767284631729,1.6558489799499512,2640800,566,330100
0.004477773327380419,0.5544053614139557,1.596954345703125,2641600,566,330200
0.0018074522959068418,0.006539463996887207,1.6497716903686523,2642400,566,330300
0.0006713866023346782,0.7268830239772797,1.6571699380874634,2643200,566,330400
0.004241389688104391,0.9768511056900024,1.7694511413574219,2644000,566,330500
0.012586981058120728,0.9209742769598961,1.5320079326629639,2644800,566,330600
0.0038938303478062153,0.7487243115901947,1.7363994121551514,2645600,566,330700
0.002616760553792119,0.9685772582888603,1.6465356349945068,2646400,566,330800
0.0019225230207666755,0.8630194216966629,1.7038813829421997,2647200,566,330900
0.017744872719049454,0.3749821186065674,1.6426085233688354,2648000,566,331000
0.0014560949057340622,0.5845558047294617,1.6639258861541748,2648800,566,331100
0.0012748807203024626,0.6101499795913696,1.7139487266540527,2649600,566,331200
0.005386724602431059,0.9705781489610672,1.696333646774292,2650400,566,331300
0.0020802528597414494,0.9856837466359138,1.5606746673583984,2651200,566,331400
0.0015090995002537966,0.9773292131721973,1.3433104753494263,2652000,566,331500
0.0034569776616990566,0.7879128158092499,1.6492117643356323,2652800,566,331600
0.002206800738349557,0.8738748729228973,1.6322402954101562,2653600,566,331700
0.0022824290208518505,0.9362607002258301,1.6270616054534912,2654400,566,331800
0.0018233145819976926,0.9210172668099403,1.592369556427002,2655200,566,331900
0.006800449453294277,0.44876378774642944,1.684489369392395,2656000,566,332000
0.0338120236992836,-6.869636535644531,1.7486872673034668,2656800,566,332100
0.009785223752260208,0.9451224766671658,1.2205262184143066,2657600,566,332200
0.0009381504496559501,0.8860269784927368,1.7404065132141113,2658400,566,332300
0.00368069251999259,0.9887523520737886,1.5048420429229736,2659200,566,332400
0.012991618365049362,0.8457941263914108,1.4377211332321167,2660000,566,332500
0.0009526221547275782,0.9958115620538592,1.698965311050415,2660800,566,332600
0.005449911113828421,0.9730463810265064,1.5931806564331055,2661600,566,332700
0.0018097158754244447,0.9832182563841343,1.5907299518585205,2662400,566,332800
0.003589992644265294,0.984831565991044,1.6437022686004639,2663200,566,332900
0.002861440647393465,0.4861055612564087,1.7036538124084473,2664000,566,333000
0.007313838228583336,0.8527812063694,1.663686752319336,2664800,566,333100
0.0037949848920106888,0.985040944069624,1.342543363571167,2665600,566,333200
0.00198468379676342,0.6995017230510712,1.7537702322006226,2666400,566,333300
0.002235126681625843,-0.7593346834182739,1.744559407234192,2667200,566,333400
0.004239772912114859,0.9009376391768456,1.6373114585876465,2668000,566,333500
0.0023616619873791933,0.8368232250213623,1.6317152976989746,2668800,566,333600
0.0010121145751327276,0.9127770215272903,1.531765103340149,2669600,566,333700
0.0021000911947339773,0.8802601993083954,1.509192705154419,2670400,566,333800
0.0041874912567436695,0.8694326430559158,1.58164644241333,2671200,566,333900
0.00224742922000587,0.8958369493484497,1.483344554901123,2672000,566,334000
0.0014181783189997077,0.7892226129770279,1.7324669361114502,2672800,566,334100
0.0016004182398319244,0.9843185432255268,1.7352595329284668,2673600,566,334200
0.005138330161571503,0.9458075128495693,1.5164170265197754,2674400,566,334300
0.011591778136789799,0.919680580496788,1.4759119749069214,2675200,566,334400
0.004389911890029907,0.9216396287083626,1.6906323432922363,2676000,566,334500
0.0038907132111489773,0.9164052456617355,1.7395285367965698,2676800,566,334600
0.010563458316028118,0.8829257115721703,1.3133958578109741,2677600,566,334700
0.01051146350800991,-0.17036688327789307,1.7038168907165527,2678400,566,334800
0.0504869744181633,-0.9930517673492432,1.706638216972351,2679200,566,334900
0.0031076641753315926,0.8791492730379105,1.7539451122283936,2680000,566,335000
0.0022539813071489334,0.5137938261032104,1.5106310844421387,2680800,566,335100
0.0025219193194061518,-0.22605180740356445,1.6370790004730225,2681600,566,335200
0.0017529383767396212,0.7671347707509995,1.5088472366333008,2682400,566,335300
0.00044522422831505537,0.6758523881435394,1.2469779253005981,2683200,566,335400
0.46638819575309753,-0.2781028747558594,1.7629584074020386,2684000,566,335500
0.021939117461442947,0.677783191204071,1.5805152654647827,2684800,566,335600
0.0015552230179309845,0.9460802152752876,1.7476938962936401,2685600,566,335700
0.0026618526317179203,0.8189431428909302,1.7361695766448975,2686400,566,335800
0.0018019441049546003,0.853226825594902,1.6559014320373535,2687200,566,335900
0.010527494363486767,-1.439728021621704,1.7202086448669434,2688000,566,336000
0.005334293469786644,0.4648224115371704,1.7070392370224,2688800,566,336100
0.001888263039290905,0.9517489373683929,1.6359883546829224,2689600,566,336200
0.0025615119375288486,0.9579060710966587,1.4364910125732422,2690400,566,336300
0.001599312061443925,0.951804094016552,1.6991243362426758,2691200,566,336400
0.001120944507420063,0.9641738124191761,0.9826100468635559,2692000,566,336500
0.0024125976487994194,0.9711318220943213,1.5112708806991577,2692800,566,336600
0.000830438919365406,0.986471981741488,1.6069297790527344,2693600,566,336700
0.0012134355492889881,0.9683864712715149,1.6501190662384033,2694400,566,336800
0.0015041838632896543,0.972375987097621,1.6907267570495605,2695200,566,336900
0.001337663852609694,0.9852666687220335,1.771242380142212,2696000,566,337000
0.016942383721470833,0.41516345739364624,1.6478257179260254,2696800,566,337100
0.018079733476042747,0.6964991688728333,1.7350090742111206,2697600,566,337200
0.002887111157178879,0.8973457738757133,1.6940224170684814,2698400,566,337300
0.0061812084168195724,0.7019869089126587,1.645902156829834,2699200,566,337400
0.019764002412557602,0.7781440913677216,1.4305458068847656,2700000,566,337500
0.0021268357522785664,0.6078600883483887,1.6530625820159912,2700800,566,337600
0.04353610798716545,0.7979346215724945,1.5678057670593262,2701600,566,337700
0.031541336327791214,0.6030161380767822,1.523297905921936,2702400,566,337800
0.008331269025802612,-0.7622944116592407,1.670174479484558,2703200,566,337900
0.004964165855199099,0.841364711523056,1.5494673252105713,2704000,566,338000
0.006084521766752005,0.9094465598464012,1.5712554454803467,2704800,566,338100
0.004096541553735733,0.9456508830189705,1.6556084156036377,2705600,566,338200
0.00062847591470927,0.4476611614227295,1.6390573978424072,2706400,566,338300
0.0005228955997154117,0.179793119430542,1.747381567955017,2707200,566,338400
0.001693869475275278,0.9845651630312204,1.5848898887634277,2708000,566,338500
0.001299177180044353,0.9298553466796875,1.7327957153320312,2708800,566,338600
0.004538465291261673,-3.7435178756713867,1.427255392074585,2709600,566,338700
0.0024419391993433237,0.9208783581852913,1.3777867555618286,2710400,566,338800
0.0027143380139023066,0.830612450838089,1.4654110670089722,2711200,566,338900
0.0013334511313587427,0.9819020740687847,1.5680036544799805,2712000,566,339000
0.002211042447015643,0.9167899340391159,1.7020339965820312,2712800,566,339100
0.00019721970602404326,0.8797360435128212,1.7581877708435059,2713600,566,339200
0.005717153195291758,-0.529999852180481,1.6009941101074219,2714400,566,339300
0.0018454997334629297,0.8763118609786034,1.759664535522461,2715200,566,339400
0.0033896793611347675,0.9368677213788033,1.5756968259811401,2716000,566,339500
0.0017298657912760973,0.7495405375957489,1.6179484128952026,2716800,566,339600
0.030595174059271812,-0.2473205327987671,1.5773155689239502,2717600,566,339700
0.005046136677265167,0.6100196838378906,1.5506415367126465,2718400,566,339800
0.008441956713795662,0.7561731487512589,1.6928975582122803,2719200,566,339900
0.0031946466770023108,0.3320263624191284,1.6731548309326172,2720000,566,340000
0.0018859669798985124,0.9616318233311176,1.650941014289856,2720800,566,340100
0.014023473486304283,0.8849261105060577,1.573715090751648,2721600,566,340200
0.0006128685199655592,0.9717723466455936,1.7120544910430908,2722400,566,340300
0.0007533070747740567,0.5326848030090332,1.6994385719299316,2723200,566,340400
0.0007540241349488497,-1.2815234661102295,1.6740902662277222,2724000,566,340500
0.001804786967113614,0.9770537130534649,1.6255167722702026,2724800,566,340600
0.0028034872375428677,0.39901798963546753,1.6636381149291992,2725600,566,340700
0.008258079178631306,0.9000318273901939,1.7219512462615967,2726400,566,340800
0.0015216355677694082,0.9810940157622099,1.6410658359527588,2727200,566,340900
0.006377329118549824,0.39760488271713257,1.7072808742523193,2728000,566,341000
0.014336314983665943,0.6627405285835266,1.3837863206863403,2728800,566,341100
0.0006685205735266209,0.8807180672883987,1.5824735164642334,2729600,566,341200
0.0026220185682177544,0.865151047706604,1.613365650177002,2730400,566,341300
0.004140957724303007,0.40827125310897827,1.4882054328918457,2731200,566,341400
0.0015337332151830196,-1.2268900871276855,1.7519423961639404,2732000,566,341500
0.013212407939136028,0.8480286002159119,1.711830735206604,2732800,566,341600
0.061392027884721756,0.40380561351776123,1.5080430507659912,2733600,566,341700
0.017730504274368286,0.7937438189983368,1.612513780593872,2734400,566,341800
0.0009089047089219093,0.6943661570549011,1.7416648864746094,2735200,566,341900
0.12133000791072845,-0.42236244678497314,1.4311766624450684,2736000,566,342000
0.0009950194507837296,0.9501399509608746,1.7221623659133911,2736800,566,342100
0.045112285763025284,0.022974252700805664,1.6329549551010132,2737600,566,342200
0.0025847444776445627,0.9897618414834142,1.408233404159546,2738400,566,342300
0.004534405656158924,0.44086402654647827,1.634680151939392,2739200,566,342400
0.012856757268309593,0.7910950928926468,1.7047674655914307,2740000,566,342500
0.004573502577841282,0.8293654024600983,1.6305029392242432,2740800,566,342600
0.04003695026040077,0.6610427498817444,1.4342529773712158,2741600,566,342700
0.00807692389935255,0.6289518177509308,1.4480047225952148,2742400,566,342800
0.0018333508633077145,0.8983614146709442,1.6307830810546875,2743200,566,342900
0.019128751009702682,-0.0507817268371582,1.7038743495941162,2744000,566,343000
0.0078244898468256,0.7231158018112183,1.3299754858016968,2744800,566,343100
0.0008864033734425902,0.8539808690547943,1.5617434978485107,2745600,566,343200
0.01527637243270874,0.7778829038143158,1.6909823417663574,2746400,566,343300
0.0026910598389804363,0.9766035359352827,1.1921794414520264,2747200,566,343400
0.0015498639550060034,0.9839379452168941,1.507347822189331,2748000,566,343500
0.0004820011672563851,0.9735613372176886,1.613135814666748,2748800,566,343600
0.002328861504793167,0.9219977930188179,1.6626710891723633,2749600,566,343700
0.006326013244688511,0.9196694418787956,1.580639362335205,2750400,566,343800
0.032836250960826874,0.7336627244949341,1.611983299255371,2751200,566,343900
0.0038007081020623446,0.9183385595679283,1.655576467514038,2752000,566,344000
0.0026908672880381346,0.9246937111020088,1.5738074779510498,2752800,566,344100
0.0014865536941215396,0.28212058544158936,1.5727832317352295,2753600,566,344200
0.008653583005070686,0.9629885889589787,1.5748851299285889,2754400,566,344300
0.0014468719018623233,0.8001329600811005,1.7549402713775635,2755200,566,344400
0.0014783856458961964,0.8039928823709488,1.4294614791870117,2756000,566,344500
0.003208499401807785,0.6877023875713348,1.510174036026001,2756800,566,344600
0.0026822765357792377,0.9603874273598194,1.670107126235962,2757600,566,344700
0.003990687895566225,0.9777184929698706,1.7082939147949219,2758400,566,344800
0.022072147578001022,0.7039063572883606,1.7055668830871582,2759200,566,344900
0.004946525674313307,0.3601992130279541,1.691831350326538,2760000,566,345000
0.00793419312685728,0.11172550916671753,1.5198636054992676,2760800,566,345100
0.0004938675556331873,0.8816240355372429,1.773676872253418,2761600,566,345200
0.0011914597125723958,0.8459139317274094,1.5589724779129028,2762400,566,345300
0.0007336808484978974,0.988674714230001,1.5684148073196411,2763200,566,345400
0.0007201527478173375,0.9456207901239395,1.450371265411377,2764000,566,345500
0.007885266095399857,0.5354489982128143,1.321764588356018,2764800,566,345600
0.0014226667117327452,0.7554911673069,1.4598379135131836,2765600,566,345700
0.00029587268363684416,0.8693871796131134,1.6938536167144775,2766400,566,345800
0.0008405458647757769,0.4434412717819214,1.4268102645874023,2767200,566,345900
0.0024761236272752285,0.9239502102136612,1.6866847276687622,2768000,566,346000
0.00913096871227026,0.920644074678421,1.3215117454528809,2768800,566,346100
0.004343902692198753,-0.9912056922912598,1.6459360122680664,2769600,566,346200
0.007573913782835007,0.9326856806874275,1.4710273742675781,2770400,566,346300
0.0022294295486062765,0.9607171677052975,1.606940746307373,2771200,566,346400
0.0010533189633861184,0.9950542454607785,1.338935375213623,2772000,566,346500
0.008146926760673523,0.7806137204170227,1.699256420135498,2772800,566,346600
0.0036098628770560026,0.5764617919921875,1.6034334897994995,2773600,566,346700
0.0022048139944672585,0.9844979038462043,1.6570544242858887,2774400,566,346800
0.013664004392921925,0.875765435397625,1.6320610046386719,2775200,566,346900
0.006035345606505871,0.43275362253189087,1.4476358890533447,2776000,566,347000
0.001978297485038638,0.9390473142266273,1.4030990600585938,2776800,566,347100
0.0019626421853899956,0.702751874923706,1.7090466022491455,2777600,566,347200
0.040085408836603165,0.7126604616641998,1.582288146018982,2778400,566,347300
0.002300502499565482,0.9453655853867531,1.6231615543365479,2779200,566,347400
0.004953560419380665,0.2532382607460022,1.3156014680862427,2780000,566,347500
0.0034255306236445904,0.44685035943984985,1.471480369567871,2780800,566,347600
0.0014815751928836107,0.599742978811264,1.5907342433929443,2781600,566,347700
0.0023814942687749863,0.9441219568252563,1.7246730327606201,2782400,566,347800
0.022818787023425102,-0.9238162040710449,1.7123992443084717,2783200,566,347900
0.0015887910267338157,0.9343485459685326,1.2905395030975342,2784000,566,348000
0.006078050006181002,0.5559715926647186,1.6467785835266113,2784800,566,348100
0.003085511736571789,0.9700533021241426,1.5749266147613525,2785600,566,348200
0.0013830908574163914,0.44367361068725586,1.730842113494873,2786400,566,348300
0.0021340413950383663,0.6518643796443939,1.6336555480957031,2787200,566,348400
0.00806068442761898,0.811916396021843,1.6039987802505493,2788000,566,348500
0.007416561711579561,0.9037046954035759,1.7228672504425049,2788800,566,348600
0.02483822964131832,0.6107195615768433,1.666685700416565,2789600,566,348700
0.0016156909987330437,0.9877134431153536,1.6949042081832886,2790400,566,348800
0.005227596499025822,0.9321788176894188,1.6496503353118896,2791200,566,348900
0.002838212763890624,0.24699723720550537,1.7578036785125732,2792000,566,349000
0.0014204127946868539,0.9825292397290468,1.7072746753692627,2792800,566,349100
0.016232972964644432,-6.3585991859436035,1.539196491241455,2793600,566,349200
0.0012615941232070327,0.9658208191394806,1.7440283298492432,2794400,566,349300
0.049210913479328156,0.47648775577545166,1.6828924417495728,2795200,566,349400
0.005091103725135326,0.8237806558609009,1.4440704584121704,2796000,566,349500
0.006045001093298197,0.971080707386136,1.4869564771652222,2796800,566,349600
0.005364628974348307,0.8136920481920242,1.7099807262420654,2797600,566,349700
0.0006922041065990925,0.3250941038131714,1.6842041015625,2798400,566,349800
0.004137068055570126,0.9715058878064156,1.4154772758483887,2799200,566,349900
0.004966942593455315,0.9586797803640366,1.642134666442871,2800000,566,350000
0.0027098683640360832,0.8399072587490082,1.3309595584869385,2800800,566,350100
0.005404017399996519,0.5858894288539886,1.4043859243392944,2801600,566,350200
0.001803377759642899,0.2485073208808899,1.6911295652389526,2802400,566,350300
0.007601430639624596,0.9739829134196043,1.4384281635284424,2803200,566,350400
0.0013803637120872736,0.7473013401031494,1.5175235271453857,2804000,566,350500
0.0018814003560692072,0.8402779698371887,1.3327715396881104,2804800,566,350600
0.003344970988109708,0.9196203723549843,1.5332152843475342,2805600,566,350700
0.012699210084974766,-1.0743303298950195,1.4328696727752686,2806400,566,350800
0.00141100212931633,0.9853363148868084,1.7528234720230103,2807200,566,350900
0.003603790421038866,0.913952961564064,1.456871747970581,2808000,566,351000
0.03508199378848076,0.7964651733636856,1.5310955047607422,2808800,566,351100
0.0011126059107482433,0.9470422863960266,1.412316918373108,2809600,566,351200
0.0013709861086681485,-1.2012302875518799,1.597665786743164,2810400,566,351300
0.0026791675481945276,0.9586795009672642,1.4216806888580322,2811200,566,351400
0.010670469142496586,0.7643755525350571,1.658046007156372,2812000,566,351500
0.0017830071737989783,0.6555002629756927,1.5790046453475952,2812800,566,351600
0.0011004710104316473,0.9689635839313269,1.666022777557373,2813600,566,351700
0.003264832077547908,0.8726754188537598,1.6554460525512695,2814400,566,351800
0.0006715019699186087,0.9693928919732571,1.70040762424469,2815200,566,351900
0.0024276908952742815,0.9698501937091351,1.730488657951355,2816000,566,352000
0.00901932455599308,0.7383002936840057,1.6801660060882568,2816800,566,352100
0.004684610292315483,0.9395307414233685,1.7586920261383057,2817600,566,352200
0.0021954276598989964,0.9054793417453766,1.70090651512146,2818400,566,352300
0.01497363205999136,0.5132915675640106,1.6003365516662598,2819200,566,352400
0.006364505272358656,0.9518067799508572,1.5800660848617554,2820000,566,352500
0.01099999900907278,0.6490462422370911,1.7086261510849,2820800,566,352600
0.005225451663136482,0.9361099898815155,1.6411049365997314,2821600,566,352700
0.0023499096278101206,0.965518593788147,1.658426284790039,2822400,566,352800
0.03330129757523537,-1.305330514907837,1.5692651271820068,2823200,566,352900
0.003863094374537468,-0.41757261753082275,1.7099432945251465,2824000,566,353000
0.005741010420024395,-2.060711145401001,1.6928603649139404,2824800,566,353100
0.011321453377604485,0.9676538966596127,1.655172348022461,2825600,566,353200
0.011857094243168831,0.8989809677004814,1.571669101715088,2826400,566,353300
0.004817848093807697,0.9801439847797155,1.5525856018066406,2827200,566,353400
0.0013103618985041976,0.9617386236786842,1.4862890243530273,2828000,566,353500
0.009997791610658169,0.8779249414801598,1.4341849088668823,2828800,566,353600
0.0038858186453580856,0.7528880387544632,1.5050780773162842,2829600,566,353700
0.01929565891623497,0.9157034233212471,1.644731879234314,2830400,566,353800
0.0019032172858715057,0.8556648343801498,1.7253892421722412,2831200,566,353900
0.0012397909304127097,0.9858964523300529,1.591308832168579,2832000,566,354000
0.011440921574831009,0.8132086545228958,1.469077467918396,2832800,566,354100
0.008078936487436295,0.951336644589901,1.5795878171920776,2833600,566,354200
0.0016651111654937267,0.7756930589675903,1.7329730987548828,2834400,566,354300
0.0013091592118144035,0.7577576339244843,1.726096510887146,2835200,566,354400
0.0027345572598278522,-0.4776432514190674,1.6442465782165527,2836000,566,354500
0.0010227879974991083,0.98926115129143,1.702117919921875,2836800,566,354600
0.004888529889285564,0.9796829726547003,1.5154179334640503,2837600,566,354700
0.0040082624182105064,0.48972129821777344,1.6658451557159424,2838400,566,354800
0.0024140060413628817,0.8106608986854553,1.5565714836120605,2839200,566,354900
0.007036053109914064,0.6263703405857086,1.5443049669265747,2840000,566,355000
0.005404460709542036,-1.879204511642456,1.4941339492797852,2840800,566,355100
0.03556998074054718,0.9028152227401733,1.5609464645385742,2841600,566,355200
0.0016235392540693283,0.8828102052211761,1.678105115890503,2842400,566,355300
0.0024441294372081757,0.9639510326087475,1.5345536470413208,2843200,566,355400
0.0035798142198473215,0.03226935863494873,1.4813568592071533,2844000,566,355500
0.0021101408638060093,0.9710095524787903,1.1964824199676514,2844800,566,355600
0.0010558342328295112,0.952672366052866,1.6562461853027344,2845600,566,355700
0.003504000138491392,0.9568421505391598,1.4959142208099365,2846400,566,355800
0.011357094161212444,0.9575908072292805,1.6955645084381104,2847200,566,355900
0.0016400006134063005,0.9225028082728386,1.5950818061828613,2848000,566,356000
0.054511114954948425,0.6207797825336456,1.2368000745773315,2848800,566,356100
0.010778450407087803,0.5253001153469086,1.6233766078948975,2849600,566,356200
0.002258669352158904,0.958408709615469,1.5345983505249023,2850400,566,356300
0.0024939614813774824,0.8830391094088554,1.536592960357666,2851200,566,356400
0.0030902395956218243,0.7905081361532211,1.6606171131134033,2852000,566,356500
0.0011157892877236009,0.9932746216654778,1.7507221698760986,2852800,566,356600
0.001234088558703661,0.9211703315377235,1.287989854812622,2853600,566,356700
0.005385060794651508,0.8135732263326645,1.7280158996582031,2854400,566,356800
0.001220259815454483,0.9800751227885485,1.6218090057373047,2855200,566,356900
0.0008276059525087476,0.9873651955276728,1.625003695487976,2856000,566,357000
0.0013384917983785272,0.9749480336904526,1.734083890914917,2856800,566,357100
0.004041088744997978,0.5998477935791016,1.6874041557312012,2857600,566,357200
0.0051351990550756454,-0.5586367845535278,1.3063395023345947,2858400,566,357300
0.017948400229215622,-0.20443499088287354,1.6089706420898438,2859200,566,357400
0.004162260331213474,0.6854679584503174,1.7285418510437012,2860000,566,357500
0.007645452860742807,0.9184427484869957,1.6833255290985107,2860800,566,357600
0.009392588399350643,0.30505383014678955,1.7246928215026855,2861600,566,357700
0.003555504372343421,0.48762810230255127,1.6588900089263916,2862400,566,357800
0.001746086752973497,0.7640112340450287,1.766759991645813,2863200,566,357900
0.0013156847562640905,0.41202402114868164,1.6285178661346436,2864000,566,358000
0.018520735204219818,0.28988152742385864,1.4657812118530273,2864800,566,358100
0.0008021097164601088,0.7836631685495377,1.772059679031372,2865600,566,358200
0.005576486699283123,0.9745185151696205,1.270599365234375,2866400,566,358300
0.028921274468302727,0.7696934938430786,1.5954416990280151,2867200,566,358400
0.0036136643029749393,0.9831360876560211,1.5602737665176392,2868000,566,358500
0.008162491023540497,0.7870721071958542,1.6385208368301392,2868800,566,358600
0.002262063790112734,0.97542654722929,1.4231517314910889,2869600,566,358700
0.0009902960155159235,0.9893276859074831,1.4002948999404907,2870400,566,358800
0.001875998335890472,0.4749225974082947,1.568015217781067,2871200,566,358900
0.027520526200532913,0.9250693023204803,1.5104598999023438,2872000,566,359000
0.0013292139628902078,0.8602453619241714,1.6854712963104248,2872800,566,359100
0.02772015891969204,0.8308932036161423,1.7154669761657715,2873600,566,359200
0.003783081891015172,0.43267250061035156,1.6806492805480957,2874400,566,359300
0.009015115909278393,0.8935789242386818,1.7685506343841553,2875200,566,359400
0.006695921067148447,0.9274128675460815,1.6758023500442505,2876000,566,359500
0.007209815084934235,0.9191834405064583,1.5574061870574951,2876800,566,359600
0.019999239593744278,0.18092310428619385,1.7354698181152344,2877600,566,359700
0.005105842370539904,-6.270381450653076,1.7214670181274414,2878400,566,359800
0.0015213820151984692,-4.751802921295166,1.7556179761886597,2879200,566,359900
0.014612945728003979,0.7262864112854004,1.6596544981002808,2880000,566,360000
0.0019965271931141615,0.4914522171020508,1.6648221015930176,2880800,566,360100
0.000578100502025336,0.896004855632782,1.7203116416931152,2881600,566,360200
0.030158797279000282,0.7353506982326508,1.7268532514572144,2882400,566,360300
0.0028923184145241976,0.9830337837338448,1.6771395206451416,2883200,566,360400
0.0020195578690618277,0.9389986097812653,1.6550652980804443,2884000,566,360500
0.004522854462265968,0.9705153834074736,1.4235975742340088,2884800,566,360600
0.01159545686095953,0.6445598304271698,1.5958192348480225,2885600,566,360700
0.014755121432244778,0.9509006030857563,1.5047824382781982,2886400,566,360800
0.0018998178420588374,0.5256913006305695,1.7034554481506348,2887200,566,360900
0.0006442293524742126,0.9572444893419743,1.6649420261383057,2888000,566,361000
0.001194365555420518,0.7094385027885437,1.6884522438049316,2888800,566,361100
0.007081700023263693,0.7296211123466492,1.6562464237213135,2889600,566,361200
0.005313127767294645,0.9197204783558846,1.486224889755249,2890400,566,361300
0.0006735516944900155,0.9930548421107233,1.7132534980773926,2891200,566,361400
0.0022679506801068783,0.9729720950126648,1.7245595455169678,2892000,566,361500
0.0027697975747287273,0.7678359895944595,1.7114230394363403,2892800,566,361600
0.004949463531374931,-0.395229697227478,1.5971479415893555,2893600,566,361700
0.004814581945538521,-1.4796500205993652,1.5884315967559814,2894400,566,361800
0.002744190627709031,0.9276887997984886,1.4614341259002686,2895200,566,361900
0.0018778264056891203,0.9679241739213467,1.5357247591018677,2896000,566,362000
0.0035135787911713123,0.8693942278623581,1.5253844261169434,2896800,566,362100
0.0015782248228788376,0.9857130572199821,1.7135006189346313,2897600,566,362200
0.002025765832513571,-1.9446601867675781,1.6381206512451172,2898400,566,362300
0.07077328115701675,0.606409102678299,1.5278491973876953,2899200,566,362400
0.0047400230541825294,0.838791087269783,1.7208585739135742,2900000,566,362500
0.003695176914334297,-0.10427320003509521,1.5941364765167236,2900800,566,362600
0.0026270365342497826,0.9437403455376625,1.6574008464813232,2901600,566,362700
0.0005679005407728255,-0.4854837656021118,1.6345407962799072,2902400,566,362800
0.005682540126144886,0.7129842042922974,1.387382984161377,2903200,566,362900
0.0020267730578780174,-0.17566990852355957,1.575402021408081,2904000,566,363000
0.005828785244375467,-0.0077255964279174805,1.5558192729949951,2904800,566,363100
0.0036620309110730886,0.6834225356578827,1.46744966506958,2905600,566,363200
0.005864946637302637,0.9620979577302933,1.6667118072509766,2906400,566,363300
0.002661526668816805,-1.9021978378295898,1.6037282943725586,2907200,566,363400
0.017622102051973343,0.8613494038581848,1.5973303318023682,2908000,566,363500
0.0018764437409117818,0.8281684517860413,1.6037404537200928,2908800,566,363600
0.004982795566320419,0.8743377178907394,1.702610731124878,2909600,566,363700
0.022824378684163094,0.672192245721817,1.71189546585083,2910400,566,363800
0.00431636068969965,0.8509847521781921,1.5266122817993164,2911200,566,363900
0.019022703170776367,0.7961974740028381,1.6336274147033691,2912000,566,364000
0.003041698830202222,0.970846114680171,1.5759479999542236,2912800,566,364100
0.0014430010924115777,0.8003859370946884,1.6113003492355347,2913600,566,364200
0.027711758390069008,0.8257843106985092,1.4044538736343384,2914400,566,364300
0.004561213310807943,0.5021351873874664,1.5048073530197144,2915200,566,364400
0.0009815088706091046,0.9785833414644003,1.7010873556137085,2916000,566,364500
0.0017552217468619347,0.8864810690283775,1.690992832183838,2916800,566,364600
0.0007207398884929717,0.9839572571218014,1.6743788719177246,2917600,566,364700
0.008242174051702023,0.9551546685397625,1.5842368602752686,2918400,566,364800
0.0008433785988017917,0.8783807680010796,1.6104023456573486,2919200,566,364900
0.024404073134064674,0.8097402453422546,1.5848562717437744,2920000,566,365000
0.00438329204916954,0.4986155033111572,1.6116294860839844,2920800,566,365100
0.000698298099450767,0.9645625948905945,1.4494905471801758,2921600,566,365200
0.002387861255556345,0.5237790644168854,1.6387121677398682,2922400,566,365300
0.005958585534244776,0.6447954475879669,1.726973295211792,2923200,566,365400
0.01561035867780447,0.3667561411857605,1.703460931777954,2924000,566,365500
0.008975226432085037,-1.2948486804962158,1.4090807437896729,2924800,566,365600
0.0012289329897612333,0.9602368287742138,1.7064967155456543,2925600,566,365700
0.0007955014007166028,0.897382527589798,1.5112528800964355,2926400,566,365800
0.03591934219002724,0.6773099601268768,1.5406544208526611,2927200,566,365900
0.03281319886445999,-1.7293806076049805,1.546966552734375,2928000,566,366000
0.04959063231945038,0.708354115486145,1.6226773262023926,2928800,566,366100
0.0031941160559654236,0.8395936489105225,1.3900601863861084,2929600,566,366200
0.0005946366582065821,0.8977882862091064,1.6838563680648804,2930400,566,366300
0.001640203408896923,0.9790627919137478,1.5547926425933838,2931200,566,366400
0.01019939687103033,0.8602890074253082,1.7480969429016113,2932000,566,366500
0.005310899578034878,0.9379348531365395,1.6243958473205566,2932800,566,366600
0.008334278129041195,0.8771739900112152,1.5026623010635376,2933600,566,366700
0.004149141721427441,0.9111663997173309,1.6435911655426025,2934400,566,366800
0.0014873807085677981,0.9751789718866348,1.7676429748535156,2935200,566,366900
0.0015448842896148562,0.6148396134376526,1.5960968732833862,2936000,566,367000
0.005243206396698952,0.5739469826221466,1.5846878290176392,2936800,566,367100
0.001160915824584663,0.8440545201301575,1.6684199571609497,2937600,566,367200
0.0005366513505578041,0.6711516380310059,1.4659392833709717,2938400,566,367300
0.001809914712794125,0.4747370481491089,1.4857096672058105,2939200,566,367400
0.013373524881899357,0.2769016623497009,1.596856951713562,2940000,566,367500
0.000801093818154186,0.6689086854457855,1.7146245241165161,2940800,566,367600
0.004461313597857952,0.979322861880064,1.5804216861724854,2941600,566,367700
0.0021696342155337334,0.9545090235769749,1.5878604650497437,2942400,566,367800
0.0005665163043886423,0.868196964263916,1.6544444561004639,2943200,566,367900
0.0006273419130593538,0.9394556246697903,1.4844893217086792,2944000,566,368000
0.0011864572297781706,0.9799034278839827,1.5986523628234863,2944800,566,368100
0.002552624559029937,0.8740018010139465,1.5826282501220703,2945600,566,368200
0.0006465117912739515,0.6960982382297516,1.7413110733032227,2946400,566,368300
0.006092841736972332,0.8833910077810287,1.668722152709961,2947200,566,368400
0.0016503776423633099,0.6794258058071136,1.712317943572998,2948000,566,368500
0.001668433891609311,0.9118943437933922,1.560868501663208,2948800,566,368600
0.002013980643823743,0.8855934590101242,1.5678118467330933,2949600,566,368700
0.010402237996459007,0.9485905431210995,1.399268388748169,2950400,566,368800
0.0018313332693651319,0.7262326180934906,1.5481181144714355,2951200,566,368900
0.0011481235269457102,0.9973507067188621,1.6174068450927734,2952000,566,369000
0.0008397938217967749,0.8066493570804596,1.7305850982666016,2952800,566,369100
0.0045258654281497,0.9206786006689072,1.408644199371338,2953600,566,369200
0.0016447014641016722,0.9175221771001816,1.643387794494629,2954400,566,369300
0.0064094276167452335,-0.6614724397659302,1.6747193336486816,2955200,566,369400
0.0053180912509560585,0.9358440563082695,1.7309539318084717,2956000,566,369500
0.002821323461830616,0.7626351714134216,1.5828297138214111,2956800,566,369600
0.0008674599812366068,0.9831058215349913,1.7145566940307617,2957600,566,369700
0.0038329381495714188,0.8775860369205475,1.6853177547454834,2958400,566,369800
0.0016032836865633726,0.8655754178762436,1.7405900955200195,2959200,566,369900
0.026546232402324677,0.7194933593273163,1.4800435304641724,2960000,566,370000
0.007700609974563122,0.9430662654340267,1.7528753280639648,2960800,566,370100
0.0013689931947737932,0.7679317593574524,1.710953950881958,2961600,566,370200
0.0013165110722184181,0.9856985742226243,1.704061508178711,2962400,566,370300
0.001249391702003777,0.9462526887655258,1.7345259189605713,2963200,566,370400
0.010672011412680149,0.7837402522563934,1.5551409721374512,2964000,566,370500
0.00436912477016449,0.8340781331062317,1.259855031967163,2964800,566,370600
0.007083918899297714,0.9298925474286079,1.6824678182601929,2965600,566,370700
0.0038202961441129446,0.8988941982388496,1.762323021888733,2966400,566,370800
0.0016463404754176736,0.9811272360384464,1.7327075004577637,2967200,566,370900
0.02279491163790226,0.9419722482562065,1.6583826541900635,2968000,566,371000
0.0028418521396815777,0.726022481918335,1.6055679321289062,2968800,566,371100
0.004483685828745365,0.6058678328990936,1.5921903848648071,2969600,566,371200
0.0004959380021318793,0.955735307186842,1.6033319234848022,2970400,566,371300
0.001388306263834238,0.7862190753221512,1.7337212562561035,2971200,566,371400
0.0019329924834892154,0.8515124022960663,1.766845703125,2972000,566,371500
0.0026878630742430687,0.854148805141449,1.679847240447998,2972800,566,371600
0.004981315229088068,0.9087177366018295,1.5286734104156494,2973600,566,371700
0.004517422989010811,0.9821457508951426,1.676939606666565,2974400,566,371800
0.002414882881566882,0.811130478978157,1.761728048324585,2975200,566,371900
0.004709988366812468,0.9788964800536633,1.7373838424682617,2976000,566,372000
0.003201898653060198,0.9718928411602974,1.5071977376937866,2976800,566,372100
0.005566633306443691,0.8837354853749275,1.6659479141235352,2977600,566,372200
0.0006138508906587958,0.7249216139316559,1.7701725959777832,2978400,566,372300
0.003520401893183589,0.8415114730596542,1.7344731092453003,2979200,566,372400
0.0027126839850097895,0.6400198340415955,1.7205827236175537,2980000,566,372500
0.0075348252430558205,0.8138076514005661,1.7074756622314453,2980800,566,372600
0.002680552890524268,0.9866776131093502,1.7118794918060303,2981600,566,372700
0.004590414464473724,0.9045837894082069,1.7368333339691162,2982400,566,372800
0.0004105966945644468,0.9296652302145958,1.758498191833496,2983200,566,372900
0.05685444176197052,0.8071921467781067,1.673659324645996,2984000,566,373000
0.05683889985084534,0.794788047671318,1.6718981266021729,2984800,566,373100
0.0018088776851072907,-0.06979525089263916,1.5048857927322388,2985600,566,373200
0.004303415305912495,0.8116818368434906,1.5887665748596191,2986400,566,373300
0.0025635091587901115,0.9833607692271471,1.6174864768981934,2987200,566,373400
0.0018656052416190505,0.9843255914747715,1.4897336959838867,2988000,566,373500
0.04531235992908478,0.24502265453338623,1.6846643686294556,2988800,566,373600
0.0705767348408699,0.6268622279167175,1.0445960760116577,2989600,566,373700
0.0031602883245795965,0.7265067100524902,1.7465629577636719,2990400,566,373800
0.002760691102594137,0.8930955454707146,1.2006967067718506,2991200,566,373900
0.0017924648709595203,0.9838554598391056,1.4392571449279785,2992000,566,374000
0.0046453014947474,0.9009783193469048,1.756465196609497,2992800,566,374100
0.0016952890437096357,0.985485733486712,1.4153493642807007,2993600,566,374200
0.04053094983100891,0.8012666553258896,1.6063770055770874,2994400,566,374300
0.0030822257976979017,-0.18072986602783203,1.5324115753173828,2995200,566,374400
0.017160670831799507,0.8829426988959312,1.4982144832611084,2996000,566,374500
0.002736893715336919,0.19738376140594482,1.5655440092086792,2996800,566,374600
0.0022624535486102104,0.9476443007588387,1.6354639530181885,2997600,566,374700
0.0019438229501247406,0.6379730105400085,1.5405247211456299,2998400,566,374800
0.001918742898851633,0.9494440667331219,1.5505295991897583,2999200,566,374900
0.02328527346253395,-3.214878559112549,1.102128505706787,3000000,566,375000
0.0008064407738856971,0.9868356483057141,1.6758763790130615,3000800,566,375100
0.0016492517897859216,0.906346932053566,1.661689281463623,3001600,566,375200
0.003918582107871771,0.779325008392334,1.7553273439407349,3002400,566,375300
0.006004976574331522,0.9696544222533703,1.6073569059371948,3003200,566,375400
0.004527359735220671,0.9762145914137363,1.7394821643829346,3004000,566,375500
0.002703896490857005,0.8960229158401489,1.4737313985824585,3004800,566,375600
0.00158600602298975,0.9548647440969944,1.591602087020874,3005600,566,375700
0.0055931331589818,0.8771592453122139,1.4907995462417603,3006400,566,375800
0.009279905818402767,0.6834839582443237,1.4845681190490723,3007200,566,375900
0.005527149420231581,0.9348318502306938,1.6954044103622437,3008000,566,376000
0.0004294206155464053,0.974361689761281,1.5151362419128418,3008800,566,376100
0.011253341101109982,-3.726881980895996,1.5645344257354736,3009600,566,376200
0.002160566160455346,0.8227012008428574,1.704139232635498,3010400,566,376300
0.0012674389872699976,0.9437140636146069,1.468418836593628,3011200,566,376400
0.014993793331086636,0.6969677805900574,1.7464075088500977,3012000,566,376500
0.0035370783880352974,0.7960089892148972,1.5541231632232666,3012800,566,376600
0.004180239513516426,0.9700876288115978,1.3183281421661377,3013600,566,376700
0.0009503551991656423,0.968333289027214,1.678778886795044,3014400,566,376800
0.0005047371960245073,0.7959855198860168,1.6536166667938232,3015200,566,376900
0.04479474574327469,-0.44035565853118896,1.6593985557556152,3016000,566,377000
0.015951573848724365,-1.485790491104126,1.6990547180175781,3016800,566,377100
0.008171911351382732,0.762424424290657,1.5033684968948364,3017600,566,377200
0.007476547732949257,-0.3933001756668091,1.3442513942718506,3018400,566,377300
0.005254984367638826,-2.9689877033233643,1.6127469539642334,3019200,566,377400
0.003043239237740636,0.9712624829262495,1.714026927947998,3020000,566,377500
0.0015102935722097754,0.8772358447313309,1.7067217826843262,3020800,566,377600
0.001567911938764155,0.9231994822621346,1.4521393775939941,3021600,566,377700
0.011455407366156578,0.6203045845031738,1.659807801246643,3022400,566,377800
0.0009149960824288428,0.9807646330446005,1.6324738264083862,3023200,566,377900
0.00543590635061264,0.9809410274028778,1.596938133239746,3024000,566,378000
0.0007149461889639497,-0.2459583282470703,1.6793537139892578,3024800,566,378100
0.0008283097995445132,0.9278037324547768,1.538986325263977,3025600,566,378200
0.00037332397187128663,0.9961238966789097,1.7284808158874512,3026400,566,378300
0.005417339038103819,0.9296950846910477,1.3525893688201904,3027200,566,378400
0.00411056587472558,0.9575631469488144,1.656564474105835,3028000,566,378500
0.020762361586093903,0.79379902780056,1.662123441696167,3028800,566,378600
0.00194127659779042,0.9167345091700554,1.641510248184204,3029600,566,378700
0.004280424676835537,0.2057476043701172,1.7001155614852905,3030400,566,378800
0.003370723919942975,-65.92754364013672,1.6161495447158813,3031200,566,378900
0.036045484244823456,0.4155920147895813,1.733625888824463,3032000,566,379000
0.0008454112685285509,0.5716951191425323,1.7736270427703857,3032800,566,379100
0.0007506345282308757,0.9690439067780972,1.4208135604858398,3033600,566,379200
0.001435884041711688,0.8477997034788132,1.4935896396636963,3034400,566,379300
0.0024753764737397432,0.8286105990409851,1.5614800453186035,3035200,566,379400
0.006580527406185865,0.9706722646951675,1.313744068145752,3036000,566,379500
0.004517972934991121,0.8171158730983734,1.5865845680236816,3036800,566,379600
0.004398653749376535,0.9264024123549461,1.6185131072998047,3037600,566,379700
0.017274338752031326,0.4978925585746765,1.7598299980163574,3038400,566,379800
0.0015632488066330552,0.8919623866677284,1.7555015087127686,3039200,566,379900
0.0041558993980288506,-1.9100475311279297,1.5333411693572998,3040000,566,380000
0.003684952622279525,0.7804205268621445,1.6031187772750854,3040800,566,380100
0.0034356294199824333,0.9886252526193857,1.6888177394866943,3041600,566,380200
0.0015602251514792442,0.9846316343173385,1.6912868022918701,3042400,566,380300
0.018581319600343704,0.866846039891243,1.6345176696777344,3043200,566,380400
0.0011664025951176882,0.6107979118824005,1.5571099519729614,3044000,566,380500
0.005131493788212538,0.4251132011413574,1.6784684658050537,3044800,566,380600
0.005181415006518364,0.9427379779517651,1.642204761505127,3045600,566,380700
0.03243984282016754,0.5698345005512238,1.609642505645752,3046400,566,380800
0.0013847837690263987,0.7102006673812866,1.704632043838501,3047200,566,380900
0.0009284844272769988,0.6489032804965973,1.6475105285644531,3048000,566,381000
0.0008339617634192109,0.985385712236166,1.4461534023284912,3048800,566,381100
0.0010381377069279552,0.9067079424858093,1.746978998184204,3049600,566,381200
0.009693811647593975,0.9165486767888069,1.4838382005691528,3050400,566,381300
0.006716190837323666,0.6007767915725708,1.5929691791534424,3051200,566,381400
0.002949046902358532,0.7787152379751205,1.4702414274215698,3052000,566,381500
0.00366050167940557,0.5267268419265747,1.7066576480865479,3052800,566,381600
0.024808133020997047,0.7496303617954254,1.2612015008926392,3053600,566,381700
0.0020784903317689896,0.9753568172454834,1.724480390548706,3054400,566,381800
0.001762009458616376,0.8336409330368042,1.6991363763809204,3055200,566,381900
0.0008134836098179221,0.974177822470665,1.4592623710632324,3056000,566,382000
0.00030626310035586357,0.8064241856336594,1.7452048063278198,3056800,566,382100
0.014503750950098038,0.23924893140792847,1.534515142440796,3057600,566,382200
0.002411953639239073,0.9668163470923901,1.7125530242919922,3058400,566,382300
0.004121826961636543,0.971959438174963,1.4950615167617798,3059200,566,382400
0.0064719608053565025,0.9419819340109825,1.6450285911560059,3060000,566,382500
0.0089173698797822,0.965833742171526,1.529921293258667,3060800,566,382600
0.006272224243730307,0.9793339259922504,1.6940255165100098,3061600,566,382700
0.0219576433300972,0.6003708839416504,1.431589126586914,3062400,566,382800
0.0012672138400375843,0.9735119696706533,1.6050227880477905,3063200,566,382900
0.0013347550993785262,0.9886319255456328,1.7422122955322266,3064000,566,383000
0.0015825802693143487,0.9630152061581612,1.623425006866455,3064800,566,383100
0.012316294014453888,0.953655943274498,1.5280177593231201,3065600,566,383200
0.008393440395593643,0.875167690217495,1.5478665828704834,3066400,566,383300
0.011362581513822079,-0.24101924896240234,1.6676262617111206,3067200,566,383400
0.0013936996692791581,0.9846744453534484,1.5981543064117432,3068000,566,383500
0.0023895392660051584,0.6375597417354584,1.572028398513794,3068800,566,383600
0.0019122869707643986,-2.7220776081085205,1.751062273979187,3069600,566,383700
0.002551340963691473,0.8990844786167145,1.7226078510284424,3070400,566,383800
0.0032352227717638016,0.9640551768243313,1.7056035995483398,3071200,566,383900
0.0021531132515519857,0.4754871726036072,1.6269689798355103,3072000,566,384000
0.0034768693149089813,0.9843808123841882,1.5597635507583618,3072800,566,384100
0.006443453021347523,0.49426233768463135,1.3980462551116943,3073600,566,384200
0.012974783778190613,0.7759093642234802,1.4071152210235596,3074400,566,384300
0.0011033228365704417,0.9535379260778427,1.5405406951904297,3075200,566,384400
0.005954714026302099,0.8583039939403534,1.6617209911346436,3076000,566,384500
0.006849814672023058,0.8672497719526291,1.5573267936706543,3076800,566,384600
0.003983101341873407,0.8572656661272049,1.5875968933105469,3077600,566,384700
0.001485913060605526,0.9727661814540625,1.6899315118789673,3078400,566,384800
0.0005966221215203404,0.9741287026554346,1.3916893005371094,3079200,566,384900
0.015173043124377728,0.8357315808534622,1.4006578922271729,3080000,566,385000
0.012876540422439575,0.7214303314685822,1.6262633800506592,3080800,566,385100
0.02124047465622425,0.8488830178976059,1.4819822311401367,3081600,566,385200
0.0017744830111041665,0.9470075592398643,1.754285454750061,3082400,566,385300
0.002087510423734784,0.9673298597335815,1.7312707901000977,3083200,566,385400
0.0017247535288333893,0.9085269570350647,1.661257028579712,3084000,566,385500
0.014528274536132812,-0.04072833061218262,1.589489459991455,3084800,566,385600
0.0026575170923024416,0.9769780356436968,1.689340353012085,3085600,566,385700
0.00020228041103109717,0.9748235289007425,1.4774277210235596,3086400,566,385800
0.0015482089947909117,0.86416295170784,1.735304594039917,3087200,566,385900
0.0009656792390160263,0.9400676302611828,1.7709527015686035,3088000,566,386000
0.00485336035490036,-1.6996338367462158,1.7436933517456055,3088800,566,386100
0.0161606278270483,0.7543796598911285,1.7402257919311523,3089600,566,386200
0.005841003730893135,0.9423058554530144,1.6635769605636597,3090400,566,386300
0.024531517177820206,0.8859683200716972,1.6800971031188965,3091200,566,386400
0.03446328639984131,0.8228109329938889,1.6665161848068237,3092000,566,386500
0.026991864666342735,0.7828011065721512,1.4587609767913818,3092800,566,386600
0.005214395001530647,0.5175758004188538,1.5260589122772217,3093600,566,386700
0.0016596789937466383,0.8965638652443886,1.5140957832336426,3094400,566,386800
0.008526104502379894,0.9817552547901869,1.5157051086425781,3095200,566,386900
0.0007903972291387618,0.9952774536795914,1.7195042371749878,3096000,566,387000
0.0026309271343052387,0.9849733039736748,1.5780961513519287,3096800,566,387100
0.007690336089581251,0.88902298361063,1.7169263362884521,3097600,566,387200
0.0021529877558350563,0.6387557983398438,1.7373814582824707,3098400,566,387300
0.0018673727754503489,0.940429087728262,1.725968599319458,3099200,566,387400
0.0026749821845442057,0.7929538190364838,1.7169145345687866,3100000,566,387500
0.005440413486212492,0.9720968678593636,1.7261372804641724,3100800,566,387600
0.0013671062188223004,0.10041618347167969,1.5530011653900146,3101600,566,387700
0.006519018672406673,0.9722568802535534,1.6160268783569336,3102400,566,387800
0.014144188724458218,0.8908870443701744,1.7089602947235107,3103200,566,387900
0.003152354620397091,0.5063438415527344,1.756577730178833,3104000,566,388000
0.009892257861793041,0.8729066848754883,1.6196551322937012,3104800,566,388100
0.04075939953327179,0.6680703163146973,1.2678534984588623,3105600,566,388200
0.004392954986542463,0.8669354617595673,1.6607820987701416,3106400,566,388300
0.0007482715882360935,0.9755740761756897,1.7619078159332275,3107200,566,388400
0.0012807324528694153,0.9706685747951269,1.5324602127075195,3108000,566,388500
0.0016607025172561407,0.9874816033989191,1.6010711193084717,3108800,566,388600
0.0024582650512456894,0.9818878825753927,1.670412302017212,3109600,566,388700
0.0016470346599817276,0.9916576202958822,1.6816073656082153,3110400,566,388800
0.006572560872882605,0.9782806746661663,1.5433149337768555,3111200,566,388900
0.011096995323896408,0.7598991692066193,1.3270268440246582,3112000,566,389000
0.008635623380541801,0.871616005897522,1.576941967010498,3112800,566,389100
0.01870075799524784,0.6977652013301849,1.6130558252334595,3113600,566,389200
0.0033636284060776234,0.9777930155396461,1.7402223348617554,3114400,566,389300
0.003630513558164239,-0.2663767337799072,1.4941608905792236,3115200,566,389400
0.006426350679248571,0.8774748593568802,1.3882205486297607,3116000,566,389500
0.0031873895786702633,0.4417728781700134,1.5821229219436646,3116800,566,389600
0.008040044456720352,0.8556781113147736,1.6953589916229248,3117600,566,389700
0.003563001286238432,0.9770338218659163,1.6601707935333252,3118400,566,389800
0.020890722051262856,0.7141176760196686,1.5510472059249878,3119200,566,389900
0.0005276008741930127,0.907944068312645,1.608316421508789,3120000,566,390000
0.002594295423477888,0.978484783321619,1.7099013328552246,3120800,566,390100
0.0015382799319922924,0.9721558783203363,1.6762628555297852,3121600,566,390200
0.0006950640818104148,0.78912553191185,1.7063145637512207,3122400,566,390300
0.003887792583554983,0.8980305045843124,1.531415343284607,3123200,566,390400
0.0018319807713851333,-0.6877847909927368,1.624096393585205,3124000,566,390500
0.0014515526127070189,0.9074918702244759,1.4529304504394531,3124800,566,390600
0.021688755601644516,0.8090949207544327,1.7299838066101074,3125600,566,390700
0.00037272245390340686,0.9381251186132431,1.7391417026519775,3126400,566,390800
0.00319197541102767,0.9809723105281591,1.2909657955169678,3127200,566,390900
0.008562011644244194,0.42299091815948486,1.460639476776123,3128000,566,391000
0.03623019903898239,0.6554308533668518,1.5075950622558594,3128800,566,391100
0.0024764062836766243,0.813898965716362,1.5420418977737427,3129600,566,391200
0.00034763693111017346,0.97826206125319,1.4991060495376587,3130400,566,391300
0.004472865257412195,0.862759530544281,1.6161201000213623,3131200,566,391400
0.008074862882494926,-3.1290283203125,1.7011613845825195,3132000,566,391500
0.008796059526503086,0.8886484354734421,1.4412484169006348,3132800,566,391600
0.00728611322119832,0.7951918542385101,1.3059173822402954,3133600,566,391700
0.0011947486782446504,0.8153203427791595,1.6531779766082764,3134400,566,391800
0.0019975227769464254,0.9038460627198219,1.7168715000152588,3135200,566,391900
0.003430536948144436,0.432860791683197,1.7440409660339355,3136000,566,392000
0.0011203538160771132,0.9867877652868629,1.7259399890899658,3136800,566,392100
0.006117388606071472,0.5339630246162415,1.7212936878204346,3137600,566,392200
0.0026416569016873837,0.9693783167749643,1.6755609512329102,3138400,566,392300
0.00968858040869236,-0.1357802152633667,1.5669422149658203,3139200,566,392400
0.01898348517715931,0.8891956731677055,1.537993311882019,3140000,566,392500
0.003714086953550577,0.8567357808351517,1.677272081375122,3140800,566,392600
0.008461227640509605,0.3834720849990845,1.6999201774597168,3141600,566,392700
0.0012901374138891697,0.9134983420372009,1.732177972793579,3142400,566,392800
0.0059960875660181046,0.659714013338089,1.7580456733703613,3143200,566,392900
0.007322070188820362,0.5455440282821655,1.680413842201233,3144000,566,393000
0.010093498975038528,0.7988258302211761,1.5045673847198486,3144800,566,393100
0.0014695811551064253,0.7084379196166992,1.535904884338379,3145600,566,393200
0.0080566992983222,-9.575997352600098,1.6405730247497559,3146400,566,393300
0.0026240639854222536,0.784719318151474,1.6861612796783447,3147200,566,393400
0.0058629862032830715,-1.6121201515197754,1.4844796657562256,3148000,566,393500
0.005234756972640753,0.8321991711854935,1.5678046941757202,3148800,566,393600
0.0071914345026016235,0.9868842801079154,1.3789517879486084,3149600,566,393700
0.0041392105631530285,0.5935848355293274,1.6155991554260254,3150400,566,393800
0.0029895403422415257,0.9176888689398766,1.6874792575836182,3151200,566,393900
0.012928842566907406,0.9504212662577629,1.5312416553497314,3152000,566,394000
0.0024081324227154255,0.8288246095180511,1.611738920211792,3152800,566,394100
0.002430178225040436,0.9676822684705257,1.3962388038635254,3153600,566,394200
0.0006688638823106885,0.9874669127166271,1.2698137760162354,3154400,566,394300
0.00272033060900867,0.9279508665204048,1.7011477947235107,3155200,566,394400
0.006992925424128771,0.9140933305025101,1.7067012786865234,3156000,566,394500
0.0006188777042552829,0.8991705179214478,1.6765248775482178,3156800,566,394600
0.002943814266473055,0.5922365486621857,1.3663272857666016,3157600,566,394700
0.002914406592026353,0.8332979083061218,1.4413774013519287,3158400,566,394800
0.0010224308352917433,0.2707850933074951,1.3844574689865112,3159200,566,394900
0.0037749754264950752,0.5407326519489288,1.5826412439346313,3160000,566,395000
0.0003996291779913008,0.7965615093708038,1.6309115886688232,3160800,566,395100
0.0012416145764291286,0.7823533117771149,1.7582645416259766,3161600,566,395200
0.0054360185749828815,0.7813030183315277,1.6273772716522217,3162400,566,395300
0.006010300479829311,0.2341243028640747,1.6131350994110107,3163200,566,395400
0.019585557281970978,0.7754787802696228,1.1680374145507812,3164000,566,395500
0.004394303075969219,0.932219073176384,1.7166084051132202,3164800,566,395600
0.006240513175725937,-0.1662611961364746,1.522343397140503,3165600,566,395700
0.002540633548051119,0.7554299682378769,1.6780645847320557,3166400,566,395800
0.016574405133724213,0.8419714719057083,1.6898918151855469,3167200,566,395900
0.0004991312162019312,0.9726805202662945,1.4607911109924316,3168000,566,396000
0.00378737086430192,0.5960684716701508,1.5722318887710571,3168800,566,396100
0.0026086841244250536,-2.2819862365722656,1.6176382303237915,3169600,566,396200
0.004919927567243576,0.9143586978316307,1.6614278554916382,3170400,566,396300
0.0043283915147185326,0.7398018836975098,1.677079200744629,3171200,566,396400
0.002743825316429138,0.9836440458893776,1.675074577331543,3172000,566,396500
0.006170924752950668,0.9581406451761723,1.4432727098464966,3172800,566,396600
0.0011749631958082318,0.7254614233970642,1.7157232761383057,3173600,566,396700
0.0014338387409225106,0.9476794376969337,1.358884572982788,3174400,566,396800
0.01081329956650734,0.36131376028060913,1.3913114070892334,3175200,566,396900
0.0024406013544648886,0.9360839948058128,1.6220849752426147,3176000,566,397000
0.017281094565987587,0.8050667494535446,1.706437349319458,3176800,566,397100
0.00202056672424078,0.8103978037834167,1.6909866333007812,3177600,566,397200
0.011144191958010197,0.6318017840385437,1.5458407402038574,3178400,566,397300
0.007438874803483486,-0.06297183036804199,1.2136584520339966,3179200,566,397400
0.00864406581968069,0.3677018880844116,1.4436028003692627,3180000,566,397500
0.02644306793808937,0.8835520669817924,1.504793643951416,3180800,566,397600
0.00086682551773265,0.9037467241287231,1.5321290493011475,3181600,566,397700
0.003159258048981428,0.9452878087759018,1.4999964237213135,3182400,566,397800
0.0016625230200588703,0.8496202975511551,1.696236252784729,3183200,566,397900
0.001907850382849574,0.3785581588745117,1.6573270559310913,3184000,566,398000
0.0051646847277879715,0.82027567923069,1.27903151512146,3184800,566,398100
0.0033447688911110163,0.4791100025177002,1.4000886678695679,3185600,566,398200
0.0009383830474689603,0.7570590227842331,1.293095350265503,3186400,566,398300
0.003546041203662753,0.975159402936697,1.6373285055160522,3187200,566,398400
0.0015003017615526915,0.8926107585430145,1.5751841068267822,3188000,566,398500
0.0028618834912776947,0.6520360112190247,1.351742148399353,3188800,566,398600
0.0018521680030971766,0.8760465681552887,1.719308614730835,3189600,566,398700
0.0008457302465103567,-0.29901301860809326,1.569199800491333,3190400,566,398800
0.0024347612634301186,0.969419801607728,1.5042580366134644,3191200,566,398900
0.0006794746150262654,0.9966743309050798,1.7345449924468994,3192000,566,399000
0.009431881830096245,0.9497336931526661,1.5155352354049683,3192800,566,399100
0.0006384932203218341,0.9937599687837064,1.6361761093139648,3193600,566,399200
0.0014534664805978537,0.8400831967592239,1.6499779224395752,3194400,566,399300
0.002606225199997425,0.9129815548658371,1.6944173574447632,3195200,566,399400
0.0017287256196141243,0.505404144525528,1.5483651161193848,3196000,566,399500
0.020062478259205818,0.8691583126783371,1.3296380043029785,3196800,566,399600
0.010379520244896412,0.8747218996286392,1.7246286869049072,3197600,566,399700
0.0047447653487324715,0.8098344206809998,1.6065402030944824,3198400,566,399800
0.009906969033181667,0.8624517619609833,1.726151943206787,3199200,566,399900
0.0017432697350159287,0.49348390102386475,1.5332099199295044,3200000,566,400000
0.0193265900015831,0.6125670373439789,1.1726830005645752,3200800,566,400100
0.023532725870609283,0.6284504532814026,1.175947904586792,3201600,566,400200
0.01075028907507658,0.959335196763277,1.2952311038970947,3202400,566,400300
0.0023082413244992495,0.6224296391010284,1.7322056293487549,3203200,566,400400
0.008099756203591824,0.8927495926618576,1.5057358741760254,3204000,566,400500
0.007140954025089741,0.8269788324832916,1.5847480297088623,3204800,566,400600
0.0008914414793252945,0.9746296908706427,1.7025587558746338,3205600,566,400700
0.0006652292213402689,0.636706531047821,1.634814739227295,3206400,566,400800
0.02535165287554264,0.8837689831852913,1.5204923152923584,3207200,566,400900
0.0005464493297040462,0.7539592832326889,1.7192281484603882,3208000,566,401000
0.002898181788623333,0.756371021270752,1.6123383045196533,3208800,566,401100
0.0075998385436832905,-0.5753878355026245,1.5018963813781738,3209600,566,401200
0.010425521060824394,0.9262259155511856,1.6378768682479858,3210400,566,401300
0.001728874514810741,0.9285557195544243,1.6167165040969849,3211200,566,401400
0.00814705528318882,0.11040794849395752,1.6055455207824707,3212000,566,401500
0.010067662224173546,0.9640461690723896,1.6032326221466064,3212800,566,401600
0.0017565827583894134,0.9903291128575802,1.4713671207427979,3213600,566,401700
0.003401548834517598,0.6234459280967712,1.5324246883392334,3214400,566,401800
0.006528569385409355,0.8501535207033157,1.4421331882476807,3215200,566,401900
0.004782626871019602,0.10267305374145508,1.702548861503601,3216000,566,402000
0.0025640055537223816,-0.4751623868942261,1.67246675491333,3216800,566,402100
0.004743549041450024,0.9678320549428463,1.4533673524856567,3217600,566,402200
0.006661898922175169,0.7093694806098938,1.7185741662979126,3218400,566,402300
0.008576277643442154,0.763458639383316,1.6485692262649536,3219200,566,402400
0.0008182055316865444,0.9598709978163242,1.5283567905426025,3220000,566,402500
0.0038390993140637875,0.8674164563417435,1.6362957954406738,3220800,566,402600
0.0035245015751570463,0.6867291629314423,1.381538987159729,3221600,566,402700
0.004769411403685808,0.9747713729739189,1.6718553304672241,3222400,566,402800
0.0024357184302061796,0.9629331082105637,1.601616621017456,3223200,566,402900
0.005284352693706751,-2.6154682636260986,1.524142861366272,3224000,566,403000
0.0015416621463373303,0.9497247412800789,1.413041353225708,3224800,566,403100
0.0050299265421926975,0.604006826877594,1.471900224685669,3225600,566,403200
0.00029644559253938496,0.9727133139967918,1.632211446762085,3226400,566,403300
0.0013849906390532851,-0.04126870632171631,1.7054654359817505,3227200,566,403400
0.00041919274372048676,0.9949229713529348,1.751802682876587,3228000,566,403500
0.007444777060300112,0.9271969124674797,1.620864748954773,3228800,566,403600
0.0064279260113835335,0.983926797285676,1.658331274986267,3229600,566,403700
0.01555288303643465,0.8482367992401123,1.5333162546157837,3230400,566,403800
0.018596399575471878,0.7072733044624329,1.6074479818344116,3231200,566,403900
0.0005332034197635949,0.9898427966982126,1.6958000659942627,3232000,566,404000
0.0017671966925263405,0.9812286905944347,1.5394415855407715,3232800,566,404100
0.02081795036792755,0.720705509185791,1.7276074886322021,3233600,566,404200
0.0015458485577255487,0.97889987193048,1.7702758312225342,3234400,566,404300
0.0013248289469629526,0.938641294836998,1.5194847583770752,3235200,566,404400
0.03715648129582405,-3.082066059112549,1.6648973226547241,3236000,566,404500
0.0015483618481084704,0.7448330521583557,1.6577863693237305,3236800,566,404600
0.0032514557242393494,-0.2354269027709961,1.281968116760254,3237600,566,404700
0.0006551026017405093,0.9876457545906305,1.7408591508865356,3238400,566,404800
0.003926381003111601,0.9756867419928312,1.7234034538269043,3239200,566,404900
0.0017916790675371885,0.9477438852190971,1.7228953838348389,3240000,566,405000
0.001333423424512148,0.960029274225235,1.7418155670166016,3240800,566,405100
0.003365762997418642,0.27355319261550903,1.4837403297424316,3241600,566,405200
0.0016771301161497831,0.8756673038005829,1.5277081727981567,3242400,566,405300
0.001671212143264711,0.9836689941585064,1.4046159982681274,3243200,566,405400
0.0004661913844756782,0.9923328245058656,1.3348636627197266,3244000,566,405500
0.0008358096238225698,0.9900929387658834,1.491408109664917,3244800,566,405600
0.005306903272867203,0.9719268120825291,1.5900849103927612,3245600,566,405700
0.0003665901895146817,0.9781739935278893,1.7594549655914307,3246400,566,405800
0.0007971320301294327,0.5440450310707092,1.6458271741867065,3247200,566,405900
0.0037408291827887297,0.46281254291534424,1.6396431922912598,3248000,566,406000
0.0017015768680721521,0.954279612749815,1.3861353397369385,3248800,566,406100
0.002123693935573101,0.9521510936319828,1.5988227128982544,3249600,566,406200
0.014833645895123482,0.8326990157365799,1.6218116283416748,3250400,566,406300
0.005852260161191225,0.9666922874748707,1.429700255393982,3251200,566,406400
0.0036409730091691017,0.015965938568115234,1.5039504766464233,3252000,566,406500
0.0026053409092128277,0.9786911159753799,1.2021546363830566,3252800,566,406600
0.004107281565666199,0.8147941082715988,1.4860374927520752,3253600,566,406700
0.0007311184890568256,0.6156521737575531,1.7424510717391968,3254400,566,406800
0.0010936211328953505,-1.5346410274505615,1.6438870429992676,3255200,566,406900
0.0054223425686359406,0.7252551019191742,1.3237428665161133,3256000,566,407000
0.028309626504778862,0.8767958730459213,1.2818084955215454,3256800,566,407100
0.012565932236611843,0.841709092259407,1.6497645378112793,3257600,566,407200
0.0044644419103860855,0.9714344181120396,1.6327552795410156,3258400,566,407300
0.0004040894564241171,0.8830835819244385,1.7045478820800781,3259200,566,407400
0.0012331430334597826,0.7155618071556091,1.6949398517608643,3260000,566,407500
0.00034158246126025915,0.9775393269956112,1.7693341970443726,3260800,566,407600
0.0005150004290044308,0.944953415542841,1.7802379131317139,3261600,566,407700
0.014898700639605522,0.748441219329834,1.6271016597747803,3262400,566,407800
0.02845904789865017,0.8837666809558868,1.425755262374878,3263200,566,407900
0.006268180441111326,0.926333986222744,1.6645877361297607,3264000,566,408000
0.001328637939877808,0.9862091541290283,1.500448226928711,3264800,566,408100
0.003973673563450575,0.8865143656730652,1.572546124458313,3265600,566,408200
0.0018142758635804057,0.8024468421936035,1.6324737071990967,3266400,566,408300
0.003665168071165681,0.9847974879667163,1.4815846681594849,3267200,566,408400
0.011063886806368828,-0.24068403244018555,1.514963150024414,3268000,566,408500
0.001292614033445716,0.9511195607483387,1.3265011310577393,3268800,566,408600
0.001744441338814795,0.7312683761119843,1.5857985019683838,3269600,566,408700
0.000536613108124584,0.97389180585742,1.5450708866119385,3270400,566,408800
0.006226755678653717,0.06334608793258667,1.5809135437011719,3271200,566,408900
0.04114697501063347,0.5048598051071167,1.647425651550293,3272000,566,409000
0.0007960933726280928,0.9286449253559113,1.6029789447784424,3272800,566,409100
0.007102717645466328,0.7095520794391632,1.3749243021011353,3273600,566,409200
0.0016910722479224205,0.9678373225033283,1.5992908477783203,3274400,566,409300
0.0015571080148220062,-0.9818626642227173,1.7568719387054443,3275200,566,409400
0.0011287136003375053,0.9780849628150463,1.6063592433929443,3276000,566,409500
0.0003457379061728716,0.9842683728784323,1.463350534439087,3276800,566,409600
0.0027433037757873535,0.39351195096969604,1.3817979097366333,3277600,566,409700
0.0036285044625401497,0.9696668405085802,1.4088101387023926,3278400,566,409800
0.000889866438228637,0.9961031237617135,1.7441658973693848,3279200,566,409900
0.003015624824911356,0.5697273015975952,1.730905532836914,3280000,566,410000
0.0024277109187096357,0.6388021409511566,1.608320951461792,3280800,566,410100
0.002434863243252039,0.9626710787415504,1.4886019229888916,3281600,566,410200
0.0008439001394435763,0.5342462658882141,1.6260011196136475,3282400,566,410300
0.03893127292394638,0.4899028539657593,1.5190438032150269,3283200,566,410400
0.002042311243712902,0.9666505418717861,1.7459158897399902,3284000,566,410500
0.0017785736126825213,0.9820301476866007,1.695334792137146,3284800,566,410600
0.0007756121922284365,0.8489461690187454,1.684983730316162,3285600,566,410700
0.005538599565625191,0.936060257256031,1.4123575687408447,3286400,566,410800
0.003247044049203396,0.9767081756144762,1.748086929321289,3287200,566,410900
0.0031525916419923306,0.9572320692241192,1.5702182054519653,3288000,566,411000
0.010777279734611511,0.9469451606273651,1.3034183979034424,3288800,566,411100
0.0022461353801190853,0.9815736059099436,1.6401455402374268,3289600,566,411200
0.004493542015552521,0.980527875944972,1.5863449573516846,3290400,566,411300
0.0063972556963562965,0.9424393102526665,1.7386795282363892,3291200,566,411400
0.0018148210365325212,0.4746283292770386,1.359240174293518,3292000,566,411500
0.002247683936730027,0.9403818361461163,1.525665044784546,3292800,566,411600
0.019863560795783997,0.8467599749565125,1.6448662281036377,3293600,566,411700
0.001032402040436864,0.6442940831184387,1.5782653093338013,3294400,566,411800
0.000745908182580024,0.7893120795488358,1.5377683639526367,3295200,566,411900
0.0033217361196875572,0.4415682554244995,1.6574468612670898,3296000,566,412000
0.0012854067608714104,0.6236548125743866,1.6746734380722046,3296800,566,412100
0.018396513536572456,0.9290723502635956,1.0896073579788208,3297600,566,412200
0.003307738807052374,0.9858479928225279,1.2579460144042969,3298400,566,412300
0.007006215397268534,0.9314042776823044,1.4130804538726807,3299200,566,412400
0.006310098804533482,0.9916599625721574,1.5715405941009521,3300000,566,412500
0.000940964906476438,0.919898584485054,1.6928825378417969,3300800,566,412600
0.004212073981761932,0.9853404946625233,1.3320716619491577,3301600,566,412700
0.011114589869976044,0.9457042440772057,1.6724073886871338,3302400,566,412800
0.006212268490344286,0.8779783844947815,1.7040889263153076,3303200,566,412900
0.0014242647448554635,0.9789892043918371,1.663321614265442,3304000,566,413000
0.001349753700196743,0.7225188314914703,1.7148407697677612,3304800,566,413100
0.0027830125764012337,0.9611118845641613,1.6018965244293213,3305600,566,413200
0.0014201253652572632,0.8530811220407486,1.705661654472351,3306400,566,413300
0.0021797455847263336,0.9487428702414036,1.6178960800170898,3307200,566,413400
0.0017161115538328886,0.9885267112404108,1.6289634704589844,3308000,566,413500
0.00822630524635315,0.7011874616146088,1.6360042095184326,3308800,566,413600
0.00054591876687482,0.9475003443658352,1.5780282020568848,3309600,566,413700
0.0009594910079613328,0.4209280014038086,1.6359468698501587,3310400,566,413800
0.014941083267331123,0.7955835610628128,1.647288203239441,3311200,566,413900
0.00233080075122416,0.9814878273755312,1.5881253480911255,3312000,566,414000
0.003423435380682349,0.9774305764585733,1.655021071434021,3312800,566,414100
0.008697094395756721,-0.28672635555267334,1.440421462059021,3313600,566,414200
0.016966193914413452,0.6592515408992767,1.6387860774993896,3314400,566,414300
0.013580289669334888,0.8642826527357101,1.4923202991485596,3315200,566,414400
0.0014322561910375953,0.9812021739780903,1.2550277709960938,3316000,566,414500
0.04658219963312149,0.6065448820590973,1.291640043258667,3316800,566,414600
0.0023905448615550995,0.9089666530489922,1.5092167854309082,3317600,566,414700
0.0030787449795752764,0.3533179759979248,1.7629237174987793,3318400,566,414800
0.010978874750435352,0.761083334684372,1.5926742553710938,3319200,566,414900
0.0013035540468990803,0.9783695414662361,1.6338951587677002,3320000,566,415000
0.0008977447869256139,0.6531295776367188,1.7449182271957397,3320800,566,415100
0.001629525562748313,0.22882139682769775,1.73866605758667,3321600,566,415200
0.009121895767748356,0.04073607921600342,1.6954598426818848,3322400,566,415300
0.0026899767108261585,0.9768155626952648,1.6821296215057373,3323200,566,415400
0.0011755608720704913,0.8059395849704742,1.5863475799560547,3324000,566,415500
0.0025900646578520536,0.7617068737745285,1.48744797706604,3324800,566,415600
0.003388891462236643,0.8008736670017242,1.3466945886611938,3325600,566,415700
0.0006469449726864696,0.6851523518562317,1.7637462615966797,3326400,566,415800
0.0016832784749567509,0.6027459502220154,1.6747701168060303,3327200,566,415900
0.04311848431825638,0.48285311460494995,1.5241281986236572,3328000,566,416000
0.0025487099774181843,0.9537395313382149,1.6035470962524414,3328800,566,416100
0.003016754984855652,0.6306582093238831,1.6242753267288208,3329600,566,416200
0.004495064727962017,0.9257000088691711,1.7602910995483398,3330400,566,416300
0.004467945545911789,0.9610231146216393,1.6480633020401,3331200,566,416400
0.007450886070728302,0.9133802801370621,1.6261520385742188,3332000,566,416500
0.0026356379967182875,0.8433048576116562,1.202775239944458,3332800,566,416600
0.004490185528993607,0.9013757035136223,1.178890585899353,3333600,566,416700
0.0007576890639029443,0.9791553486138582,1.699099063873291,3334400,566,416800
0.011006763204932213,0.8436447829008102,1.3995566368103027,3335200,566,416900
0.0006870749057270586,0.9490943253040314,1.7047693729400635,3336000,566,417000
0.0015164712676778436,0.9848982207477093,1.5304710865020752,3336800,566,417100
0.009759427048265934,0.9032631292939186,1.7578405141830444,3337600,566,417200
0.0011370693100616336,0.9567088335752487,1.6104800701141357,3338400,566,417300
0.003658020868897438,-3.0055441856384277,1.494849681854248,3339200,566,417400
0.0006307361181825399,0.6889598369598389,1.7488641738891602,3340000,566,417500
0.0006284618284553289,0.9452083744108677,1.7284162044525146,3340800,566,417600
0.000593548989854753,0.8882019072771072,1.7045570611953735,3341600,566,417700
0.0029558632522821426,0.9558991529047489,1.498294711112976,3342400,566,417800
0.00941206980496645,0.9014786183834076,1.602909803390503,3343200,566,417900
0.004319151397794485,0.5380570888519287,1.6689810752868652,3344000,566,418000
0.026180731132626534,-2.2691726684570312,1.475597858428955,3344800,566,418100
0.003762736450880766,0.9646196365356445,1.7529569864273071,3345600,566,418200
0.006785618141293526,0.8429194390773773,1.6502561569213867,3346400,566,418300
0.006782857701182365,0.9407607950270176,1.6184329986572266,3347200,566,418400
0.0005238583544269204,0.997013543965295,1.5860625505447388,3348000,566,418500
0.004798314534127712,0.9792651105672121,1.685707926750183,3348800,566,418600
0.005085224285721779,0.9587837643921375,1.7491352558135986,3349600,566,418700
0.0014876013156026602,0.9239785447716713,1.7441141605377197,3350400,566,418800
0.017244242131710052,0.815327450633049,1.6758246421813965,3351200,566,418900
0.040065862238407135,0.4803217053413391,1.5134944915771484,3352000,566,419000
0.0009872167138382792,0.9924115356989205,1.6993131637573242,3352800,566,419100
0.0070880018174648285,0.9085137322545052,1.392195224761963,3353600,566,419200
0.0037613315507769585,0.780221089720726,1.6896836757659912,3354400,566,419300
0.0010253258515149355,0.977335112169385,1.589538335800171,3355200,566,419400
0.010002542287111282,0.43961548805236816,1.5786798000335693,3356000,566,419500
0.003940752241760492,0.958054106682539,1.5501108169555664,3356800,566,419600
0.0016244391445070505,0.8286724835634232,1.731905460357666,3357600,566,419700
0.003954119514673948,0.958221722394228,1.6152150630950928,3358400,566,419800
0.0013651496265083551,-0.6831114292144775,1.6851197481155396,3359200,566,419900
0.0221022330224514,0.5610543489456177,1.6117336750030518,3360000,566,420000
0.003597545437514782,0.9852359080687165,1.564612865447998,3360800,566,420100
0.04313432797789574,0.7005501687526703,1.1996121406555176,3361600,566,420200
0.004559845197945833,0.8783314526081085,1.540218710899353,3362400,566,420300
0.0010456157615408301,0.9827488139271736,1.5975148677825928,3363200,566,420400
0.002143757650628686,0.8838847428560257,1.4725756645202637,3364000,566,420500
0.0016222165431827307,0.6824780702590942,1.324737787246704,3364800,566,420600
0.0031368713825941086,0.8865044265985489,1.6572072505950928,3365600,566,420700
0.0020518829114735126,0.9713512286543846,1.6779332160949707,3366400,566,420800
0.0033393106423318386,0.9551373980939388,1.6007061004638672,3367200,566,420900
0.0002688371459953487,0.755701556801796,1.68130624294281,3368000,566,421000
0.010787714272737503,0.612788200378418,1.552187204360962,3368800,566,421100
0.00637581292539835,0.9495155066251755,1.5576274394989014,3369600,566,421200
0.010747293941676617,0.8478078842163086,1.5785801410675049,3370400,566,421300
0.006993704941123724,0.9443163312971592,1.6270300149917603,3371200,566,421400
0.013747021555900574,0.8053862899541855,1.6679275035858154,3372000,566,421500
0.001284705358557403,0.9388087056577206,1.59328031539917,3372800,566,421600
0.007994960993528366,0.8637921810150146,1.5007469654083252,3373600,566,421700
0.0037610470317304134,0.9022417366504669,1.5107073783874512,3374400,566,421800
0.001384681323543191,0.9192376136779785,1.3064014911651611,3375200,566,421900
0.027587588876485825,0.674762099981308,1.373781442642212,3376000,566,422000
0.0036047385074198246,-0.27630388736724854,1.7454428672790527,3376800,566,422100
0.0024952837266027927,0.9962762545328587,1.5961575508117676,3377600,566,422200
0.0015051651280373335,0.990532842464745,1.5882480144500732,3378400,566,422300
0.0016340059228241444,0.6174875795841217,1.722977638244629,3379200,566,422400
0.001609784085303545,0.9915024284273386,1.66336989402771,3380000,566,422500
0.0031470200046896935,0.7232896685600281,1.7321751117706299,3380800,566,422600
0.002551259705796838,-2.3044421672821045,1.6040589809417725,3381600,566,422700
0.0026791770942509174,0.7637010961771011,1.757386326789856,3382400,566,422800
0.002640980063006282,0.9286224693059921,1.632401466369629,3383200,566,422900
0.0023642289452254772,0.615547776222229,1.7757132053375244,3384000,566,423000
0.000396861374611035,0.8464294075965881,1.7236424684524536,3384800,566,423100
0.006165598519146442,0.9428194798529148,1.729819893836975,3385600,566,423200
0.007975688204169273,0.9653296768665314,1.6606552600860596,3386400,566,423300
0.0009787024464458227,-0.047814249992370605,1.7432950735092163,3387200,566,423400
0.00026522937696427107,0.9597777910530567,1.6212654113769531,3388000,566,423500
0.0015832281205803156,0.9037236645817757,1.7638550996780396,3388800,566,423600
0.0032120440155267715,0.9657867066562176,1.7476732730865479,3389600,566,423700
0.0004916643956676126,0.9371906071901321,1.682197093963623,3390400,566,423800
0.0009988973615691066,0.9894876377657056,1.604412317276001,3391200,566,423900
0.00590646592900157,0.9673718437552452,1.509758710861206,3392000,566,424000
0.0006091702380217612,0.8971714153885841,1.5934113264083862,3392800,566,424100
0.004636361729353666,0.7914747595787048,1.6874799728393555,3393600,566,424200
0.002479099202901125,0.8339647054672241,1.6130738258361816,3394400,566,424300
0.0009515593410469592,0.9009426087141037,1.6082684993743896,3395200,566,424400
0.006346249021589756,0.7683904320001602,1.5460631847381592,3396000,566,424500
0.00715211033821106,0.9197798743844032,1.4264839887619019,3396800,566,424600
0.004431961104273796,0.7547664046287537,1.6994112730026245,3397600,566,424700
0.007572726346552372,0.7524914145469666,1.417083740234375,3398400,566,424800
0.0008478178060613573,0.9863410778343678,1.7204596996307373,3399200,566,424900
0.008092832751572132,-0.5140571594238281,1.5460233688354492,3400000,566,425000
0.0005891654873266816,0.9708383027464151,1.5502593517303467,3400800,566,425100
0.002333093201741576,0.9724966306239367,1.6422948837280273,3401600,566,425200
0.0019508155528455973,0.9560238346457481,1.6146860122680664,3402400,566,425300
0.013269089162349701,0.8870737925171852,1.6535756587982178,3403200,566,425400
0.00021338227088563144,0.8792346194386482,1.599901795387268,3404000,566,425500
0.0017976080998778343,0.9639284051954746,1.713577389717102,3404800,566,425600
0.0034681186079978943,0.8202019035816193,1.6294809579849243,3405600,566,425700
0.0007381482282653451,0.9451418183743954,1.6598045825958252,3406400,566,425800
0.002252594567835331,0.9359453618526459,1.6737909317016602,3407200,566,425900
0.0017563547007739544,0.8876981884241104,1.6932873725891113,3408000,566,426000
0.005297154653817415,0.8871685341000557,1.531329870223999,3408800,566,426100
0.0031134197488427162,0.8224942237138748,1.7463003396987915,3409600,566,426200
0.0007436395389959216,0.8662131726741791,1.6969462633132935,3410400,566,426300
0.0006834089872427285,0.9260693565011024,1.6190643310546875,3411200,566,426400
0.0023926447611302137,0.9845335176214576,1.699496865272522,3412000,566,426500
0.0016235244693234563,-0.35268306732177734,1.539432406425476,3412800,566,426600
0.0019434106070548296,0.8457131236791611,1.7174930572509766,3413600,566,426700
0.022747313603758812,-0.38437867164611816,1.6137611865997314,3414400,566,426800
0.0011602118611335754,0.6295277774333954,1.6211283206939697,3415200,566,426900
0.002451051725074649,0.6575277149677277,1.5651689767837524,3416000,566,427000
0.0016823937185108662,0.828674852848053,1.6684058904647827,3416800,566,427100
0.012944912537932396,0.9116014689207077,1.536628007888794,3417600,566,427200
0.005679367110133171,0.901843711733818,1.4472545385360718,3418400,566,427300
0.0013723951997235417,0.9198624193668365,1.7157480716705322,3419200,566,427400
0.002390884328633547,0.7593919932842255,1.3301498889923096,3420000,566,427500
0.0006418989505618811,0.8467559516429901,1.7105364799499512,3420800,566,427600
0.006069384515285492,-0.07097125053405762,1.7029486894607544,3421600,566,427700
0.0035756509751081467,0.7363937497138977,1.6285405158996582,3422400,566,427800
0.0009612533031031489,0.9933144738897681,1.5820900201797485,3423200,566,427900
0.0019369011279195547,0.9935142691247165,1.7347575426101685,3424000,566,428000
0.03380308300256729,-68.71532440185547,1.407938003540039,3424800,566,428100
0.00035335225402377546,0.9283182397484779,1.7398619651794434,3425600,566,428200
0.0012153638526797295,0.9925160096026957,1.712800145149231,3426400,566,428300
0.11998752504587173,-0.4061208963394165,1.4640247821807861,3427200,566,428400
0.0010771756060421467,0.9903365913778543,1.632042646408081,3428000,566,428500
0.01582246832549572,0.8058280348777771,1.4561922550201416,3428800,566,428600
0.0007571092573925853,0.8503571450710297,1.105844497680664,3429600,566,428700
0.0013966342667117715,0.9815361499786377,1.710802435874939,3430400,566,428800
0.0009679388022050261,0.5014004111289978,1.6904840469360352,3431200,566,428900
0.013303830288350582,0.5945142805576324,1.5195584297180176,3432000,566,429000
0.0017997503746300936,0.5267333686351776,1.4947874546051025,3432800,566,429100
0.005782856605947018,0.9433926232159138,1.7345739603042603,3433600,566,429200
0.004248365759849548,0.9836647845804691,1.2209213972091675,3434400,566,429300
0.0012638135813176632,0.9863207647576928,1.6310102939605713,3435200,566,429400
0.0011246626963838935,0.9739040937274694,1.4959157705307007,3436000,566,429500
0.01818643882870674,0.8631227612495422,1.7647480964660645,3436800,566,429600
0.0006844564341008663,0.6336827278137207,1.746716856956482,3437600,566,429700
0.0015811424236744642,0.3840799331665039,1.7123417854309082,3438400,566,429800
0.008674923330545425,0.1625521183013916,1.2942814826965332,3439200,566,429900
0.0026848181150853634,0.9324159920215607,1.385955572128296,3440000,566,430000
0.005477670580148697,0.8412193953990936,1.634416103363037,3440800,566,430100
0.004242126829922199,0.8037624806165695,1.5340135097503662,3441600,566,430200
0.0011272160336375237,0.9367302283644676,1.517601490020752,3442400,566,430300
0.002992145484313369,0.936561293900013,1.5324443578720093,3443200,566,430400
0.0011628196807578206,0.9893859792500734,1.7052170038223267,3444000,566,430500
0.029418086633086205,0.7186842560768127,1.473493218421936,3444800,566,430600
0.0016824676422402263,0.30530238151550293,1.6639060974121094,3445600,566,430700
0.004760359413921833,0.9864113172516227,1.5071980953216553,3446400,566,430800
0.0035669649951159954,0.7891218513250351,1.7426024675369263,3447200,566,430900
0.006635597441345453,0.9756461642682552,1.5517079830169678,3448000,566,431000
0.0018933152314275503,0.8779758810997009,1.6086413860321045,3448800,566,431100
0.004314574878662825,0.9203647151589394,1.519447684288025,3449600,566,431200
0.0014560529962182045,-3.4860782623291016,1.7237412929534912,3450400,566,431300
0.0009989370591938496,0.9517217352986336,1.500814437866211,3451200,566,431400
0.0029412321746349335,0.8504653126001358,1.439345359802246,3452000,566,431500
0.0009576967568136752,0.981875590980053,1.6711022853851318,3452800,566,431600
0.0027380504179745913,0.9050943478941917,1.4831879138946533,3453600,566,431700
0.0019576537888497114,0.9921998912468553,1.2122058868408203,3454400,566,431800
0.0027438118122518063,-0.3556997776031494,1.4422577619552612,3455200,566,431900
0.001268735621124506,0.8699714839458466,1.6716203689575195,3456000,566,432000
0.007585753221064806,0.947824764996767,1.4665312767028809,3456800,566,432100
0.0013512392761185765,-4.025629997253418,1.532064437866211,3457600,566,432200
0.03348105028271675,-14.48164176940918,1.571578860282898,3458400,566,432300
0.004849310033023357,0.9470552280545235,1.3207488059997559,3459200,566,432400
0.007845703512430191,0.947774812579155,1.571012258529663,3460000,566,432500
0.004210993647575378,0.8873051777482033,1.7462612390518188,3460800,566,432600
0.00043924793135374784,0.9981587022775784,1.6696217060089111,3461600,566,432700
0.0008117915131151676,0.8677980601787567,1.6753160953521729,3462400,566,432800
0.01412217877805233,-0.11203658580780029,1.7372210025787354,3463200,566,432900
0.0012023011222481728,0.7774169892072678,1.6463202238082886,3464000,566,433000
0.054558973759412766,0.37535279989242554,1.3668785095214844,3464800,566,433100
0.0011332848807796836,0.926158994436264,1.6228739023208618,3465600,566,433200
0.0020057575311511755,0.9555744640529156,1.5752158164978027,3466400,566,433300
0.002512143226340413,-1.5608046054840088,1.5207864046096802,3467200,566,433400
0.0050909919664263725,0.9322386085987091,1.7230298519134521,3468000,566,433500
0.0009491434320807457,0.9428228102624416,1.7138426303863525,3468800,566,433600
0.02169543132185936,0.552985429763794,1.6958856582641602,3469600,566,433700
0.04027142375707626,0.8867368623614311,1.6363533735275269,3470400,566,433800
0.0006524710915982723,0.8493431806564331,1.6241638660430908,3471200,566,433900
0.0019454893190413713,0.9892322858795524,1.4105108976364136,3472000,566,434000
0.0024921412114053965,0.9620353877544403,1.233742117881775,3472800,566,434100
0.0008993087103590369,0.8408310860395432,1.5917134284973145,3473600,566,434200
0.0025403888430446386,0.8185913562774658,1.6185368299484253,3474400,566,434300
0.0025721401907503605,0.9620123244822025,1.6502559185028076,3475200,566,434400
0.00026008248096331954,0.9313517659902573,1.7551380395889282,3476000,566,434500
0.0013511464931070805,0.9895463287830353,1.4402949810028076,3476800,566,434600
0.0011452054604887962,0.9215414151549339,1.21048903465271,3477600,566,434700
0.08663018047809601,-0.30388498306274414,1.6329950094223022,3478400,566,434800
0.006122438237071037,0.7399382293224335,1.691220760345459,3479200,566,434900
0.001519765006378293,0.33124834299087524,1.7602670192718506,3480000,566,435000
0.005302191711962223,0.9440870806574821,1.5978031158447266,3480800,566,435100
0.00874248892068863,0.8391873091459274,1.585125207901001,3481600,566,435200
0.009622504003345966,0.948168933391571,1.6046802997589111,3482400,566,435300
0.00614553177729249,0.2145901918411255,1.651950478553772,3483200,566,435400
0.003022524993866682,0.9823065772652626,1.7249858379364014,3484000,566,435500
0.002677596639841795,0.500323474407196,1.7081351280212402,3484800,566,435600
0.00495109474286437,0.36286669969558716,1.5863357782363892,3485600,566,435700
0.00042207102524116635,0.9708451218903065,1.636857509613037,3486400,566,435800
0.005162970628589392,0.9659585580229759,1.73456871509552,3487200,566,435900
0.0031987016554921865,0.9509029611945152,1.7354011535644531,3488000,566,436000
0.00033057492692023516,0.947878286242485,1.7579550743103027,3488800,566,436100
0.006555939093232155,-0.17199993133544922,1.7176055908203125,3489600,566,436200
0.0016353321261703968,0.553973525762558,1.7225706577301025,3490400,566,436300
0.005268903449177742,0.9594915062189102,1.6473219394683838,3491200,566,436400
0.002190899569541216,0.9804375283420086,1.5927042961120605,3492000,566,436500
0.002050633542239666,0.9757354408502579,1.678650140762329,3492800,566,436600
0.00019685161532834172,0.971753004938364,1.633326768875122,3493600,566,436700
0.017190342769026756,-0.014287710189819336,1.5921010971069336,3494400,566,436800
0.0023563492577522993,0.8416559994220734,1.7029223442077637,3495200,566,436900
0.048354919999837875,0.271614670753479,1.6818851232528687,3496000,566,437000
0.004301092121750116,0.9587201587855816,1.5856611728668213,3496800,566,437100
0.0014888743171468377,0.9756824895739555,1.7312618494033813,3497600,566,437200
0.004039229825139046,0.9330034181475639,1.5793306827545166,3498400,566,437300
0.004005962051451206,-0.9693324565887451,1.5985701084136963,3499200,566,437400
0.005469242110848427,0.9258773252367973,1.6701430082321167,3500000,566,437500
0.005844591185450554,0.17806559801101685,1.541164517402649,3500800,566,437600
0.004245750140398741,0.9396637864410877,1.515014410018921,3501600,566,437700
0.0023983833380043507,0.8877679258584976,1.612821340560913,3502400,566,437800
0.003528658300638199,0.7002520263195038,1.4130885601043701,3503200,566,437900
0.0024962211027741432,0.9299574121832848,1.5188716650009155,3504000,566,438000
0.0011986457975581288,0.7848040163516998,1.7061302661895752,3504800,566,438100
0.003970959689468145,0.6734375655651093,1.5425457954406738,3505600,566,438200
0.0016111909644678235,0.9300588443875313,1.7464520931243896,3506400,566,438300
0.006940037943422794,0.9093827083706856,1.700282096862793,3507200,566,438400
0.010557632893323898,0.5568782985210419,1.6408166885375977,3508000,566,438500
0.0013693944783881307,-0.07751798629760742,1.7470715045928955,3508800,566,438600
0.0015452060615643859,0.9842246547341347,1.5171236991882324,3509600,566,438700
0.0012984127970412374,0.9692918229848146,1.515619158744812,3510400,566,438800
0.06013654172420502,-0.5059219598770142,1.6835334300994873,3511200,566,438900
0.006065628957003355,0.9407993890345097,1.628079891204834,3512000,566,439000
0.004823888186365366,-0.8169207572937012,1.6807470321655273,3512800,566,439100
0.0015919452998787165,0.7158214449882507,1.4759455919265747,3513600,566,439200
0.0023133724462240934,0.4727131128311157,1.687728762626648,3514400,566,439300
0.002111805137246847,-0.9051903486251831,1.707627296447754,3515200,566,439400
0.013545820489525795,0.7473248243331909,1.729508399963379,3516000,566,439500
0.0018079193541780114,0.9417309984564781,1.5624430179595947,3516800,566,439600
0.022045517340302467,0.7109387218952179,1.6356457471847534,3517600,566,439700
0.004468289203941822,0.979771425947547,1.398969054222107,3518400,566,439800
0.0008879764936864376,0.758168414235115,1.5116533041000366,3519200,566,439900
0.004039607476443052,0.9796528611332178,1.3766144514083862,3520000,566,440000
0.0060321311466395855,0.8881835862994194,1.6087417602539062,3520800,566,440100
0.002256863284856081,0.1956961750984192,1.5893595218658447,3521600,566,440200
0.003981617279350758,0.98812469933182,1.547003149986267,3522400,566,440300
0.003734641708433628,0.9831641130149364,1.4269131422042847,3523200,566,440400
0.0014762213686481118,0.8414615392684937,1.5656166076660156,3524000,566,440500
0.0014597728149965405,0.8100554794073105,1.686682105064392,3524800,566,440600
0.0012079381849616766,0.8522469699382782,1.6705400943756104,3525600,566,440700
0.003377453191205859,0.8032242953777313,1.7742435932159424,3526400,566,440800
0.018767451867461205,-1.2544245719909668,1.6580638885498047,3527200,566,440900
0.013364560902118683,0.5802304148674011,1.623321533203125,3528000,566,441000
0.0036214995197951794,0.6612820625305176,1.5048233270645142,3528800,566,441100
0.012994172982871532,-10.566352844238281,1.7094354629516602,3529600,566,441200
0.00035648912307806313,0.9790629036724567,1.674033522605896,3530400,566,441300
0.002020991174504161,0.8241119831800461,1.7358121871948242,3531200,566,441400
0.005864811595529318,0.9671632722020149,1.677610158920288,3532000,566,441500
0.00030542054446414113,0.8985229358077049,1.6981351375579834,3532800,566,441600
0.010395515710115433,0.9465206563472748,1.7565577030181885,3533600,566,441700
0.022082606330513954,0.7073697745800018,1.6485539674758911,3534400,566,441800
0.00409491965547204,0.9045989736914635,1.6742744445800781,3535200,566,441900
0.00018268456915393472,0.8745505064725876,1.7375545501708984,3536000,566,442000
0.024598103016614914,0.9051878377795219,1.3743400573730469,3536800,566,442100
0.0029374801088124514,0.9456500373780727,1.4703266620635986,3537600,566,442200
0.0007053704466670752,0.825216218829155,1.74723219871521,3538400,566,442300
0.0021133464761078358,-0.8745189905166626,1.634908676147461,3539200,566,442400
0.0009608719847165048,0.9783032927662134,1.656860589981079,3540000,566,442500
0.003328078193590045,0.9216780290007591,1.6268386840820312,3540800,566,442600
0.0011453056940808892,0.9309702590107918,1.695623755455017,3541600,566,442700
0.007446051109582186,-0.42038893699645996,1.3517417907714844,3542400,566,442800
0.001266354345716536,0.9023442268371582,1.6745727062225342,3543200,566,442900
0.012122221291065216,0.9424769692122936,1.5171922445297241,3544000,566,443000
0.020248660817742348,-0.43880486488342285,1.5742367506027222,3544800,566,443100
0.0013878225581720471,0.9880799520760775,1.5194292068481445,3545600,566,443200
0.010776251554489136,0.30755138397216797,1.3373737335205078,3546400,566,443300
0.0007545953849330544,0.9947762219235301,1.6922844648361206,3547200,566,443400
0.006837509572505951,0.5265395939350128,1.665970802307129,3548000,566,443500
0.00263273436576128,0.9687436185777187,1.7313144207000732,3548800,566,443600
0.031147945672273636,0.5994385182857513,1.242526888847351,3549600,566,443700
0.018465843051671982,0.8013115674257278,1.750502109527588,3550400,566,443800
0.0020162444561719894,0.8311717510223389,1.3580670356750488,3551200,566,443900
0.001658119959756732,0.9878664361312985,1.6063470840454102,3552000,566,444000
0.0017890799790620804,0.5399201512336731,1.5942884683609009,3552800,566,444100
0.0020902648102492094,0.2160215973854065,1.753812313079834,3553600,566,444200
0.003056600457057357,-1.7655723094940186,1.6337542533874512,3554400,566,444300
0.002024359768256545,0.9622356705367565,1.3227872848510742,3555200,566,444400
0.012773233465850353,0.49765127897262573,1.5808310508728027,3556000,566,444500
0.005861248355358839,0.83599554002285,1.6959373950958252,3556800,566,444600
0.003330883337184787,0.5215337872505188,1.6189019680023193,3557600,566,444700
0.0005862158141098917,0.9828684013336897,1.5961599349975586,3558400,566,444800
0.01233476772904396,0.920071005821228,1.7001181840896606,3559200,566,444900
0.08702991902828217,0.34412074089050293,1.472395420074463,3560000,566,445000
0.0013143375981599092,0.5629698634147644,1.771946907043457,3560800,566,445100
0.0022374179679900408,0.8060679882764816,1.7808518409729004,3561600,566,445200
0.0069301314651966095,0.9312964528799057,1.6707793474197388,3562400,566,445300
0.0025661280378699303,0.986165908165276,1.6350107192993164,3563200,566,445400
0.011947771534323692,-0.07102406024932861,1.7764593362808228,3564000,566,445500
0.0011283558560535312,0.5825437903404236,1.689953088760376,3564800,566,445600
0.005766917951405048,0.9483134374022484,1.283588171005249,3565600,566,445700
0.03491578996181488,0.3610348701477051,1.2698299884796143,3566400,566,445800
0.004396618343889713,-0.4338034391403198,1.5092415809631348,3567200,566,445900
0.0012750240275636315,0.8421437740325928,1.741815447807312,3568000,566,446000
0.008646641857922077,0.6772240698337555,1.5212886333465576,3568800,566,446100
0.000812235230114311,0.8970192894339561,1.6129217147827148,3569600,566,446200
0.02661794051527977,0.6905179023742676,1.780407190322876,3570400,566,446300
0.0017029086593538523,0.8499343693256378,1.4385900497436523,3571200,566,446400
0.000916021061129868,0.9363396838307381,1.6694426536560059,3572000,566,446500
0.03261709585785866,0.8183707296848297,1.527484655380249,3572800,566,446600
0.00034832986420951784,0.9107123762369156,1.6855714321136475,3573600,566,446700
0.0030174367129802704,0.9783904738724232,1.6708614826202393,3574400,566,446800
0.0006152296555228531,0.9884415017440915,1.6335878372192383,3575200,566,446900
0.08028306066989899,-24.582672119140625,1.605072021484375,3576000,566,447000
0.0010564964031800628,0.9663274772465229,1.7135652303695679,3576800,566,447100
0.0007758063729852438,0.9419661834836006,1.7512526512145996,3577600,566,447200
0.03209684416651726,0.5561096370220184,1.768472671508789,3578400,566,447300
0.0016088918782770634,0.8839858323335648,1.6915525197982788,3579200,566,447400
0.003431993769481778,0.4435136914253235,1.721066951751709,3580000,566,447500
0.007012056652456522,0.9675520658493042,1.6317429542541504,3580800,566,447600
0.0006619300693273544,0.9040074795484543,1.7110316753387451,3581600,566,447700
0.007556971162557602,0.9205201342701912,1.7126221656799316,3582400,566,447800
0.001664128853008151,0.8976548910140991,1.5697065591812134,3583200,566,447900
0.006299033761024475,0.009627938270568848,1.7271690368652344,3584000,566,448000
0.0009758565574884415,0.9229914471507072,1.5824313163757324,3584800,566,448100
0.002870562020689249,0.9041528925299644,1.7165799140930176,3585600,566,448200
0.0014753877185285091,0.7155001759529114,1.5717897415161133,3586400,566,448300
0.0034926068037748337,0.8093366324901581,1.5765092372894287,3587200,566,448400
0.0005953106447122991,0.9344402924180031,1.5456492900848389,3588000,566,448500
0.003221401246264577,0.9638637639582157,1.6073158979415894,3588800,566,448600
0.00019873907149303705,0.9326128289103508,1.7387771606445312,3589600,566,448700
0.012714553624391556,0.48494255542755127,1.5399258136749268,3590400,566,448800
0.001265200087800622,0.8202281594276428,1.7259693145751953,3591200,566,448900
0.0005495655350387096,0.9950124858878553,1.7433013916015625,3592000,566,449000
0.041899025440216064,0.44288212060928345,1.4897632598876953,3592800,566,449100
0.0005266195512376726,0.995657451916486,1.753800392150879,3593600,566,449200
0.010465293191373348,-1.4124367237091064,1.602161169052124,3594400,566,449300
0.01019619032740593,0.6719741821289062,1.714302897453308,3595200,566,449400
0.001095551298931241,0.49099957942962646,1.5519938468933105,3596000,566,449500
0.0035837264731526375,0.9559301361441612,1.70558500289917,3596800,566,449600
0.0007249096524901688,0.8364052027463913,1.6868841648101807,3597600,566,449700
0.0024568126536905766,0.9912654934450984,1.6526825428009033,3598400,566,449800
0.0003415051905903965,0.9638239182531834,1.6767196655273438,3599200,566,449900
0.009977237321436405,0.9199688956141472,1.3879115581512451,3600000,566,450000
0.0039649298414587975,0.9862076677381992,1.577846646308899,3600800,566,450100
0.0006529678357765079,0.99233263079077,1.1904855966567993,3601600,566,450200
0.0012303959811106324,0.7492639422416687,1.5328080654144287,3602400,566,450300
0.0025106167886406183,0.4125242829322815,1.5511128902435303,3603200,566,450400
0.0012837136164307594,0.8649453073740005,1.3070168495178223,3604000,566,450500
0.009440058842301369,-1.3624627590179443,1.5551097393035889,3604800,566,450600
0.006264048628509045,0.654424399137497,1.6605610847473145,3605600,566,450700
0.0022278781980276108,0.9711866565048695,1.6634855270385742,3606400,566,450800
0.015131351538002491,-2.352381944656372,1.428492546081543,3607200,566,450900
0.004481070209294558,0.9831867013126612,1.4494655132293701,3608000,566,451000
0.0006194766610860825,0.9892191654071212,1.7108426094055176,3608800,566,451100
0.006015901919454336,0.8168875426054001,1.3870196342468262,3609600,566,451200
0.00228814291767776,0.9596852995455265,1.5987889766693115,3610400,566,451300
0.00035594330984167755,0.6316718757152557,1.5068020820617676,3611200,566,451400
0.0026943637058138847,0.9839337840676308,1.492728352546692,3612000,566,451500
0.0022224041167646646,-9.039519309997559,1.4135611057281494,3612800,566,451600
0.0007571705500595272,0.9409872218966484,1.5093791484832764,3613600,566,451700
0.0021848720498383045,0.94004250690341,1.4259223937988281,3614400,566,451800
0.008580904453992844,0.815614640712738,1.3945344686508179,3615200,566,451900
0.00881279818713665,0.951846893876791,1.284697413444519,3616000,566,452000
0.000836805091239512,0.7440378069877625,1.4246773719787598,3616800,566,452100
0.0003509985108394176,0.9608808383345604,1.7368963956832886,3617600,566,452200
0.001313445158302784,0.9173534139990807,1.7200138568878174,3618400,566,452300
0.0031348050106316805,-0.03279876708984375,1.7014573812484741,3619200,566,452400
0.0016113179735839367,0.9419748149812222,1.6040897369384766,3620000,566,452500
0.005161999724805355,0.9646927192807198,1.6000392436981201,3620800,566,452600
0.0003224714891985059,0.9967644829303026,1.6781949996948242,3621600,566,452700
0.015176190994679928,0.33018696308135986,1.487028956413269,3622400,566,452800
0.0009758620290085673,0.7344590425491333,1.5429543256759644,3623200,566,452900
0.0032479707151651382,0.8561046719551086,1.7214491367340088,3624000,566,453000
0.01714041456580162,0.5737740397453308,1.4344873428344727,3624800,566,453100
0.004177805036306381,0.9142516404390335,1.2719993591308594,3625600,566,453200
0.006404056213796139,0.9738134630024433,1.7367256879806519,3626400,566,453300
0.0016716590616852045,0.9389667734503746,1.738365650177002,3627200,566,453400
0.013829146511852741,0.8352774083614349,1.5587406158447266,3628000,566,453500
0.0029252003878355026,-0.0977703332901001,1.6138098239898682,3628800,566,453600
0.014186028391122818,0.28481560945510864,1.634446144104004,3629600,566,453700
0.003531835973262787,0.9798994325101376,1.6904988288879395,3630400,566,453800
0.0002786722034215927,0.9971677211578935,1.724541425704956,3631200,566,453900
0.010701293125748634,0.9650045000016689,1.6315550804138184,3632000,566,454000
0.026652522385120392,-9.672260284423828,1.48887300491333,3632800,566,454100
0.001092470483854413,0.8139344304800034,1.7723718881607056,3633600,566,454200
0.00046887050848454237,0.9956811536103487,1.7220044136047363,3634400,566,454300
0.005643180105835199,0.9671235382556915,1.6490049362182617,3635200,566,454400
0.0016843249322846532,0.9170558080077171,1.5882389545440674,3636000,566,454500
0.0006700451485812664,0.9091251045465469,1.640882968902588,3636800,566,454600
0.001438891515135765,-1.7541823387145996,1.55978262424469,3637600,566,454700
0.0025274071376770735,0.9904244346544147,1.708038091659546,3638400,566,454800
0.006654246710240841,0.4002532362937927,1.6473455429077148,3639200,566,454900
0.001573946326971054,0.8871744051575661,1.559833288192749,3640000,566,455000
0.003638687077909708,0.7458007037639618,1.5579354763031006,3640800,566,455100
0.00028742162976413965,0.9184889793395996,1.6497141122817993,3641600,566,455200
0.0006606608512811363,0.9316089600324631,1.6887528896331787,3642400,566,455300
0.0019332939991727471,0.9834125638008118,1.5263326168060303,3643200,566,455400
0.010435380041599274,0.9727483484894037,1.686374306678772,3644000,566,455500
0.005727740004658699,0.7783386558294296,1.6141345500946045,3644800,566,455600
0.00265901954844594,0.9781300220638514,1.543309211730957,3645600,566,455700
0.00501030869781971,0.9628401957452297,1.6357918977737427,3646400,566,455800
0.014725656248629093,-0.24639761447906494,1.1515581607818604,3647200,566,455900
0.0034214374609291553,0.0002861618995666504,1.5976848602294922,3648000,566,456000
0.0007565724663436413,0.9773545358330011,1.6531779766082764,3648800,566,456100
0.0013690454652532935,0.9431238137185574,1.5789053440093994,3649600,566,456200
0.0021194168366491795,0.9618167206645012,1.5746294260025024,3650400,566,456300
0.03286579251289368,0.8353640288114548,1.232692003250122,3651200,566,456400
0.002132498426362872,0.8203735649585724,1.6292948722839355,3652000,566,456500
0.002493597799912095,0.8601136207580566,1.6301158666610718,3652800,566,456600
0.0015433678636327386,0.8992052301764488,1.5639088153839111,3653600,566,456700
0.0013721655122935772,-3.198665142059326,1.7460672855377197,3654400,566,456800
0.02237667143344879,0.7168148756027222,1.4828721284866333,3655200,566,456900
0.0029618004336953163,0.4843732714653015,1.6432950496673584,3656000,566,457000
0.0024407929740846157,0.9822435528039932,1.7297154664993286,3656800,566,457100
0.0005554684321396053,0.9690348133444786,1.6439697742462158,3657600,566,457200
0.0006780610419809818,0.9116421043872833,1.664128065109253,3658400,566,457300
0.0027148169465363026,0.7130072116851807,1.611250877380371,3659200,566,457400
0.005321149714291096,0.9563464187085629,1.7449734210968018,3660000,566,457500
0.018480069935321808,0.8192975074052811,1.5735963582992554,3660800,566,457600
0.02340513840317726,0.7826375067234039,1.5528900623321533,3661600,566,457700
0.0024639545008540154,0.9693963509052992,1.7165217399597168,3662400,566,457800
0.007499614264816046,0.3836575746536255,1.4898258447647095,3663200,566,457900
0.0012337431544438004,0.8989700376987457,1.5152218341827393,3664000,566,458000
0.12037970125675201,0.5803123712539673,1.640215516090393,3664800,566,458100
0.0009135472355410457,0.826324850320816,1.371194839477539,3665600,566,458200
0.030047506093978882,0.46059805154800415,1.4878381490707397,3666400,566,458300
0.0039327871054410934,0.6671492755413055,1.5353891849517822,3667200,566,458400
0.04046544432640076,0.3443589210510254,1.596314549446106,3668000,566,458500
0.03517749905586243,0.5690649449825287,1.2588425874710083,3668800,566,458600
0.004213606473058462,0.9680962190032005,1.3598172664642334,3669600,566,458700
0.004208318889141083,0.5275079905986786,1.5882446765899658,3670400,566,458800
0.0016632431652396917,0.0533449649810791,1.667801856994629,3671200,566,458900
0.039108552038669586,0.9021788164973259,1.7266048192977905,3672000,566,459000
0.008268909528851509,0.9350424483418465,1.5041043758392334,3672800,566,459100
0.006212256848812103,0.6064347922801971,1.5270166397094727,3673600,566,459200
0.000437321315985173,0.9075970724225044,1.6785571575164795,3674400,566,459300
0.032954663038253784,0.6398720145225525,1.7268478870391846,3675200,566,459400
0.0017647607019171119,0.9860803615301847,1.6611627340316772,3676000,566,459500
0.025016872212290764,0.736990362405777,1.7275021076202393,3676800,566,459600
0.01495396252721548,-1.6331312656402588,1.4977655410766602,3677600,566,459700
0.004051712807267904,0.5329163372516632,1.434903860092163,3678400,566,459800
0.0011832298478111625,0.9809987284243107,1.730347752571106,3679200,566,459900
0.002323911525309086,0.9832857493311167,1.6197412014007568,3680000,566,460000
0.007374247536063194,0.939740851521492,1.2605539560317993,3680800,566,460100
0.0022063374053686857,0.755476325750351,1.6291828155517578,3681600,566,460200
0.0004142123507335782,0.9660207256674767,1.5339531898498535,3682400,566,460300
0.00204771407879889,0.616751104593277,1.471758246421814,3683200,566,460400
0.0015223571099340916,0.45194244384765625,1.5536670684814453,3684000,566,460500
0.0004161724355071783,0.9492086879909039,1.6482784748077393,3684800,566,460600
0.0017422926612198353,-1.137671709060669,1.6887880563735962,3685600,566,460700
0.07184948027133942,-0.670649528503418,1.5006996393203735,3686400,566,460800
0.0006566299125552177,0.9912736741825938,1.7315714359283447,3687200,566,460900
0.00441648019477725,0.09701913595199585,1.5129008293151855,3688000,566,461000
0.0021953873801976442,0.9977806874085218,1.4423298835754395,3688800,566,461100
0.009346762672066689,0.8594115823507309,1.576432466506958,3689600,566,461200
0.002632411662489176,0.9383940100669861,1.4917330741882324,3690400,566,461300
0.0025875188875943422,-0.12093031406402588,1.5765221118927002,3691200,566,461400
0.0008443561382591724,0.9239109382033348,1.596884846687317,3692000,566,461500
0.0022839377634227276,0.9901243792846799,1.433445692062378,3692800,566,461600
0.00761706568300724,0.7067891359329224,1.4833111763000488,3693600,566,461700
0.014147918671369553,0.21380996704101562,1.7731242179870605,3694400,566,461800
0.0003861993027385324,0.6935781836509705,1.6898435354232788,3695200,566,461900
0.0022359949070960283,0.9875527322292328,1.2287894487380981,3696000,566,462000
0.00025028164964169264,0.884688213467598,1.7141427993774414,3696800,566,462100
0.0032793409191071987,0.46782875061035156,1.605438470840454,3697600,566,462200
0.007649945095181465,0.7994323670864105,1.402423620223999,3698400,566,462300
0.00041657977271825075,0.9946635863743722,1.6508656740188599,3699200,566,462400
0.0032341876067221165,0.9777454603463411,1.5571837425231934,3700000,566,462500
0.0015466464683413506,-0.01987147331237793,1.75687837600708,3700800,566,462600
0.00035774719435721636,0.983454629778862,1.6366353034973145,3701600,566,462700
0.01978663168847561,0.7039362788200378,1.4986629486083984,3702400,566,462800
0.00311396736651659,0.9499194957315922,1.600200891494751,3703200,566,462900
0.007559203077107668,0.9510006345808506,1.4348511695861816,3704000,566,463000
0.0003480879822745919,0.9599856212735176,1.5695604085922241,3704800,566,463100
0.0018653334118425846,-0.561677098274231,1.694762945175171,3705600,566,463200
0.003280757460743189,0.9351152554154396,1.5322035551071167,3706400,566,463300
0.0029424279928207397,0.9440186694264412,1.5216732025146484,3707200,566,463400
0.013767026364803314,0.8699899464845657,1.5314292907714844,3708000,566,463500
0.0036376139614731073,0.9159770607948303,1.4197403192520142,3708800,566,463600
0.0013743757735937834,0.9341671019792557,1.7286410331726074,3709600,566,463700
0.041322022676467896,0.6848707497119904,1.6524102687835693,3710400,566,463800
0.0007686031749472022,0.6427357196807861,1.6170121431350708,3711200,566,463900
0.0007258036057464778,0.9255451485514641,1.6749240159988403,3712000,566,464000
0.0030930363573133945,-3.277996063232422,1.423671841621399,3712800,566,464100
0.0004650189366657287,0.9819027446210384,1.756202220916748,3713600,566,464200
0.006653766147792339,0.9246554523706436,1.3995252847671509,3714400,566,464300
0.0020806104876101017,0.026417195796966553,1.5077183246612549,3715200,566,464400
0.00402118731290102,0.9571737237274647,1.6583523750305176,3716000,566,464500
0.001979717519134283,-1.271406888961792,1.664724588394165,3716800,566,464600
0.0022223228588700294,0.9849126460030675,1.7064673900604248,3717600,566,464700
0.009816298261284828,-2.9961936473846436,1.3497148752212524,3718400,566,464800
0.05641742795705795,0.6685250103473663,1.7375359535217285,3719200,566,464900
0.0024594191927462816,0.9861980164423585,1.725690245628357,3720000,566,465000
0.015277019701898098,0.9003877118229866,1.7358402013778687,3720800,566,465100
0.0009581655613146722,0.8986291214823723,1.566280722618103,3721600,566,465200
0.0016181113896891475,-0.5923892259597778,1.5015608072280884,3722400,566,465300
0.0023450618609786034,0.9909683782607317,1.6187305450439453,3723200,566,465400
0.0022654077038168907,0.8963615149259567,1.671882152557373,3724000,566,465500
0.0036219824105501175,0.8784929737448692,1.578911542892456,3724800,566,465600
0.17379096150398254,-1.8788776397705078,1.3507980108261108,3725600,566,465700
0.02844570018351078,0.08240312337875366,1.2045438289642334,3726400,566,465800
0.0008772716973908246,0.8465982675552368,1.7158887386322021,3727200,566,465900
0.013721849769353867,0.81976617872715,1.7362959384918213,3728000,566,466000
0.0009600238408893347,0.9922475069761276,1.5708378553390503,3728800,566,466100
0.01364669669419527,0.904902957379818,1.4932994842529297,3729600,566,466200
0.0034840861335396767,0.9718313869088888,1.4932142496109009,3730400,566,466300
0.0012752069160342216,0.859067752957344,1.7249443531036377,3731200,566,466400
0.01007051020860672,0.9178651347756386,1.2681846618652344,3732000,566,466500
0.0011365012032911181,0.8073221445083618,1.4873729944229126,3732800,566,466600
0.05195516720414162,0.3164644241333008,1.5926965475082397,3733600,566,466700
0.017944440245628357,0.5859018266201019,1.5942714214324951,3734400,566,466800
0.004257901571691036,0.9593665897846222,1.7410180568695068,3735200,566,466900
0.011244496330618858,-0.6285068988800049,1.6083881855010986,3736000,566,467000
0.0018277517519891262,0.9782283194363117,1.7113978862762451,3736800,566,467100
0.005498319398611784,0.8726474046707153,1.6083793640136719,3737600,566,467200
0.0030890817288309336,0.9414453767240047,1.6354783773422241,3738400,566,467300
0.02355504222214222,-3.188432216644287,1.6616770029067993,3739200,566,467400
0.0039150044322013855,-5.3841471672058105,1.7030950784683228,3740000,566,467500
0.00017683628539089113,0.7715928256511688,1.6089720726013184,3740800,566,467600
0.0013288623886182904,0.9800747726112604,1.7275787591934204,3741600,566,467700
0.0031552608124911785,0.7509270161390305,1.483001470565796,3742400,566,467800
0.007027728017419577,0.9022414833307266,1.399222731590271,3743200,566,467900
0.0026409029960632324,0.972919525578618,1.655122995376587,3744000,566,468000
0.004018193110823631,0.9346974119544029,1.6628674268722534,3744800,566,468100
0.0010058209300041199,0.29642462730407715,1.7307837009429932,3745600,566,468200
0.01568710431456566,0.3423157334327698,1.673142433166504,3746400,566,468300
0.013723920099437237,0.9418002404272556,1.602735161781311,3747200,566,468400
0.0031932247802615166,0.6851437389850616,1.4336971044540405,3748000,566,468500
0.001380700501613319,0.5250939428806305,1.320821762084961,3748800,566,468600
0.002213454572483897,0.9781322292983532,1.7313066720962524,3749600,566,468700
0.0002608332724776119,0.828881561756134,1.6975986957550049,3750400,566,468800
0.0016881298506632447,0.48820412158966064,1.4857710599899292,3751200,566,468900
0.00127212586812675,0.8779183477163315,1.4754703044891357,3752000,566,469000
0.01203831285238266,0.7115940451622009,1.5695257186889648,3752800,566,469100
0.0007810560055077076,0.7488732635974884,1.7027547359466553,3753600,566,469200
0.020797591656446457,0.9112963750958443,1.527138352394104,3754400,566,469300
0.00802967045456171,-1.8009984493255615,1.5076758861541748,3755200,566,469400
0.001471967319957912,0.9949184418655932,1.6473338603973389,3756000,566,469500
0.002208176301792264,0.7657846808433533,1.755183458328247,3756800,566,469600
0.0043289512395858765,0.6298582851886749,1.602745532989502,3757600,566,469700
0.0011174238752573729,0.9319242686033249,1.4504437446594238,3758400,566,469800
0.022836213931441307,0.9200633987784386,1.2543110847473145,3759200,566,469900
0.005421587266027927,0.10427939891815186,1.5504995584487915,3760000,566,470000
0.009328682906925678,0.8790349662303925,1.733386754989624,3760800,566,470100
0.0010736670810729265,-2.6512629985809326,1.7017884254455566,3761600,566,470200
0.016330266371369362,0.03273129463195801,1.539445161819458,3762400,566,470300
0.0016319778515025973,0.9877884611487389,1.514838457107544,3763200,566,470400
0.0008786182152107358,0.99682213854976,1.3208657503128052,3764000,566,470500
0.006949336733669043,0.8327773660421371,1.627925157546997,3764800,566,470600
0.0026021988596767187,0.9133604317903519,1.587012529373169,3765600,566,470700
0.0011141165159642696,0.943499855697155,1.695221185684204,3766400,566,470800
0.0022692293860018253,0.9837623853236437,1.5126298666000366,3767200,566,470900
0.03585205599665642,0.8498785197734833,1.615424394607544,3768000,566,471000
0.0030268572736531496,0.895636148750782,1.626354694366455,3768800,566,471100
0.0023714725393801928,0.9730353206396103,1.5015056133270264,3769600,566,471200
0.0028992630541324615,0.9718670137226582,1.6880791187286377,3770400,566,471300
0.0029664284083992243,0.7635725885629654,1.5603654384613037,3771200,566,471400
0.004144574049860239,0.9663722850382328,1.6107282638549805,3772000,566,471500
0.0016312083462253213,0.9063853472471237,1.6758371591567993,3772800,566,471600
0.0004852128913626075,0.9434786066412926,1.7235006093978882,3773600,566,471700
0.005576261319220066,0.8658391982316971,1.7005932331085205,3774400,566,471800
0.0005325409583747387,0.9404503032565117,1.6919143199920654,3775200,566,471900
0.0016657366650179029,-1.9490447044372559,1.596625566482544,3776000,566,472000
0.03293358534574509,0.5656411647796631,1.605377435684204,3776800,566,472100
0.0020599153358489275,-4.2410688400268555,1.7578229904174805,3777600,566,472200
0.0005295949522405863,0.9527798220515251,1.656643033027649,3778400,566,472300
0.0007933039451017976,0.8071276098489761,1.7162057161331177,3779200,566,472400
0.0003116788575425744,0.9775812644511461,1.7225208282470703,3780000,566,472500
0.005616180133074522,0.833879292011261,1.697948932647705,3780800,566,472600
0.005184345878660679,-1.0861997604370117,1.7737263441085815,3781600,566,472700
0.003608444007113576,-0.33453261852264404,1.5195008516311646,3782400,566,472800
0.0036031645722687244,0.7640125751495361,1.5694546699523926,3783200,566,472900
0.0005799621576443315,0.995044810231775,1.7449238300323486,3784000,566,473000
0.0021263710223138332,-4.737135410308838,1.7372517585754395,3784800,566,473100
0.002762839663773775,0.8007616251707077,1.6853106021881104,3785600,566,473200
0.0014103965368121862,0.9792327173054218,1.4941562414169312,3786400,566,473300
0.001623687450774014,0.9412104599177837,1.6148836612701416,3787200,566,473400
0.014531134627759457,0.968419324606657,1.314683437347412,3788000,566,473500
0.0015698028728365898,0.9696173537522554,1.6086986064910889,3788800,566,473600
0.008907337673008442,0.8502126634120941,1.4491589069366455,3789600,566,473700
0.0014789195265620947,0.8813557028770447,1.6684415340423584,3790400,566,473800
0.0011005144333466887,0.9758443031460047,1.6088125705718994,3791200,566,473900
0.0037471535615622997,0.9371572881937027,1.7301883697509766,3792000,566,474000
0.0029760238248854876,0.3433152437210083,1.5374698638916016,3792800,566,474100
0.0020975342486053705,0.9785466827452183,1.5277245044708252,3793600,566,474200
0.00026313154376111925,0.9834500681608915,1.6034905910491943,3794400,566,474300
0.0030801878310739994,0.9761657491326332,1.3254168033599854,3795200,566,474400
0.00059170724125579,0.7042636573314667,1.775505542755127,3796000,566,474500
0.0006564712384715676,0.9953584792092443,1.7165863513946533,3796800,566,474600
0.0015236677136272192,0.42467373609542847,1.4899799823760986,3797600,566,474700
0.004059136379510164,0.7698065787553787,1.677736759185791,3798400,566,474800
0.05809818208217621,0.7374957501888275,1.066738247871399,3799200,566,474900
0.0007222272106446326,0.8731832653284073,1.3825105428695679,3800000,566,475000
0.0027997680008411407,0.9341870844364166,1.706172227859497,3800800,566,475100
0.0023496446665376425,0.8336861580610275,1.687491536140442,3801600,566,475200
0.0006152025889605284,0.8856034278869629,1.5808525085449219,3802400,566,475300
0.004184606950730085,0.7613441050052643,1.5232136249542236,3803200,566,475400
0.001021875999867916,0.878132738173008,1.7264214754104614,3804000,566,475500
0.0018263680394738913,0.9887402215972543,1.703370451927185,3804800,566,475600
0.0004275456303730607,0.9794728010892868,1.7100441455841064,3805600,566,475700
0.0006412912043742836,0.9199974983930588,1.465273380279541,3806400,566,475800
0.00421535037457943,0.8995872586965561,1.430816411972046,3807200,566,475900
0.005190922878682613,0.8918416053056717,1.5538932085037231,3808000,566,476000
0.006302526220679283,0.9221904277801514,1.5700485706329346,3808800,566,476100
0.0004008189425803721,0.9777987860143185,1.755197286605835,3809600,566,476200
0.002985890256240964,0.9566399827599525,1.6193861961364746,3810400,566,476300
0.0019238893873989582,0.9881264567375183,1.7429730892181396,3811200,566,476400
0.0009362049167975783,0.9934633136726916,1.632474422454834,3812000,566,476500
0.0029196387622505426,0.3759576082229614,1.7652509212493896,3812800,566,476600
0.000584916677325964,0.9613330289721489,1.3701307773590088,3813600,566,476700
0.014546859078109264,0.6111209094524384,1.4587376117706299,3814400,566,476800
0.0022813768591731787,0.9874439565464854,1.7000799179077148,3815200,566,476900
0.020347630605101585,0.9016383737325668,1.6575117111206055,3816000,566,477000
0.012328206561505795,0.938511747866869,1.5181238651275635,3816800,566,477100
0.000561188324354589,0.9526422992348671,1.6363005638122559,3817600,566,477200
0.004535564221441746,0.9671807512640953,1.5964198112487793,3818400,566,477300
0.00587405264377594,0.31129753589630127,1.521205186843872,3819200,566,477400
0.006674582604318857,-18.861955642700195,1.461348533630371,3820000,566,477500
0.007308371365070343,0.9088638350367546,1.3055880069732666,3820800,566,477600
0.006810119841247797,-0.5023149251937866,1.7339966297149658,3821600,566,477700
0.001741528743878007,0.8596137464046478,1.5871026515960693,3822400,566,477800
0.005242539569735527,0.9557316862046719,1.4788074493408203,3823200,566,477900
0.0003824243904091418,0.8674728572368622,1.7457388639450073,3824000,566,478000
0.0025283428840339184,0.6171943247318268,1.696059226989746,3824800,566,478100
0.008212673477828503,0.8756199479103088,1.370766043663025,3825600,566,478200
0.001435169717296958,0.8549695760011673,1.717151403427124,3826400,566,478300
0.00020798768673557788,0.13085877895355225,1.6666293144226074,3827200,566,478400
0.12722650170326233,-2.5342769622802734,1.457625150680542,3828000,566,478500
0.0017249791417270899,0.8979100435972214,1.6400059461593628,3828800,566,478600
0.003632207866758108,0.8712294399738312,1.6464991569519043,3829600,566,478700
0.006651133764535189,-1.253990650177002,1.5751956701278687,3830400,566,478800
0.00074704026337713,0.9897781945765018,1.5069422721862793,3831200,566,478900
0.0017192665254697204,0.8059596568346024,1.7100826501846313,3832000,566,479000
0.008747091516852379,0.6729101538658142,1.6644561290740967,3832800,566,479100
0.017665453255176544,0.9428291991353035,1.7185158729553223,3833600,566,479200
0.0014904631534591317,0.734618753194809,1.756211519241333,3834400,566,479300
0.0028640227392315865,0.9752091504633427,1.6556363105773926,3835200,566,479400
0.023647446185350418,-0.8909612894058228,1.240380883216858,3836000,566,479500
0.023141155019402504,0.5899776518344879,1.4131205081939697,3836800,566,479600
0.0020582336001098156,0.9798818696290255,1.3645529747009277,3837600,566,479700
0.0006607227842323482,0.8520222753286362,1.7227673530578613,3838400,566,479800
0.003584608668461442,0.6273829638957977,1.6403403282165527,3839200,566,479900
0.02348538115620613,0.7480551898479462,1.2760310173034668,3840000,566,480000
0.00012626894749701023,0.9689724873751402,1.7155817747116089,3840800,566,480100
0.02417079731822014,-4.520597457885742,1.3740477561950684,3841600,566,480200
0.002051137387752533,0.9903808832168579,1.4381816387176514,3842400,566,480300
0.00254615256562829,0.9557967782020569,1.51534104347229,3843200,566,480400
0.0019029623363167048,0.6827940046787262,1.6352829933166504,3844000,566,480500
0.0014836257323622704,0.960524708032608,1.4657692909240723,3844800,566,480600
0.0009469432989135385,-0.1949930191040039,1.6928186416625977,3845600,566,480700
0.003923982381820679,0.4444361925125122,1.452308177947998,3846400,566,480800
0.0010139945661649108,0.9128379970788956,1.7350903749465942,3847200,566,480900
0.00016701576532796025,0.9163373857736588,1.7346501350402832,3848000,566,481000
0.007492101285606623,0.9689670838415623,1.7156753540039062,3848800,566,481100
0.0011984414886683226,0.5817373096942902,1.6932176351547241,3849600,566,481200
0.0009838556870818138,0.9416013956069946,1.4677643775939941,3850400,566,481300
0.02920212782919407,0.8808140382170677,1.5405943393707275,3851200,566,481400
0.0002933514188043773,0.9969844112638384,1.5197721719741821,3852000,566,481500
0.005300201941281557,0.610287219285965,1.5733120441436768,3852800,566,481600
0.0005445847054943442,0.6530174016952515,1.7120275497436523,3853600,566,481700
0.0032307168003171682,0.7967734187841415,1.5002411603927612,3854400,566,481800
0.0015052410308271646,0.9892349187284708,1.4386287927627563,3855200,566,481900
0.001505788415670395,0.9738263208419085,1.5920226573944092,3856000,566,482000
0.004957972560077906,0.8589237034320831,1.7048325538635254,3856800,566,482100
0.0011428118450567126,0.991543629206717,1.6750925779342651,3857600,566,482200
0.03730636090040207,0.6634442210197449,1.699350357055664,3858400,566,482300
0.0013810608070343733,0.5044401288032532,1.664218544960022,3859200,566,482400
0.0007716375985182822,0.9650219678878784,1.600761890411377,3860000,566,482500
0.0036381275858730078,0.8348774164915085,1.7062249183654785,3860800,566,482600
0.0028119715861976147,-1.3367044925689697,1.5029270648956299,3861600,566,482700
0.011953216977417469,0.8696883618831635,1.6928458213806152,3862400,566,482800
0.005638047121465206,0.9421892501413822,1.465367317199707,3863200,566,482900
0.042509883642196655,0.6898168921470642,1.6171538829803467,3864000,566,483000
0.013796049170196056,0.8815830424427986,1.662907361984253,3864800,566,483100
0.0001054592794389464,0.967759296298027,1.7257640361785889,3865600,566,483200
0.009892887435853481,0.9114189967513084,1.6901700496673584,3866400,566,483300
0.006955133751034737,0.9466608874499798,1.5587012767791748,3867200,566,483400
0.0021030742209404707,0.8011993765830994,1.3512680530548096,3868000,566,483500
0.0009016435360535979,0.8952833488583565,1.6026983261108398,3868800,566,483600
0.0010353215038776398,0.9314205199480057,1.7242627143859863,3869600,566,483700
0.002889880444854498,-0.9313709735870361,1.6688692569732666,3870400,566,483800
0.0026911557652056217,0.7067162990570068,1.440974235534668,3871200,566,483900
0.00016230755136348307,0.9098876342177391,1.4713643789291382,3872000,566,484000
0.0038802833296358585,0.7669164091348648,1.6714520454406738,3872800,566,484100
0.0033894339576363564,0.9628671519458294,1.6166584491729736,3873600,566,484200
0.0011991841020062566,0.9954535276629031,1.665603518486023,3874400,566,484300
0.0009154814761132002,0.9826464615762234,1.6808489561080933,3875200,566,484400
0.004499759059399366,0.7712547034025192,1.6315827369689941,3876000,566,484500
0.01979457400739193,0.6810004711151123,1.599575400352478,3876800,566,484600
0.0009552716510370374,0.5258259177207947,1.6904468536376953,3877600,566,484700
0.005996406078338623,0.9359458163380623,1.530989646911621,3878400,566,484800
0.0007168898591771722,0.856200635433197,1.7200982570648193,3879200,566,484900
0.0007723287562839687,0.9923656429164112,1.5757169723510742,3880000,566,485000
0.0051317643374204636,0.6621996760368347,1.5774829387664795,3880800,566,485100
0.011979319155216217,-2.7398600578308105,1.6266121864318848,3881600,566,485200
0.0326024629175663,0.648003101348877,1.6059720516204834,3882400,566,485300
0.005865047685801983,0.826708197593689,1.5936565399169922,3883200,566,485400
0.05340071767568588,0.7445971965789795,1.5153107643127441,3884000,566,485500
0.050301600247621536,0.1858006715774536,1.6385504007339478,3884800,566,485600
0.003441032487899065,0.3400529623031616,1.6767685413360596,3885600,566,485700
0.004044956061989069,0.5449041128158569,1.643826961517334,3886400,566,485800
0.0014130398631095886,0.8835936188697815,1.7047076225280762,3887200,566,485900
0.005890877451747656,0.934786930680275,1.6602033376693726,3888000,566,486000
0.0028459555469453335,0.9823752734810114,1.6855436563491821,3888800,566,486100
0.00538717582821846,0.9483697600662708,1.3157236576080322,3889600,566,486200
0.0018758827354758978,0.9901717165485024,1.737006425857544,3890400,566,486300
0.001706621260382235,0.9607813581824303,1.7175134420394897,3891200,566,486400
0.0008831950253807008,0.4859997034072876,1.6701897382736206,3892000,566,486500
0.0014386425027623773,0.9835309889167547,1.6500720977783203,3892800,566,486600
0.008006996475160122,0.6468812525272369,1.7300562858581543,3893600,566,486700
0.024325063452124596,0.43794912099838257,1.7262483835220337,3894400,566,486800
0.006247967481613159,0.9377366192638874,1.5787763595581055,3895200,566,486900
0.0010744641767814755,0.8401731252670288,1.6423771381378174,3896000,566,487000
0.0015255000907927752,-0.33441615104675293,1.7659118175506592,3896800,566,487100
0.0012109738308936357,0.008194506168365479,1.4083619117736816,3897600,566,487200
0.0027145626954734325,0.8499516248703003,1.4691996574401855,3898400,566,487300
0.0006379940314218402,0.9374172240495682,1.7432615756988525,3899200,566,487400
0.0017205046024173498,0.9855515491217375,1.5438439846038818,3900000,566,487500
0.00035219965502619743,0.8614321053028107,1.7611819505691528,3900800,566,487600
0.005961940158158541,-11.634211540222168,1.7375669479370117,3901600,566,487700
0.017714932560920715,-1.9940764904022217,1.4478752613067627,3902400,566,487800
0.009908666834235191,0.7199443280696869,1.243170142173767,3903200,566,487900
0.0017098939279094338,0.9112121909856796,1.6125534772872925,3904000,566,488000
0.0020502209663391113,0.9653400033712387,1.5834633111953735,3904800,566,488100
0.0011754930019378662,0.9806232023984194,1.5350549221038818,3905600,566,488200
0.0016775280237197876,-0.047009825706481934,1.6958644390106201,3906400,566,488300
0.002544151386246085,0.9741836972534657,1.3192620277404785,3907200,566,488400
0.0020106597803533077,0.9568955525755882,1.3425214290618896,3908000,566,488500
0.0006632285658270121,0.8448567092418671,1.7376184463500977,3908800,566,488600
0.0035827483516186476,0.8168145269155502,1.465530276298523,3909600,566,488700
0.0027341486420482397,0.9714965969324112,1.7460145950317383,3910400,566,488800
0.004904530942440033,0.9628392308950424,1.7296240329742432,3911200,566,488900
0.00426053162664175,0.9042501598596573,1.4308611154556274,3912000,566,489000
0.017016461119055748,0.8952824920415878,1.6555607318878174,3912800,566,489100
0.0010141166858375072,0.9783565476536751,1.6484109163284302,3913600,566,489200
0.021548423916101456,0.7386592328548431,1.7178962230682373,3914400,566,489300
0.058178406208753586,0.7736455500125885,1.3082610368728638,3915200,566,489400
0.0011887358268722892,0.9516414813697338,1.5604196786880493,3916000,566,489500
0.002364728832617402,0.9744817093014717,1.5912177562713623,3916800,566,489600
0.000807598524261266,0.6540625691413879,1.7391910552978516,3917600,566,489700
0.002332322532311082,0.2743987441062927,1.6534080505371094,3918400,566,489800
0.0587448850274086,0.4999242424964905,1.6531939506530762,3919200,566,489900
0.013073615729808807,0.8889947086572647,1.4937934875488281,3920000,566,490000
0.0006432919763028622,0.9975997637957335,1.6477237939834595,3920800,566,490100
0.0009144686628133059,0.8813356086611748,1.6226205825805664,3921600,566,490200
0.000642410886939615,0.716849148273468,1.7476894855499268,3922400,566,490300
0.0005259054014459252,-0.2395840883255005,1.7282781600952148,3923200,566,490400
0.011549168266355991,0.7807377427816391,1.5208818912506104,3924000,566,490500
0.01442331075668335,0.9584019109606743,1.4494390487670898,3924800,566,490600
0.003431284800171852,-1.2804698944091797,1.546562910079956,3925600,566,490700
0.00018657870532479137,0.8590358793735504,1.5952186584472656,3926400,566,490800
0.006057860795408487,0.9516556598246098,1.6799087524414062,3927200,566,490900
0.0019905827939510345,0.5075529217720032,1.4370675086975098,3928000,566,491000
0.001216429052874446,0.5114127993583679,1.7400343418121338,3928800,566,491100
0.003444033209234476,0.5112910866737366,1.6192911863327026,3929600,566,491200
0.008471502922475338,0.7050642967224121,1.6376488208770752,3930400,566,491300
0.001761753112077713,0.9898902960121632,1.7031843662261963,3931200,566,491400
0.007463857531547546,-0.9888085126876831,1.7015197277069092,3932000,566,491500
0.006767041981220245,0.7979923784732819,1.6654720306396484,3932800,566,491600
0.01998152956366539,0.7735040187835693,1.613752841949463,3933600,566,491700
0.0003986174997407943,0.9492319077253342,1.6504852771759033,3934400,566,491800
0.003989755176007748,0.6187855005264282,1.734386682510376,3935200,566,491900
0.004229431971907616,0.9912090245634317,1.6754263639450073,3936000,566,492000
0.0006616556784138083,0.9924707403406501,1.6949024200439453,3936800,566,492100
0.0014791454887017608,0.870109811425209,1.7683446407318115,3937600,566,492200
0.000987611012533307,0.9931793413124979,1.4728877544403076,3938400,566,492300
0.0014647027710452676,0.9609384573996067,1.6462228298187256,3939200,566,492400
0.009346853941679,0.6785294413566589,1.745781421661377,3940000,566,492500
0.0014759600162506104,0.8995314612984657,1.7038630247116089,3940800,566,492600
0.0007293739472515881,0.9725522752851248,1.489009141921997,3941600,566,492700
0.00023311881523113698,0.9980575223453343,1.6874635219573975,3942400,566,492800
0.0006012687226757407,0.9859260683879256,1.5702028274536133,3943200,566,492900
0.0028699797112494707,0.4505254030227661,1.2609062194824219,3944000,566,493000
0.0011688850354403257,0.9613411277532578,1.6568970680236816,3944800,566,493100
0.0014594492968171835,0.011607468128204346,1.6293580532073975,3945600,566,493200
0.06636477261781693,0.8182484060525894,1.6371684074401855,3946400,566,493300
0.0016263967845588923,-44.621673583984375,1.3233217000961304,3947200,566,493400
0.0057913875207304955,0.6793287694454193,1.486422061920166,3948000,566,493500
8.018329390324652e-05,0.9820358511060476,1.7504830360412598,3948800,566,493600
0.0004886832321062684,0.9936268832534552,1.5862722396850586,3949600,566,493700
0.0014592802617698908,0.9741198681294918,1.607232689857483,3950400,566,493800
0.0002541324938647449,0.9457503482699394,1.6273281574249268,3951200,566,493900
0.007637296803295612,-1.210456371307373,1.4542899131774902,3952000,566,494000
0.005897479597479105,0.9629805982112885,1.703563928604126,3952800,566,494100
0.017699843272566795,-2.3493950366973877,1.4875767230987549,3953600,566,494200
0.009863115847110748,0.9908749330788851,1.6862046718597412,3954400,566,494300
0.0009701934177428484,0.8000014424324036,1.7525858879089355,3955200,566,494400
0.0022506467066705227,0.9867594009265304,1.726180076599121,3956000,566,494500
0.004795665852725506,0.6457611918449402,1.7688038349151611,3956800,566,494600
0.009161178953945637,0.947699211537838,1.5597050189971924,3957600,566,494700
0.001992534613236785,0.8804860189557076,1.5186851024627686,3958400,566,494800
0.0018658293411135674,0.8424706608057022,1.4929776191711426,3959200,566,494900
0.0121502336114645,0.8434308171272278,1.369356393814087,3960000,566,495000
0.006840769201517105,0.9091152399778366,1.5977660417556763,3960800,566,495100
0.0006964770145714283,0.9451878592371941,1.5758564472198486,3961600,566,495200
0.009200521744787693,0.908500038087368,1.5934216976165771,3962400,566,495300
0.0032097867224365473,-0.8690218925476074,1.7653385400772095,3963200,566,495400
0.0019498218316584826,0.916665107011795,1.5571227073669434,3964000,566,495500
0.004170896951109171,0.9346061646938324,1.5386276245117188,3964800,566,495600
0.0014734084252268076,0.9584874883294106,1.538912296295166,3965600,566,495700
0.003717228304594755,0.9538850598037243,1.744147777557373,3966400,566,495800
0.005595248192548752,-0.5832850933074951,1.5670475959777832,3967200,566,495900
0.005505670793354511,0.9652274996042252,1.5234116315841675,3968000,566,496000
0.02626042068004608,-0.9857571125030518,1.5319139957427979,3968800,566,496100
0.0012068368960171938,0.9914740463718772,1.7431590557098389,3969600,566,496200
0.0009757694788277149,0.8260088711977005,1.6480913162231445,3970400,566,496300
0.0005721069755963981,0.8817548602819443,1.721551775932312,3971200,566,496400
0.0009687349083833396,-0.7360877990722656,1.718652367591858,3972000,566,496500
0.0021784270647913218,0.418376624584198,1.5730903148651123,3972800,566,496600
0.0020066688302904367,0.8601983934640884,1.5734703540802002,3973600,566,496700
0.003800423350185156,0.9756277464330196,1.6890833377838135,3974400,566,496800
0.002162621822208166,0.9917042162269354,1.7071924209594727,3975200,566,496900
0.017968488857150078,0.4762253761291504,1.7352218627929688,3976000,566,497000
0.00021779356757178903,0.998279360239394,1.6854875087738037,3976800,566,497100
0.0010079165222123265,0.9504472352564335,1.6659369468688965,3977600,566,497200
0.001606477191671729,0.9925623708404601,1.6046051979064941,3978400,566,497300
0.0005156775005161762,0.7613754272460938,1.6352487802505493,3979200,566,497400
0.0030310917645692825,0.6720223426818848,1.769052505493164,3980000,566,497500
0.0025370619259774685,0.6675391495227814,1.745581030845642,3980800,566,497600
0.0032533949706703424,0.9772732798010111,1.6836249828338623,3981600,566,497700
0.0016018534079194069,0.9886225387454033,1.5457903146743774,3982400,566,497800
0.0004037601174786687,0.9929234771989286,1.7452330589294434,3983200,566,497900
0.011304237879812717,0.9156235679984093,1.4016305208206177,3984000,566,498000
0.0003352736821398139,0.9567085802555084,1.6907548904418945,3984800,566,498100
0.0007791644893586636,0.9931460628286004,1.5634069442749023,3985600,566,498200
0.002072465606033802,0.9932240610942245,1.6396757364273071,3986400,566,498300
0.005619660019874573,0.9603770934045315,1.4565809965133667,3987200,566,498400
0.025127507746219635,0.8991071358323097,1.1214978694915771,3988000,566,498500
0.04231802746653557,0.562271773815155,1.4209315776824951,3988800,566,498600
0.0023740932811051607,0.7255052626132965,1.4406671524047852,3989600,566,498700
0.001390588702633977,0.9782528784126043,1.308189868927002,3990400,566,498800
0.00019006707589142025,0.994039454497397,1.371579647064209,3991200,566,498900
0.0043124048970639706,0.46122825145721436,1.655092716217041,3992000,566,499000
0.004513222258538008,0.6273660063743591,1.4928841590881348,3992800,566,499100
0.0009413928491994739,0.9929032688960433,1.7029306888580322,3993600,566,499200
0.00433371914550662,0.4957367777824402,1.5741674900054932,3994400,566,499300
0.0004918352351523936,0.9139434471726418,1.7389920949935913,3995200,566,499400
0.022951751947402954,0.3861883282661438,1.6127712726593018,3996000,566,499500
0.005291466135531664,-0.11065471172332764,1.7067773342132568,3996800,566,499600
0.00492390152066946,0.9570674039423466,1.71677827835083,3997600,566,499700
0.0011465814895927906,0.8560892790555954,1.447943091392517,3998400,566,499800
0.000681858160533011,0.9020186513662338,1.6937313079833984,3999200,566,499900
0.0007059888448566198,0.6298029720783234,1.6743321418762207,4000000,566,500000
0.002301598899066448,0.9710533712059259,1.7068934440612793,4000800,566,500100
0.006724903360009193,0.963451873511076,1.7416514158248901,4001600,566,500200
0.0043009561486542225,0.9552278965711594,1.654855489730835,4002400,566,500300
0.02557549998164177,0.6990129053592682,1.4711389541625977,4003200,566,500400
0.000558849482331425,0.8937795087695122,1.7110846042633057,4004000,566,500500
0.005614983383566141,0.24493646621704102,1.6311640739440918,4004800,566,500600
0.001749300630763173,0.8103452324867249,1.4612023830413818,4005600,566,500700
0.006683120504021645,0.8273485004901886,1.6540322303771973,4006400,566,500800
0.0009563174098730087,0.6704418659210205,1.4753029346466064,4007200,566,500900
0.0009900558507069945,0.8315933048725128,1.4964613914489746,4008000,566,501000
0.004950775299221277,0.8019279390573502,1.535162091255188,4008800,566,501100
0.019165031611919403,0.8975903317332268,1.664069414138794,4009600,566,501200
0.014791978523135185,0.23677396774291992,1.6339364051818848,4010400,566,501300
0.016897622495889664,0.9134726449847221,1.5534896850585938,4011200,566,501400
0.006461167708039284,0.74364373087883,1.492645263671875,4012000,566,501500
0.003710335586220026,0.9877404477447271,1.5229740142822266,4012800,566,501600
0.0024801900144666433,0.4841729998588562,1.4791367053985596,4013600,566,501700
0.004531532060354948,0.9856207938864827,1.668357014656067,4014400,566,501800
0.001030018669553101,0.8281621634960175,1.6942439079284668,4015200,566,501900
0.009059048257768154,0.8539235889911652,1.6035852432250977,4016000,566,502000
0.002309613861143589,0.17267179489135742,1.708233118057251,4016800,566,502100
0.0007887246902100742,0.9958839463070035,1.6206083297729492,4017600,566,502200
0.002114049158990383,0.9799908846616745,1.6609234809875488,4018400,566,502300
0.007850762456655502,0.9615524634718895,1.4538650512695312,4019200,566,502400
0.007285582832992077,-2.5720436573028564,1.363954782485962,4020000,566,502500
0.002124098362401128,0.9896325701847672,1.5373446941375732,4020800,566,502600
0.002271632431074977,0.9813312720507383,1.5858635902404785,4021600,566,502700
0.011386922560632229,0.9552359245717525,1.5873597860336304,4022400,566,502800
0.0042020357213914394,0.7048130929470062,1.5504860877990723,4023200,566,502900
0.0031379624269902706,0.711836963891983,1.647112488746643,4024000,566,503000
0.00277111679315567,0.6481722295284271,1.3626888990402222,4024800,566,503100
0.002412885194644332,0.9929997264407575,1.6026484966278076,4025600,566,503200
0.0018168867100030184,0.7964576631784439,1.483630895614624,4026400,566,503300
0.019608967006206512,0.3390393853187561,1.5499927997589111,4027200,566,503400
0.0032515714410692453,0.02538520097732544,1.4672539234161377,4028000,566,503500
0.005111067555844784,0.9257357567548752,1.5576859712600708,4028800,566,503600
0.0009598236647434533,0.9404027201235294,1.459957242012024,4029600,566,503700
0.005596194416284561,0.9672356620430946,1.4020297527313232,4030400,566,503800
0.0023354673758149147,-40.80656433105469,1.7117266654968262,4031200,566,503900
0.0033946160692721605,0.8419335633516312,1.4760713577270508,4032000,566,504000
0.001785343512892723,0.9879580615088344,1.3641631603240967,4032800,566,504100
0.0012866668403148651,0.5348318219184875,1.7585744857788086,4033600,566,504200
0.0011377400951460004,0.8314552903175354,1.7735023498535156,4034400,566,504300
0.005241382867097855,0.8300751447677612,1.7522423267364502,4035200,566,504400
0.0006300502573139966,0.9896264933049679,1.4273481369018555,4036000,566,504500
0.008121643215417862,0.7386679351329803,1.420653223991394,4036800,566,504600
0.0012840779963880777,0.6050874888896942,1.6748690605163574,4037600,566,504700
0.0015375760849565268,0.9883478274568915,1.6261622905731201,4038400,566,504800
0.0005554253002628684,0.9236940294504166,1.6680223941802979,4039200,566,504900
0.011172881349921227,0.7400728762149811,1.7182141542434692,4040000,566,505000
0.004310141317546368,0.9474952891469002,1.7349131107330322,4040800,566,505100
0.002030189847573638,0.8652365058660507,1.5068864822387695,4041600,566,505200
0.0072471643798053265,0.9626440405845642,1.656359076499939,4042400,566,505300
0.005681984592229128,-0.18589580059051514,1.570042371749878,4043200,566,505400
0.004537450149655342,-2.0566749572753906,1.5664020776748657,4044000,566,505500
0.008332123048603535,0.9389305487275124,1.6539119482040405,4044800,566,505600
0.0008647843496873975,0.9955147565342486,1.4220008850097656,4045600,566,505700
0.0007510156137868762,0.9795026946812868,1.6419246196746826,4046400,566,505800
0.008967136964201927,-0.467781662940979,1.535221815109253,4047200,566,505900
0.02164779230952263,0.8410323709249496,1.7036528587341309,4048000,566,506000
0.0003391345962882042,0.9865442020818591,1.660940170288086,4048800,566,506100
0.013761014677584171,0.7849081456661224,1.7115991115570068,4049600,566,506200
0.0016187758883461356,0.9789304230362177,1.6312379837036133,4050400,566,506300
0.007801862899214029,0.9522772803902626,1.6432852745056152,4051200,566,506400
0.0018742410466074944,0.9821924082934856,1.5780282020568848,4052000,566,506500
0.002569442382082343,0.9776798617094755,1.5544718503952026,4052800,566,506600
0.03835609555244446,-0.4624744653701782,1.6285486221313477,4053600,566,506700
0.00014918546366970986,0.9928771946579218,1.7192189693450928,4054400,566,506800
0.004511798731982708,0.6969982087612152,1.6589109897613525,4055200,566,506900
0.0024773457553237677,0.3322201371192932,1.6818339824676514,4056000,566,507000
0.0012766083236783743,-0.020035743713378906,1.7506113052368164,4056800,566,507100
0.0016834887210279703,0.8159143477678299,1.556429147720337,4057600,566,507200
0.004024462774395943,0.9706711675971746,1.524906039237976,4058400,566,507300
0.003331130603328347,0.5099341571331024,1.687187671661377,4059200,566,507400
0.0008335929014720023,0.9934678431600332,1.6879665851593018,4060000,566,507500
0.00361890671774745,0.756031259894371,1.5749809741973877,4060800,566,507600
0.008680516853928566,0.833452507853508,1.6022547483444214,4061600,566,507700
0.004541187547147274,0.6611169278621674,1.5938515663146973,4062400,566,507800
0.0006070567760616541,0.7583398967981339,1.6162835359573364,4063200,566,507900
0.009724373929202557,0.9412542954087257,1.7440311908721924,4064000,566,508000
0.0002974115195684135,0.9109769240021706,1.7514498233795166,4064800,566,508100
0.0041143461130559444,0.7738506942987442,1.6588200330734253,4065600,566,508200
0.00030213751597329974,0.9939666585996747,1.6124579906463623,4066400,566,508300
0.0022949515841901302,-11.886850357055664,1.4488039016723633,4067200,566,508400
0.00023634056560695171,0.9983771829865873,1.7256457805633545,4068000,566,508500
0.0012467724736779928,0.8008433133363724,1.6515741348266602,4068800,566,508600
0.0019609390292316675,0.3695088028907776,1.5735135078430176,4069600,566,508700
0.002336620120331645,0.7809827327728271,1.7670783996582031,4070400,566,508800
0.0002732807770371437,0.8902731016278267,1.6614552736282349,4071200,566,508900
0.001151730422861874,0.9539290815591812,1.6320691108703613,4072000,566,509000
0.0030167270451784134,0.8626989126205444,1.7338188886642456,4072800,566,509100
0.006201176438480616,0.8157722800970078,1.7296159267425537,4073600,566,509200
0.003405970521271229,0.6578759551048279,1.4678221940994263,4074400,566,509300
0.010514081455767155,0.9621828198432922,1.44950270652771,4075200,566,509400
0.012254446744918823,0.8335878103971481,1.6882762908935547,4076000,566,509500
0.0031273444183170795,0.7481187880039215,1.5363824367523193,4076800,566,509600
0.0014925054274499416,0.9879488693550229,1.6410638093948364,4077600,566,509700
0.0009344494319520891,0.8794132322072983,1.3937454223632812,4078400,566,509800
0.006010460667312145,-7.6573486328125,1.5380067825317383,4079200,566,509900
0.0011891931062564254,0.9807204492390156,1.5723943710327148,4080000,566,510000
0.0011262171901762486,0.9920663563534617,1.6674426794052124,4080800,566,510100
0.0005385138210840523,0.9895228547975421,1.6627180576324463,4081600,566,510200
0.000806512194685638,0.9023034796118736,1.6298155784606934,4082400,566,510300
0.0009470229269936681,0.8357990384101868,1.7491488456726074,4083200,566,510400
0.0006285974523052573,0.8261502236127853,1.7591779232025146,4084000,566,510500
0.0007504884852096438,0.2413724660873413,1.5785592794418335,4084800,566,510600
0.006435805931687355,0.8839321807026863,1.7001726627349854,4085600,566,510700
0.0007017797324806452,0.7771734446287155,1.5858044624328613,4086400,566,510800
0.0009316736832261086,0.012846112251281738,1.7607760429382324,4087200,566,510900
0.005274563562124968,0.9566575102508068,1.6054537296295166,4088000,566,511000
0.0011243995977565646,0.9923776499927044,1.681875467300415,4088800,566,511100
0.03832479938864708,0.7907580137252808,1.4715542793273926,4089600,566,511200
0.0020571607165038586,0.9822878744453192,1.6122443675994873,4090400,566,511300
0.0009819009574130177,-0.12386250495910645,1.7125003337860107,4091200,566,511400
0.004896180238574743,0.9373904764652252,1.59382963180542,4092000,566,511500
0.0013161470415070653,0.9888368425890803,1.6270760297775269,4092800,566,511600
0.017913589254021645,0.5551162958145142,1.7640975713729858,4093600,566,511700
0.001453205244615674,0.8334998935461044,1.6243054866790771,4094400,566,511800
0.015928592532873154,0.9483232647180557,1.5227608680725098,4095200,566,511900
0.004589892458170652,0.9641185477375984,1.7284990549087524,4096000,566,512000
0.00026933487970381975,0.9113108962774277,1.6480892896652222,4096800,566,512100
0.0042856065556406975,0.9326255470514297,1.4165468215942383,4097600,566,512200
0.041648536920547485,0.7564670294523239,1.6067334413528442,4098400,566,512300
0.05883944034576416,0.1356601119041443,1.7198461294174194,4099200,566,512400
0.004640868399292231,0.6343588829040527,1.4815053939819336,4100000,566,512500
0.006007645279169083,0.8942802920937538,1.4586975574493408,4100800,566,512600
0.0012230449356138706,0.9893794460222125,1.3162705898284912,4101600,566,512700
0.0005801990628242493,0.9927684627473354,1.6023340225219727,4102400,566,512800
0.00534721277654171,0.754413366317749,1.4818120002746582,4103200,566,512900
0.001576852984726429,0.9603443257510662,1.667726993560791,4104000,566,513000
0.010789181105792522,0.02065640687942505,1.5857969522476196,4104800,566,513100
0.011406539008021355,0.5337769687175751,1.6487563848495483,4105600,566,513200
0.005406039301306009,-0.8539236783981323,1.7433669567108154,4106400,566,513300
0.0030639879405498505,0.9161733090877533,1.6235229969024658,4107200,566,513400
0.0008719634497538209,0.9066647887229919,1.6657986640930176,4108000,566,513500
0.007670897524803877,0.925580620765686,1.5799951553344727,4108800,566,513600
0.0035708583891391754,-0.32815754413604736,1.6649030447006226,4109600,566,513700
0.04066210240125656,0.37952494621276855,1.484763503074646,4110400,566,513800
0.000874663470312953,0.804417759180069,1.6314597129821777,4111200,566,513900
0.0036807863507419825,0.7801975905895233,1.5225876569747925,4112000,566,514000
0.0025356197729706764,0.9420017413794994,1.6204395294189453,4112800,566,514100
0.00022094565792940557,0.9477892331779003,1.6559077501296997,4113600,566,514200
0.0009630272397771478,0.8035098314285278,1.5830566883087158,4114400,566,514300
0.0006367595633491874,0.6621957421302795,1.4790406227111816,4115200,566,514400
0.05447101593017578,0.6506579220294952,1.5539436340332031,4116000,566,514500
0.0014234944246709347,0.3818419575691223,1.734432339668274,4116800,566,514600
0.0021000781562179327,0.7944982498884201,1.7321748733520508,4117600,566,514700
0.0017893905751407146,0.09679067134857178,1.555574893951416,4118400,566,514800
0.008409330621361732,0.9560792967677116,1.7182103395462036,4119200,566,514900
0.03257456049323082,0.7465912103652954,1.6126843690872192,4120000,566,515000
0.024284804239869118,0.7585246413946152,1.7458524703979492,4120800,566,515100
0.012775941751897335,0.8077101707458496,1.6404271125793457,4121600,566,515200
0.0018165517831221223,0.8058552145957947,1.686784267425537,4122400,566,515300
0.007706598844379187,0.6835670173168182,1.3633670806884766,4123200,566,515400
0.0016578553477302194,0.9739937651902437,1.314317226409912,4124000,566,515500
0.001537065370939672,-1.9684410095214844,1.4714508056640625,4124800,566,515600
0.0013350951485335827,0.9889510488137603,1.7349743843078613,4125600,566,515700
0.001862917561084032,0.6152473986148834,1.3606898784637451,4126400,566,515800
0.0032049077562987804,-1.9144937992095947,1.6961115598678589,4127200,566,515900
0.0033880891278386116,0.7952535003423691,1.778354525566101,4128000,566,516000
0.0003263693070039153,0.9864241080358624,1.7212176322937012,4128800,566,516100
0.00519687682390213,0.9665144607424736,1.6158825159072876,4129600,566,516200
0.0012132148258388042,0.9934477568604052,1.7339192628860474,4130400,566,516300
0.003780620638281107,0.7562844008207321,1.654062032699585,4131200,566,516400
0.0004492109583225101,0.7093659341335297,1.7199666500091553,4132000,566,516500
0.01200343482196331,-1.876549482345581,1.7223914861679077,4132800,566,516600
0.00128728908021003,0.3765453100204468,1.6825039386749268,4133600,566,516700
0.003410969628021121,0.9122873619198799,1.5260918140411377,4134400,566,516800
0.003930135630071163,0.7292695641517639,1.5659112930297852,4135200,566,516900
0.00028082760400138795,0.8750732019543648,1.616283655166626,4136000,566,517000
0.0007821499020792544,0.4745635986328125,1.7163898944854736,4136800,566,517100
0.0009072860120795667,0.8828842490911484,1.5364469289779663,4137600,566,517200
0.021724145859479904,0.9059740826487541,1.685359239578247,4138400,566,517300
0.00011388431448722258,0.9983098298544064,1.6979963779449463,4139200,566,517400
0.002307850867509842,0.500801682472229,1.704721212387085,4140000,566,517500
0.0002930440241470933,0.9974437623750418,1.615644931793213,4140800,566,517600
0.0002807588898576796,0.9667545780539513,1.7498066425323486,4141600,566,517700
0.002265186747536063,0.9758419916033745,1.7198923826217651,4142400,566,517800
0.03130637854337692,0.42981958389282227,1.6057885885238647,4143200,566,517900
0.00041856238385662436,0.9944501584395766,1.6809970140457153,4144000,566,518000
0.00144557049497962,0.9765865113586187,1.640284776687622,4144800,566,518100
0.003198743099346757,0.8738764226436615,1.5881810188293457,4145600,566,518200
0.0068569062277674675,0.9458679594099522,1.5241379737854004,4146400,566,518300
0.0019441514741629362,0.46886783838272095,1.747280478477478,4147200,566,518400
0.0039737350307404995,0.8310365676879883,1.4001574516296387,4148000,566,518500
0.007595444563776255,0.9712217915803194,1.5894854068756104,4148800,566,518600
0.0014423177344724536,0.9823598843067884,1.4403374195098877,4149600,566,518700
0.0011112831998616457,0.9916442111134529,1.7332038879394531,4150400,566,518800
0.0030450806953012943,0.9807406850159168,1.5300531387329102,4151200,566,518900
0.003446903545409441,-0.2650672197341919,1.471688985824585,4152000,566,519000
0.004745642654597759,0.9296020492911339,1.550529956817627,4152800,566,519100
0.003582879900932312,0.8718838542699814,1.4542927742004395,4153600,566,519200
0.009048637002706528,0.8880145847797394,1.5600743293762207,4154400,566,519300
0.00699942372739315,0.7451908886432648,1.464003086090088,4155200,566,519400
0.020071715116500854,0.8916402980685234,1.3932526111602783,4156000,566,519500
0.0007357444847002625,0.7034906446933746,1.3969686031341553,4156800,566,519600
0.0014032355975359678,0.24773246049880981,1.7342132329940796,4157600,566,519700
0.0008395079057663679,0.8791202902793884,1.6932957172393799,4158400,566,519800
0.001804657164029777,0.9765733890235424,1.7441062927246094,4159200,566,519900
0.006725297775119543,0.9398405738174915,1.5376001596450806,4160000,566,520000
0.005605279467999935,0.9248663634061813,1.7458953857421875,4160800,566,520100
0.001217417884618044,0.9062006548047066,1.6723194122314453,4161600,566,520200
0.016311241313815117,0.7450811564922333,1.7450408935546875,4162400,566,520300
0.0022598090581595898,0.8760960027575493,1.600353479385376,4163200,566,520400
0.0018324207048863173,0.5924485623836517,1.6600744724273682,4164000,566,520500
0.02721386030316353,0.5260096788406372,1.645671010017395,4164800,566,520600
0.0006748799351043999,0.994992914609611,1.7078286409378052,4165600,566,520700
0.0010526867117732763,0.9835493192076683,1.7085890769958496,4166400,566,520800
0.0012627188116312027,0.13650357723236084,1.739118218421936,4167200,566,520900
0.0019557818304747343,0.2467750906944275,1.768294334411621,4168000,566,521000
0.00362306647002697,0.9317709878087044,1.7197576761245728,4168800,566,521100
0.023808816447854042,0.6004855334758759,1.4189873933792114,4169600,566,521200
9.807563765207306e-05,0.7772080898284912,1.7488330602645874,4170400,566,521300
0.0004963588435202837,0.9658051207661629,1.6912059783935547,4171200,566,521400
0.005494887009263039,0.9484758637845516,1.456763505935669,4172000,566,521500
0.004674077033996582,0.7244223356246948,1.4342029094696045,4172800,566,521600
0.0005757774924859405,0.9252687096595764,1.6714487075805664,4173600,566,521700
0.009636512026190758,0.8898326456546783,1.6445238590240479,4174400,566,521800
0.00022669348982162774,0.9351822882890701,1.7609742879867554,4175200,566,521900
0.0070417593233287334,0.5647644102573395,1.6772096157073975,4176000,566,522000
0.0011324447114020586,0.9865526286885142,1.7189115285873413,4176800,566,522100
0.001691113575361669,0.9752742554992437,1.7018409967422485,4177600,566,522200
0.0011875196360051632,0.9766372032463551,1.7585785388946533,4178400,566,522300
0.027511250227689743,0.8416672348976135,1.7385215759277344,4179200,566,522400
0.009291589260101318,-1.3425343036651611,1.720537781715393,4180000,566,522500
0.0005233848351053894,0.9948937483131886,1.5571715831756592,4180800,566,522600
0.0017963121645152569,0.9727253057062626,1.6439595222473145,4181600,566,522700
0.0026588363107293844,0.8943431079387665,1.7181060314178467,4182400,566,522800
0.005250048357993364,0.8547404259443283,1.7237091064453125,4183200,566,522900
0.001107287360355258,0.8340518921613693,1.7530930042266846,4184000,566,523000
0.031242340803146362,0.8211100846529007,1.335508108139038,4184800,566,523100
0.003535957308486104,0.8437201678752899,1.6608819961547852,4185600,566,523200
0.0024205173831433058,0.41056251525878906,1.6958134174346924,4186400,566,523300
0.00098160351626575,0.9839363526552916,1.6478078365325928,4187200,566,523400
0.0004100846708752215,0.9972804519347847,1.5683677196502686,4188000,566,523500
0.001191113144159317,0.9885063944384456,1.6232751607894897,4188800,566,523600
0.044022079557180405,0.02969813346862793,1.6583588123321533,4189600,566,523700
0.0018405213486403227,0.8075498938560486,1.760622262954712,4190400,566,523800
0.007636147551238537,0.9417027533054352,1.5469521284103394,4191200,566,523900
0.0073288618586957455,0.6253672242164612,1.7755587100982666,4192000,566,524000
0.03050372377038002,0.8015314638614655,1.660009503364563,4192800,566,524100
0.004356333985924721,0.888461522758007,1.6571003198623657,4193600,566,524200
0.0008868257282301784,0.6307616531848907,1.6216051578521729,4194400,566,524300
0.005180408712476492,0.6948658525943756,1.6543116569519043,4195200,566,524400
0.0016077167820185423,0.975508276373148,1.319791555404663,4196000,566,524500
0.01582157053053379,0.7660172134637833,1.511613368988037,4196800,566,524600
0.0027766008861362934,0.5269690752029419,1.7088404893875122,4197600,566,524700
0.03096790984272957,0.47143810987472534,1.5272172689437866,4198400,566,524800
0.009998779743909836,0.8404904752969742,1.5755388736724854,4199200,566,524900
0.00048158495337702334,0.9481917731463909,1.5870600938796997,4200000,566,525000
0.0015163752250373363,0.9897513976320624,1.768907070159912,4200800,566,525100
0.0016553514869883657,0.9860477261245251,1.5669611692428589,4201600,566,525200
0.007132945116609335,0.4491409659385681,1.6741739511489868,4202400,566,525300
0.016532210633158684,-0.25310957431793213,1.7193374633789062,4203200,566,525400
0.019142499193549156,-0.9904022216796875,1.7428555488586426,4204000,566,525500
0.0054965997114777565,0.8536197245121002,1.4538294076919556,4204800,566,525600
0.004748016595840454,0.957055002450943,1.6248198747634888,4205600,566,525700
0.0015380162512883544,0.766518622636795,1.7622298002243042,4206400,566,525800
0.0005097666289657354,0.9979906629305333,1.7612335681915283,4207200,566,525900
0.0024455133825540543,-0.8046160936355591,1.4728209972381592,4208000,566,526000
0.006468776613473892,0.8992786779999733,1.7748587131500244,4208800,566,526100
0.0028532566502690315,0.7058421671390533,1.5349327325820923,4209600,566,526200
0.013028902933001518,0.08071708679199219,1.5350091457366943,4210400,566,526300
0.0015969604719430208,0.9924135594628751,1.6082745790481567,4211200,566,526400
0.0016414544079452753,0.6831580698490143,1.742300033569336,4212000,566,526500
0.0003895229019690305,0.9996213197591715,1.6773524284362793,4212800,566,526600
0.03292280435562134,-2.6164276599884033,1.7806488275527954,4213600,566,526700
6.792116619180888e-05,0.9872700069099665,1.7790547609329224,4214400,566,526800
0.005164406727999449,0.815974548459053,1.6159992218017578,4215200,566,526900
0.0016955446917563677,0.22043418884277344,1.7670047283172607,4216000,566,527000
0.008733823895454407,0.9503891654312611,1.7034003734588623,4216800,566,527100
0.009748445823788643,0.9614099897444248,1.6010003089904785,4217600,566,527200
0.0009917231509462,0.9672248028218746,1.7259103059768677,4218400,566,527300
0.002779408823698759,0.9084921628236771,1.7034058570861816,4219200,566,527400
0.0012565960641950369,-0.9976738691329956,1.747851848602295,4220000,566,527500
0.01869271881878376,0.8377743810415268,1.6761598587036133,4220800,566,527600
0.0029755732975900173,0.960236307233572,1.661556363105774,4221600,566,527700
0.0030130580998957157,0.9765579085797071,1.4612655639648438,4222400,566,527800
0.0012623709626495838,0.9725142139941454,1.7095409631729126,4223200,566,527900
0.0012603780487552285,0.9887736672535539,1.7186039686203003,4224000,566,528000
0.004373675212264061,0.9828749746084213,1.7226722240447998,4224800,566,528100
0.012177289463579655,0.8962228000164032,1.634009599685669,4225600,566,528200
0.004994766786694527,0.49187153577804565,1.723644733428955,4226400,566,528300
0.013457280583679676,0.7770458310842514,1.5511329174041748,4227200,566,528400
0.05183049291372299,0.35822993516921997,1.4078764915466309,4228000,566,528500
0.0005658245645463467,0.8835150003433228,1.697678804397583,4228800,566,528600
0.0020976311061531305,0.5283047556877136,1.656633734703064,4229600,566,528700
0.01143580675125122,-0.06358635425567627,1.4165383577346802,4230400,566,528800
0.004883436020463705,0.148054301738739,1.6461272239685059,4231200,566,528900
0.005186791997402906,-13.853293418884277,1.5841879844665527,4232000,566,529000
0.014299753122031689,-2.3558130264282227,1.4815677404403687,4232800,566,529100
0.00039789010770618916,0.9955358100123703,1.7594430446624756,4233600,566,529200
0.007132432423532009,0.9181477129459381,1.6674354076385498,4234400,566,529300
0.001140046282671392,0.9972293323371559,1.751214623451233,4235200,566,529400
0.0003835641546174884,0.9385426677763462,1.7665784358978271,4236000,566,529500
0.0003550749970600009,0.9215526208281517,1.7399895191192627,4236800,566,529600
0.013019565492868423,0.9120571166276932,1.6451404094696045,4237600,566,529700
0.0006337384693324566,0.993648324161768,1.632586121559143,4238400,566,529800
0.0030702948570251465,0.6429356336593628,1.7157703638076782,4239200,566,529900
0.010501738637685776,0.8627123236656189,1.5191352367401123,4240000,566,530000
0.004770016297698021,0.6851486265659332,1.708805799484253,4240800,566,530100
0.010626208037137985,0.6326358020305634,1.60079026222229,4241600,566,530200
0.0020163855515420437,0.665353924036026,1.7183730602264404,4242400,566,530300
0.006939373444765806,0.9706052932888269,1.4632883071899414,4243200,566,530400
0.002227824181318283,0.9829981569200754,1.6754417419433594,4244000,566,530500
0.0017914855852723122,0.9511765092611313,1.6208266019821167,4244800,566,530600
0.00847623310983181,0.6708085834980011,1.6243345737457275,4245600,566,530700
0.0011152568040415645,0.9907538117840886,1.700643539428711,4246400,566,530800
0.002148959320038557,0.9901142520830035,1.770196557044983,4247200,566,530900
0.0010924647795036435,0.7408618330955505,1.7616186141967773,4248000,566,531000
0.00014812347944825888,0.9867070354521275,1.7555996179580688,4248800,566,531100
0.008063876070082188,0.9274201169610023,1.678515911102295,4249600,566,531200
0.00495873112231493,0.956295657902956,1.7634670734405518,4250400,566,531300
0.001653138780966401,0.9606611132621765,1.749373197555542,4251200,566,531400
0.0013652563793584704,0.9838113468140364,1.7493906021118164,4252000,566,531500
0.0024333486799150705,-11.588735580444336,1.7685577869415283,4252800,566,531600
0.0006279476219788194,0.6542680561542511,1.6734747886657715,4253600,566,531700
0.004497120156884193,-0.06854665279388428,1.4274022579193115,4254400,566,531800
0.004034104757010937,0.9519961625337601,1.2668074369430542,4255200,566,531900
0.0024170875549316406,0.9220827296376228,1.5020751953125,4256000,566,532000
0.0019815233536064625,0.9331091493368149,1.3433032035827637,4256800,566,532100
0.004047511611133814,0.8519724160432816,1.7161895036697388,4257600,566,532200
0.002059218240901828,0.3883904218673706,1.7171027660369873,4258400,566,532300
0.005040724761784077,0.7748321294784546,1.7589596509933472,4259200,566,532400
0.002233036793768406,0.8445006310939789,1.7580101490020752,4260000,566,532500
0.01204170472919941,-0.7685110569000244,1.7569737434387207,4260800,566,532600
0.004570064600557089,0.678258091211319,1.4223132133483887,4261600,566,532700
0.0015415895031765103,0.7527440339326859,1.6820287704467773,4262400,566,532800
0.003088089171797037,-5.395604133605957,1.6667355298995972,4263200,566,532900
0.005117976106703281,-0.27231109142303467,1.7689261436462402,4264000,566,533000
0.0001905588578665629,0.9896702310070395,1.6576619148254395,4264800,566,533100
0.003927350509911776,0.6629360020160675,1.5939316749572754,4265600,566,533200
0.000784358533564955,-0.15171444416046143,1.591232419013977,4266400,566,533300
0.0010234751971438527,0.9327337965369225,1.7431241273880005,4267200,566,533400
0.0034590752329677343,-0.3289748430252075,1.706931710243225,4268000,566,533500
0.0033481267746537924,0.9867913397029042,1.724740743637085,4268800,566,533600
0.019478173926472664,-0.8973528146743774,1.741316318511963,4269600,566,533700
0.042831119149923325,0.3046042323112488,1.6899471282958984,4270400,566,533800
0.001222147373482585,-0.3201528787612915,1.7822482585906982,4271200,566,533900
0.0031721284613013268,0.22639918327331543,1.764366865158081,4272000,566,534000
0.007380128838121891,0.9134458750486374,1.7375050783157349,4272800,566,534100
0.002549890661612153,0.7019666731357574,1.7534220218658447,4273600,566,534200
0.0012531315442174673,-1.8000061511993408,1.7453484535217285,4274400,566,534300
0.0012812726199626923,0.9855266092345119,1.419331431388855,4275200,566,534400
0.0006697066128253937,0.9889514418318868,1.7160060405731201,4276000,566,534500
0.0015545327914878726,0.9847137005999684,1.7286455631256104,4276800,566,534600
0.0008578401757404208,0.9901034543290734,1.5351990461349487,4277600,566,534700
0.0017466493882238865,0.8576807081699371,1.5786473751068115,4278400,566,534800
0.0014636722626164556,0.5802607536315918,1.6562466621398926,4279200,566,534900
0.0004404389765113592,0.9582244604825974,1.6436715126037598,4280000,566,535000
0.0001818472519516945,0.9982853629626334,1.4932185411453247,4280800,566,535100
0.00243499968200922,-0.7918038368225098,1.6976203918457031,4281600,566,535200
0.0038406215608119965,0.9676475301384926,1.7407357692718506,4282400,566,535300
0.0008285093354061246,0.7060367166996002,1.7410976886749268,4283200,566,535400
0.002228120341897011,0.8021886497735977,1.7096569538116455,4284000,566,535500
0.0007107504643499851,0.9484417252242565,1.6075763702392578,4284800,566,535600
0.003401411697268486,0.2850598096847534,1.7256122827529907,4285600,566,535700
0.0013140032533556223,0.9922281499020755,1.379930853843689,4286400,566,535800
0.0053766751661896706,0.9043137654662132,1.6358964443206787,4287200,566,535900
0.003433568635955453,0.9441582262516022,1.4497573375701904,4288000,566,536000
0.006639413069933653,0.9672712497413158,1.5107152462005615,4288800,566,536100
0.009604746475815773,0.8484601825475693,1.756730318069458,4289600,566,536200
0.0033146135974675417,0.703491747379303,1.72779381275177,4290400,566,536300
0.0028824012260884047,0.9538536407053471,1.6513806581497192,4291200,566,536400
0.06477406620979309,0.167519211769104,1.4557489156723022,4292000,566,536500
0.0039965128526091576,-0.275676965713501,1.4487156867980957,4292800,566,536600
0.002461695345118642,0.920898325741291,1.7153865098953247,4293600,566,536700
0.0017142995493486524,0.9779215883463621,1.6720690727233887,4294400,566,536800
0.025894680991768837,0.8925919681787491,1.498699426651001,4295200,566,536900
0.002735639689490199,-0.44827568531036377,1.453587532043457,4296000,566,537000
0.007542820181697607,-7.932704925537109,1.5873711109161377,4296800,566,537100
0.0018504168838262558,0.6708662509918213,1.655996561050415,4297600,566,537200
0.0008700439939275384,0.5898765921592712,1.7040503025054932,4298400,566,537300
0.001943937037140131,0.9565935470163822,1.7414222955703735,4299200,566,537400
0.0044602444395422935,0.9735471699386835,1.5030125379562378,4300000,566,537500
0.017518434673547745,0.7652029246091843,1.5152974128723145,4300800,566,537600
0.004314908292144537,0.9656461887061596,1.6938869953155518,4301600,566,537700
0.023434754461050034,0.9274035319685936,1.7200068235397339,4302400,566,537800
0.00048601714661344886,0.9241218939423561,1.62827730178833,4303200,566,537900
0.0027113608084619045,0.9802634995430708,1.5320155620574951,4304000,566,538000
0.00866355188190937,0.9028281047940254,1.706525444984436,4304800,566,538100
0.12029916793107986,-0.4296489953994751,1.5890586376190186,4305600,566,538200
0.001702011562883854,0.8664840459823608,1.755998969078064,4306400,566,538300
0.0029401415959000587,0.40805840492248535,1.6836702823638916,4307200,566,538400
0.005544243846088648,0.8132331967353821,1.7208932638168335,4308000,566,538500
0.004348810762166977,0.9751939885318279,1.4529813528060913,4308800,566,538600
0.002474349457770586,0.5549538731575012,1.7424206733703613,4309600,566,538700
0.0007773314137011766,0.9940288593061268,1.7327876091003418,4310400,566,538800
0.00285815866664052,0.020684480667114258,1.5497326850891113,4311200,566,538900
0.00029640994034707546,0.9763909876346588,1.400008201599121,4312000,566,539000
0.0005810163565911353,0.9396993927657604,1.7055203914642334,4312800,566,539100
0.000910147384274751,0.7778134644031525,1.7493457794189453,4313600,566,539200
0.0003133070422336459,0.935709223151207,1.7395533323287964,4314400,566,539300
0.008161764591932297,0.24351507425308228,1.6973073482513428,4315200,566,539400
0.0047272006049752235,0.6903604567050934,1.5300174951553345,4316000,566,539500
0.001541738398373127,0.9470305405557156,1.5450053215026855,4316800,566,539600
0.003377622691914439,0.3544187545776367,1.747182846069336,4317600,566,539700
0.0034307572059333324,0.9697810299694538,1.4146422147750854,4318400,566,539800
0.0011490139877423644,0.9739092532545328,1.6577672958374023,4319200,566,539900
0.0041797952726483345,0.9727088455110788,1.6316076517105103,4320000,566,540000
0.001351300859823823,0.02510237693786621,1.5496376752853394,4320800,566,540100
0.0018514139810577035,0.9485004618763924,1.7632522583007812,4321600,566,540200
0.0024088146165013313,0.571268618106842,1.7395620346069336,4322400,566,540300
0.0018340947572141886,0.9775662943720818,1.7576786279678345,4323200,566,540400
0.018060352653265,0.9370577037334442,1.6878635883331299,4324000,566,540500
0.009055807255208492,0.9247293993830681,1.7224916219711304,4324800,566,540600
0.0003137763123959303,0.8679738342761993,1.6569831371307373,4325600,566,540700
0.009901244193315506,-2.158660888671875,1.4876598119735718,4326400,566,540800
0.0027086299378424883,0.49520885944366455,1.4661682844161987,4327200,566,540900
0.007327194791287184,0.9786214549094439,1.6403741836547852,4328000,566,541000
0.0008618105202913284,0.9951035021804273,1.7621122598648071,4328800,566,541100
0.0014806842664256692,0.7736224234104156,1.6632540225982666,4329600,566,541200
0.0004962208331562579,0.9681539833545685,1.6988763809204102,4330400,566,541300
0.0016675859224051237,0.859572559595108,1.6705939769744873,4331200,566,541400
0.002490409417077899,0.9797855522483587,1.5163078308105469,4332000,566,541500
0.0175397340208292,0.3116002082824707,1.5964432954788208,4332800,566,541600
0.004814682062715292,0.9252920001745224,1.586195707321167,4333600,566,541700
0.002152189612388611,0.765352264046669,1.4835665225982666,4334400,566,541800
0.0011493195779621601,0.9881379809230566,1.7267987728118896,4335200,566,541900
0.002495871391147375,0.9395039305090904,1.5523040294647217,4336000,566,542000
0.0015830807387828827,0.9790100120007992,1.716071367263794,4336800,566,542100
0.003094833344221115,0.9064598679542542,1.4884963035583496,4337600,566,542200
0.024970106780529022,0.5243150591850281,1.7023406028747559,4338400,566,542300
0.0019483412615954876,0.43690675497055054,1.5548627376556396,4339200,566,542400
0.007534992415457964,0.5673605799674988,1.6188517808914185,4340000,566,542500
0.0049360767006874084,0.9192049130797386,1.537976622581482,4340800,566,542600
0.002143625635653734,0.9759594388306141,1.6377676725387573,4341600,566,542700
0.00035978187224827707,0.9898732220754027,1.4160784482955933,4342400,566,542800
0.0033499794080853462,0.9231338128447533,1.5869545936584473,4343200,566,542900
0.000962184218224138,0.9845424890518188,1.3873854875564575,4344000,566,543000
0.001554210321046412,0.9274941980838776,1.5705230236053467,4344800,566,543100
0.0007484346278943121,0.7896253168582916,1.7528579235076904,4345600,566,543200
0.01021397951990366,0.006948530673980713,1.4050030708312988,4346400,566,543300
0.01334159541875124,0.86622554063797,1.6399247646331787,4347200,566,543400
0.03008483722805977,0.8287406414747238,1.7656173706054688,4348000,566,543500
0.00604128697887063,0.38562536239624023,1.6676011085510254,4348800,566,543600
0.00046280218521133065,0.9903955366462469,1.7503135204315186,4349600,566,543700
0.0008791000000201166,0.9895421052351594,1.6020402908325195,4350400,566,543800
0.002681474667042494,0.9795459546148777,1.4982895851135254,4351200,566,543900
0.001083730603568256,0.9928649296052754,1.752909779548645,4352000,566,544000
0.01620163954794407,0.4303207993507385,1.6941335201263428,4352800,566,544100
0.014070076867938042,0.793692946434021,1.7416839599609375,4353600,566,544200
0.00015263287059497088,0.9824663791805506,1.7104390859603882,4354400,566,544300
0.00038613390643149614,0.8771301284432411,1.709443211555481,4355200,566,544400
0.0022159318905323744,0.9595516622066498,1.6224865913391113,4356000,566,544500
0.009025735780596733,0.9519889019429684,1.4536755084991455,4356800,566,544600
0.004572176840156317,0.8629760146141052,1.5549728870391846,4357600,566,544700
0.005216286517679691,0.9344366639852524,1.6633974313735962,4358400,566,544800
0.0009220587089657784,0.9907093476504087,1.721942663192749,4359200,566,544900
0.005256415344774723,0.9663596041500568,1.361692190170288,4360000,566,545000
0.0009720953530631959,0.9051060900092125,1.7354493141174316,4360800,566,545100
0.0028334367088973522,0.645952582359314,1.7223188877105713,4361600,566,545200
0.0031530216801911592,0.9815779477357864,1.7185041904449463,4362400,566,545300
0.0028374847024679184,0.9770578164607286,1.6437629461288452,4363200,566,545400
0.014684061519801617,0.7755061089992523,1.6718523502349854,4364000,566,545500
0.003378894180059433,0.5531497895717621,1.7475272417068481,4364800,566,545600
0.0034146499820053577,0.9566760919988155,1.6042531728744507,4365600,566,545700
0.03411312401294708,0.43488818407058716,1.7613427639007568,4366400,566,545800
0.001132473349571228,0.754507303237915,1.5574374198913574,4367200,566,545900
0.0011530277552083135,0.9845497030764818,1.712140440940857,4368000,566,546000
0.0007593507179990411,0.7617392092943192,1.7162775993347168,4368800,566,546100
0.0010722816223278642,0.9662824422121048,1.5539212226867676,4369600,566,546200
0.0025790748186409473,0.39236271381378174,1.7240574359893799,4370400,566,546300
0.004855613224208355,0.22018074989318848,1.7513718605041504,4371200,566,546400
0.0031631786841899157,0.9772786218672991,1.6804414987564087,4372000,566,546500
0.0014066187432035804,0.9918732782825828,1.4445078372955322,4372800,566,546600
0.00432539964094758,0.9739531856030226,1.4842578172683716,4373600,566,546700
0.0012830628547817469,0.7309537827968597,1.576392412185669,4374400,566,546800
0.0024012578651309013,0.4218749403953552,1.5982184410095215,4375200,566,546900
0.0047654202207922935,0.6150273382663727,1.656738042831421,4376000,566,547000
0.0007433578139171004,0.8964149653911591,1.7478139400482178,4376800,566,547100
0.0002916573721449822,0.9799549579620361,1.6657990217208862,4377600,566,547200
0.003399566514417529,0.9335736483335495,1.3114354610443115,4378400,566,547300
0.027950052171945572,0.8519284278154373,1.3423823118209839,4379200,566,547400
0.000475553038995713,0.9606531262397766,1.7476093769073486,4380000,566,547500
0.0037041122559458017,-2.7301135063171387,1.6739442348480225,4380800,566,547600
0.0004686388128902763,0.9356123432517052,1.6717861890792847,4381600,566,547700
0.0012733303010463715,0.3414838910102844,1.766186237335205,4382400,566,547800
0.0032853754237294197,0.8426435142755508,1.6965621709823608,4383200,566,547900
0.003969705663621426,0.9488774016499519,1.517760992050171,4384000,566,548000
0.0013687924947589636,0.9851990640163422,1.6589510440826416,4384800,566,548100
0.0018998433370143175,0.9845818355679512,1.7481393814086914,4385600,566,548200
0.0004144572012592107,0.9694967921823263,1.5187647342681885,4386400,566,548300
0.0015704571269452572,0.9821697697043419,1.2440909147262573,4387200,566,548400
0.0008985634194687009,0.9806072935461998,1.6801702976226807,4388000,566,548500
0.006040259264409542,0.7228451669216156,1.6465435028076172,4388800,566,548600
0.0021175723522901535,0.9701244253665209,1.6520841121673584,4389600,566,548700
0.009891306981444359,0.6419061720371246,1.5475146770477295,4390400,566,548800
0.006833684165030718,0.9246568903326988,1.538748025894165,4391200,566,548900
0.008109433576464653,0.8936820030212402,1.719430923461914,4392000,566,549000
0.015974760055541992,0.5579367280006409,1.553896427154541,4392800,566,549100
0.0012924362672492862,-0.6625826358795166,1.768503189086914,4393600,566,549200
0.0004338748403824866,0.9218757450580597,1.7682156562805176,4394400,566,549300
0.0027067612390965223,0.973511703312397,1.3746893405914307,4395200,566,549400
0.0010670991614460945,0.602526992559433,1.6149877309799194,4396000,566,549500
0.0034073684364557266,0.09520310163497925,1.7040575742721558,4396800,566,549600
0.0028357035480439663,-0.7548402547836304,1.5243737697601318,4397600,566,549700
0.0007521854131482542,0.8798775598406792,1.6427679061889648,4398400,566,549800
0.0034835711121559143,0.5260016918182373,1.619684100151062,4399200,566,549900
0.0016819979064166546,0.9849664345383644,1.7132477760314941,4400000,566,550000
0.00017396389739587903,0.997655360493809,1.7121503353118896,4400800,566,550100
0.00969767291098833,-1.539684534072876,1.5190227031707764,4401600,566,550200
0.00042657373705878854,0.8917400389909744,1.7044556140899658,4402400,566,550300
0.0016535217873752117,0.9904654501006007,1.7433295249938965,4403200,566,550400
0.0014659555163234472,0.9872460421174765,1.6175942420959473,4404000,566,550500
0.006531485356390476,0.9308586195111275,1.72408926486969,4404800,566,550600
0.008818268775939941,0.9195911288261414,1.534081220626831,4405600,566,550700
0.0008700259495526552,0.9689735043793917,1.5754945278167725,4406400,566,550800
0.0006602933863177896,0.9074402898550034,1.6100001335144043,4407200,566,550900
0.0005041735130362213,0.8899868056178093,1.5407161712646484,4408000,566,551000
0.0012881464790552855,0.12260812520980835,1.5627787113189697,4408800,566,551100
0.05628300830721855,0.776001051068306,1.3249452114105225,4409600,566,551200
0.0008169256034307182,0.9932733490131795,1.6988537311553955,4410400,566,551300
0.0005707473028451204,0.9946507387794554,1.4404611587524414,4411200,566,551400
0.0002265926159452647,0.9538818970322609,1.5723907947540283,4412000,566,551500
0.002904145047068596,0.8062000423669815,1.6652281284332275,4412800,566,551600
0.001514823641628027,0.9674259647727013,1.7400507926940918,4413600,566,551700
0.0029421979561448097,0.9908603494986892,1.4460952281951904,4414400,566,551800
0.0044879671186208725,0.9632379673421383,1.6388505697250366,4415200,566,551900
0.003973697777837515,-2.9322421550750732,1.518380045890808,4416000,566,552000
0.0009510923409834504,0.9897917276248336,1.749464511871338,4416800,566,552100
0.025887176394462585,0.7937129139900208,1.6024596691131592,4417600,566,552200
0.0030494388192892075,0.9765689074993134,1.5784952640533447,4418400,566,552300
0.0005731684505008161,0.9942473052069545,1.6374597549438477,4419200,566,552400
0.00357851292937994,-1.0584909915924072,1.7452168464660645,4420000,566,552500
0.0005478305392898619,0.910448394715786,1.6349067687988281,4420800,566,552600
0.0009973309934139252,0.9771725572645664,1.616417646408081,4421600,566,552700
0.007815559394657612,0.8824337497353554,1.3834805488586426,4422400,566,552800
0.007571524009108543,0.6250243782997131,1.7151274681091309,4423200,566,552900
0.01952427253127098,0.7116681933403015,1.6740140914916992,4424000,566,553000
0.006183291785418987,-0.692947506904602,1.6015115976333618,4424800,566,553100
0.018044259399175644,0.4887363910675049,1.4062540531158447,4425600,566,553200
0.0005040729884058237,0.20740997791290283,1.7474119663238525,4426400,566,553300
0.021766148507595062,0.4739112854003906,1.6778329610824585,4427200,566,553400
0.046421974897384644,-1.2799317836761475,1.7514920234680176,4428000,566,553500
0.010266067460179329,0.7478460669517517,1.5249297618865967,4428800,566,553600
0.007506582420319319,0.17556709051132202,1.6266674995422363,4429600,566,553700
0.0013156182831153274,0.9864991512149572,1.7155587673187256,4430400,566,553800
0.00040496623842045665,0.9961495366878808,1.6958136558532715,4431200,566,553900
0.004516426473855972,0.8771933242678642,1.7593986988067627,4432000,566,554000
0.01610867865383625,0.5734823048114777,1.7765474319458008,4432800,566,554100
0.0007904004887677729,0.8221307396888733,1.748841643333435,4433600,566,554200
0.002318017417564988,0.7870927006006241,1.7340586185455322,4434400,566,554300
0.014579763635993004,-5.474448204040527,1.7422256469726562,4435200,566,554400
0.0004151088069193065,0.9513851031661034,1.7649731636047363,4436000,566,554500
0.0011865263804793358,0.9910268411040306,1.6334047317504883,4436800,566,554600
0.0005472468910738826,0.9370772615075111,1.7695566415786743,4437600,566,554700
0.0023802579380571842,0.3362414836883545,1.6557908058166504,4438400,566,554800
0.003159496933221817,0.28371262550354004,1.5203361511230469,4439200,566,554900
0.002591842319816351,0.6783438622951508,1.6286649703979492,4440000,566,555000
0.002839351072907448,0.7276126444339752,1.757887840270996,4440800,566,555100
0.003204440465196967,0.5660663843154907,1.6053924560546875,4441600,566,555200
0.0020062681287527084,0.9679442569613457,1.7619349956512451,4442400,566,555300
0.022271862253546715,0.6928828656673431,1.5475993156433105,4443200,566,555400
0.0026677153073251247,0.9576236866414547,1.3637958765029907,4444000,566,555500
0.0015111006796360016,0.9906788300722837,1.7405126094818115,4444800,566,555600
0.025051910430192947,-0.02158641815185547,1.5724730491638184,4445600,566,555700
0.004796146880835295,0.9745597187429667,1.46412992477417,4446400,566,555800
0.0010740053839981556,0.9178802892565727,1.7581697702407837,4447200,566,555900
0.03371792659163475,0.1917838454246521,1.7406504154205322,4448000,566,556000
0.0005099690752103925,0.9186707064509392,1.7775754928588867,4448800,566,556100
0.00036491689388640225,0.8906394615769386,1.7629237174987793,4449600,566,556200
0.0015748417936265469,0.9511076584458351,1.5600225925445557,4450400,566,556300
0.015478065237402916,0.8933839872479439,1.4985613822937012,4451200,566,556400
0.0025131104048341513,0.9794820230454206,1.7577733993530273,4452000,566,556500
0.0023212898522615433,0.9676694385707378,1.4747552871704102,4452800,566,556600
0.029368555173277855,0.6423902809619904,1.6290929317474365,4453600,566,556700
0.0010158508084714413,0.8585839420557022,1.5968440771102905,4454400,566,556800
0.0033259231131523848,-0.47541356086730957,1.6644936800003052,4455200,566,556900
0.0008702945779077709,0.4690449833869934,1.6834466457366943,4456000,566,557000
0.007824689149856567,0.40116292238235474,1.7676630020141602,4456800,566,557100
0.029915843158960342,0.5563805401325226,1.4897675514221191,4457600,566,557200
0.0010670695919543505,0.9800991360098124,1.7568573951721191,4458400,566,557300
0.016237402334809303,0.6596949100494385,1.4546061754226685,4459200,566,557400
0.0015060172881931067,0.9883987605571747,1.6816256046295166,4460000,566,557500
0.012788411229848862,0.5428781807422638,1.6217255592346191,4460800,566,557600
0.0016341757727786899,0.9900316456332803,1.6296838521957397,4461600,566,557700
0.0016756225377321243,0.9915970172733068,1.1881089210510254,4462400,566,557800
0.002177210059016943,0.9562171623110771,1.4263145923614502,4463200,566,557900
0.018608001992106438,0.7008805871009827,1.6772047281265259,4464000,566,558000
0.0003601383068598807,0.9700200110673904,1.731992244720459,4464800,566,558100
0.0016148899449035525,0.13383692502975464,1.5158782005310059,4465600,566,558200
0.002929066773504019,0.9684620313346386,1.768378734588623,4466400,566,558300
0.007470711134374142,0.6897521018981934,1.7288553714752197,4467200,566,558400
0.0003393834049347788,0.9978447889443487,1.7506327629089355,4468000,566,558500
0.0018014097586274147,0.1708572506904602,1.63454270362854,4468800,566,558600
0.006289268843829632,-0.6864742040634155,1.7063311338424683,4469600,566,558700
0.0035548158921301365,0.9675052687525749,1.1489851474761963,4470400,566,558800
0.0011919584358111024,0.9883101750165224,1.7385132312774658,4471200,566,558900
0.0023251324892044067,0.32600778341293335,1.7860541343688965,4472000,566,559000
0.0015990000683814287,0.9773568715900183,1.771553874015808,4472800,566,559100
0.004274811130017042,0.9807065688073635,1.7200977802276611,4473600,566,559200
0.007668998558074236,-0.6643341779708862,1.7216897010803223,4474400,566,559300
0.0007153692422434688,0.9088741838932037,1.7769014835357666,4475200,566,559400
0.0007186466245912015,0.8360595256090164,1.698062777519226,4476000,566,559500
0.006581873632967472,0.9293884634971619,1.6986806392669678,4476800,566,559600
0.041953496634960175,0.4174047112464905,1.7107322216033936,4477600,566,559700
0.025021495297551155,0.800762340426445,1.4932606220245361,4478400,566,559800
0.0016582147218286991,0.9664768390357494,1.580890417098999,4479200,566,559900
0.04037180915474892,0.7644446194171906,1.555750846862793,4480000,566,560000
0.02206731215119362,0.6759150624275208,1.6827282905578613,4480800,566,560100
0.0013408734230324626,0.9817731939256191,1.3881335258483887,4481600,566,560200
0.002948821522295475,0.3392276167869568,1.6391736268997192,4482400,566,560300
0.05247869715094566,-0.11585032939910889,1.5107126235961914,4483200,566,560400
0.0015233857557177544,0.9918285273015499,1.6557955741882324,4484000,566,560500
0.0018895396497100592,0.995219417847693,1.690935492515564,4484800,566,560600
0.00044661195715889335,0.9714169539511204,1.6523704528808594,4485600,566,560700
0.0011623696191236377,0.9934717984870076,1.6463305950164795,4486400,566,560800
0.004408871755003929,0.9634881652891636,1.5651021003723145,4487200,566,560900
0.011588886380195618,-4.981597900390625,1.7387733459472656,4488000,566,561000
0.01717333495616913,0.49722856283187866,1.276892900466919,4488800,566,561100
0.001499515026807785,0.9769535213708878,1.7479759454727173,4489600,566,561200
0.008551224134862423,0.3122485280036926,1.4790513515472412,4490400,566,561300
0.004979911260306835,0.9627227634191513,1.3647325038909912,4491200,566,561400
0.004233746789395809,0.9738402329385281,1.6644642353057861,4492000,566,561500
0.0025232061743736267,0.9585073031485081,1.670523762702942,4492800,566,561600
0.0015003189910203218,0.9670072719454765,1.5418784618377686,4493600,566,561700
0.0020426209084689617,-0.03496241569519043,1.6642038822174072,4494400,566,561800
0.0014399108476936817,0.9804774019867182,1.2820426225662231,4495200,566,561900
0.02146628499031067,0.2616541385650635,1.7438082695007324,4496000,566,562000
0.0018090585945174098,0.8223613649606705,1.5916881561279297,4496800,566,562100
0.0008015547646209598,0.4741476774215698,1.7498036623001099,4497600,566,562200
0.0017178179696202278,0.9917913619428873,1.3502202033996582,4498400,566,562300
0.00574589055031538,0.9780287705361843,1.6021090745925903,4499200,566,562400
0.0028613689355552197,0.6958377361297607,1.462127923965454,4500000,566,562500
0.00135389796923846,0.9864565525203943,1.4636099338531494,4500800,566,562600
0.004626845009624958,0.9855416882783175,1.679421305656433,4501600,566,562700
0.0008840291993692517,0.8313311487436295,1.6676011085510254,4502400,566,562800
0.009481179527938366,0.2304319143295288,1.4593477249145508,4503200,566,562900
0.003070327453315258,0.8114795982837677,1.6994181871414185,4504000,566,563000
0.0004667388857342303,0.8676116913557053,1.6904878616333008,4504800,566,563100
0.0004386781947687268,0.9468596614897251,1.7534551620483398,4505600,566,563200
0.0025133872404694557,0.717108815908432,1.6552857160568237,4506400,566,563300
0.0016477075405418873,0.9961121899541467,1.5977765321731567,4507200,566,563400
0.0007570391753688455,0.8691330552101135,1.5667610168457031,4508000,566,563500
0.0042333053424954414,0.9766223449259996,1.6295790672302246,4508800,566,563600
0.0009339374955743551,0.9109563007950783,1.7197096347808838,4509600,566,563700
0.004395097028464079,0.9656204245984554,1.7325875759124756,4510400,566,563800
0.012694905512034893,0.7992080897092819,1.662236213684082,4511200,566,563900
0.003424372524023056,0.9722922034561634,1.6837116479873657,4512000,566,564000
0.003973045852035284,0.9712987821549177,1.4658167362213135,4512800,566,564100
0.003620731644332409,0.8249692022800446,1.4763072729110718,4513600,566,564200
0.002790335100144148,0.9680439829826355,1.7557082176208496,4514400,566,564300
0.002408383646979928,0.7811852395534515,1.7042824029922485,4515200,566,564400
0.004391309805214405,-4.043418884277344,1.7382397651672363,4516000,566,564500
0.0009424090385437012,0.8474614173173904,1.4740796089172363,4516800,566,564600
0.10600672662258148,0.32245033979415894,1.3815319538116455,4517600,566,564700
0.0009497474529780447,0.8973113745450974,1.7513728141784668,4518400,566,564800
0.0011914133792743087,0.9902562331408262,1.4742774963378906,4519200,566,564900
0.006773966830223799,0.7413826584815979,1.6952548027038574,4520000,566,565000
0.008830785751342773,0.6121675372123718,1.4789822101593018,4520800,566,565100
0.0003628500271588564,0.9979169005528092,1.7464152574539185,4521600,566,565200
0.0022593638859689236,0.9831685274839401,1.588163137435913,4522400,566,565300
0.015031058341264725,0.5883312523365021,1.4799227714538574,4523200,566,565400
0.01191657967865467,0.8909378796815872,1.708181619644165,4524000,566,565500
0.006874623242765665,0.9615695588290691,1.5575804710388184,4524800,566,565600
0.009764443151652813,0.9705666061490774,1.6813404560089111,4525600,566,565700
0.0034721053671091795,0.9843159429728985,1.2538347244262695,4526400,566,565800
0.01673908717930317,0.8797144815325737,1.6196684837341309,4527200,566,565900
0.0018533391412347555,0.9362641051411629,1.742672324180603,4528000,566,566000
0.0011885820422321558,0.9951084996573627,1.4655263423919678,4528800,566,566100
0.002262510359287262,-0.20585811138153076,1.6208882331848145,4529600,566,566200
0.06207529827952385,0.11231142282485962,1.5121173858642578,4530400,566,566300
0.0008005502168089151,-1.8282496929168701,1.376682996749878,4531200,566,566400
0.004680332262068987,0.8529835194349289,1.7368577718734741,4532000,566,566500
0.0003187463153153658,0.9976763611193746,1.725649356842041,4532800,566,566600
0.0012455197283998132,0.9824009854346514,1.7070592641830444,4533600,566,566700
0.0006866209441795945,0.9915305841714144,1.7406630516052246,4534400,566,566800
0.011345799081027508,0.8549898564815521,1.3782933950424194,4535200,566,566900
0.010858706198632717,0.4822324514389038,1.6833571195602417,4536000,566,567000
0.00426412234082818,-9.32248306274414,1.6705095767974854,4536800,566,567100
0.0006960511673241854,0.9689088705927134,1.7651233673095703,4537600,566,567200
0.004824967123568058,0.9512412175536156,1.6489572525024414,4538400,566,567300
0.019169848412275314,0.7264901399612427,1.5758781433105469,4539200,566,567400
0.0016994173638522625,0.9909018529579043,1.534348726272583,4540000,566,567500
0.015074816532433033,0.8073681741952896,1.7732759714126587,4540800,566,567600
0.002418245654553175,0.8514100760221481,1.5355455875396729,4541600,566,567700
0.0071101137436926365,0.9196175560355186,1.6062302589416504,4542400,566,567800
0.001013066852465272,0.9878914207220078,1.6890132427215576,4543200,566,567900
0.0026758231688290834,0.9584651105105877,1.5708060264587402,4544000,566,568000
0.0003623002558015287,0.9778650384396315,1.756468415260315,4544800,566,568100
0.001721448847092688,0.9896131101995707,1.7362055778503418,4545600,566,568200
0.006314573809504509,-0.2484278678894043,1.4441642761230469,4546400,566,568300
0.0005487585440278053,0.9959521237760782,1.5318381786346436,4547200,566,568400
0.003380520036444068,0.8249750733375549,1.6236426830291748,4548000,566,568500
0.005219217389822006,-2.5323233604431152,1.7156932353973389,4548800,566,568600
0.024338848888874054,0.8913002833724022,1.3615562915802002,4549600,566,568700
0.003997645806521177,0.9685145132243633,1.7528215646743774,4550400,566,568800
0.0007810895913280547,0.8760932832956314,1.7594112157821655,4551200,566,568900
0.0014908633893355727,0.9863380556926131,1.7708392143249512,4552000,566,569000
0.007002825848758221,-2.5845234394073486,1.7405931949615479,4552800,566,569100
0.0006453808164224029,0.9729673992842436,1.6454002857208252,4553600,566,569200
0.0007964193355292082,0.991985029540956,1.695623755455017,4554400,566,569300
0.0005508421454578638,0.9948175246827304,1.2258234024047852,4555200,566,569400
0.0049579250626266,0.9723517335951328,1.4939656257629395,4556000,566,569500
0.0008751623681746423,0.8573116213083267,1.7422518730163574,4556800,566,569600
0.000988146523013711,0.7978543937206268,1.742518663406372,4557600,566,569700
0.007515033707022667,0.9438764154911041,1.6759986877441406,4558400,566,569800
0.0007062021759338677,0.994721821974963,1.54185950756073,4559200,566,569900
0.001196318306028843,0.9099444448947906,1.6209796667099,4560000,566,570000
0.00028280651895329356,0.9982092780992389,1.6483962535858154,4560800,566,570100
0.00099131278693676,0.5277413427829742,1.4612812995910645,4561600,566,570200
0.025698449462652206,0.6750485301017761,1.6613664627075195,4562400,566,570300
0.005311214830726385,-4.103409767150879,1.594482183456421,4563200,566,570400
0.0006663480889983475,0.9914386784657836,1.6707713603973389,4564000,566,570500
0.0005815446493215859,0.7788108587265015,1.5908236503601074,4564800,566,570600
0.014075983315706253,-0.208715558052063,1.6308355331420898,4565600,566,570700
0.0019211183534935117,-4.198022842407227,1.616767168045044,4566400,566,570800
0.0020970869809389114,0.8663119524717331,1.6338862180709839,4567200,566,570900
0.006456349045038223,0.886271134018898,1.6823129653930664,4568000,566,571000
0.009162072092294693,0.9723256267607212,1.6144378185272217,4568800,566,571100
0.00011249686940573156,0.9919072734192014,1.7014620304107666,4569600,566,571200
0.031944528222084045,0.8535377383232117,1.6707797050476074,4570400,566,571300
0.021367700770497322,0.4864838123321533,1.6462509632110596,4571200,566,571400
0.0008428769651800394,0.9909397317096591,1.7625048160552979,4572000,566,571500
0.0008303748327307403,0.6878029704093933,1.5973644256591797,4572800,566,571600
0.0010370841482654214,0.9875293578952551,1.5726432800292969,4573600,566,571700
0.009293125942349434,0.9048111438751221,1.5523455142974854,4574400,566,571800
0.008091701194643974,0.8448084741830826,1.5332896709442139,4575200,566,571900
0.008850596845149994,0.6007287502288818,1.6550507545471191,4576000,566,572000
0.0020615970715880394,0.8927799612283707,1.7023168802261353,4576800,566,572100
0.0026798399630934,-80.42967987060547,1.7229461669921875,4577600,566,572200
0.0001785728381946683,0.9985038978047669,1.4800267219543457,4578400,566,572300
0.008068349212408066,0.9562269076704979,1.4912803173065186,4579200,566,572400
0.0009831060888245702,0.8624053299427032,1.7078543901443481,4580000,566,572500
0.002142519922927022,0.9824816826730967,1.7283282279968262,4580800,566,572600
0.0015374842332676053,0.6890466213226318,1.6950578689575195,4581600,566,572700
0.005395176354795694,0.5971664786338806,1.6179523468017578,4582400,566,572800
0.00354371452704072,0.9627479612827301,1.6205778121948242,4583200,566,572900
0.012132791802287102,0.25073540210723877,1.6880443096160889,4584000,566,573000
0.001237198943272233,0.9927010219544172,1.3319571018218994,4584800,566,573100
0.04144277051091194,0.3499525785446167,1.6041460037231445,4585600,566,573200
0.00078794383443892,0.9411621764302254,1.7481777667999268,4586400,566,573300
0.025753524154424667,0.869902953505516,1.5697345733642578,4587200,566,573400
0.002110397908836603,0.9802774712443352,1.6454075574874878,4588000,566,573500
0.0008411353919655085,-0.8185399770736694,1.67570161819458,4588800,566,573600
0.0008675090502947569,0.9919462539255619,1.6711739301681519,4589600,566,573700
0.0007845756481401622,0.8035525679588318,1.7454147338867188,4590400,566,573800
0.0024959021247923374,0.9894381435588002,1.521679162979126,4591200,566,573900
0.0008133869851008058,0.9233679920434952,1.3314979076385498,4592000,566,574000
0.002000523032620549,0.9550192281603813,1.7510751485824585,4592800,566,574100
0.001082932809367776,0.9156834781169891,1.4640659093856812,4593600,566,574200
0.004675622098147869,0.9633269533514977,1.4900445938110352,4594400,566,574300
0.0010454516159370542,0.9892266439273953,1.0760002136230469,4595200,566,574400
0.0005204355693422258,0.5626989603042603,1.7216906547546387,4596000,566,574500
0.0016485704109072685,0.9941339073702693,1.5462874174118042,4596800,566,574600
0.003009204054251313,0.9734325557947159,1.6792347431182861,4597600,566,574700
0.001001539989374578,0.9935948541387916,1.689577579498291,4598400,566,574800
0.0009720801608636975,0.9911513198167086,1.5653483867645264,4599200,566,574900
0.03512018173933029,0.09882903099060059,1.6326984167099,4600000,566,575000
0.00045663188211619854,0.9965437084902078,1.7155802249908447,4600800,566,575100
0.0011610727524384856,0.6619748771190643,1.4542646408081055,4601600,566,575200
0.0016659027896821499,0.0522540807723999,1.6209871768951416,4602400,566,575300
0.000627918285317719,0.9937691818922758,1.5774739980697632,4603200,566,575400
0.003937528468668461,0.889628455042839,1.3328227996826172,4604000,566,575500
0.0005156610277481377,0.9904176630079746,1.6535637378692627,4604800,566,575600
0.004661037586629391,-0.8449745178222656,1.7307689189910889,4605600,566,575700
0.00033107478520832956,0.9944794313050807,1.561070203781128,4606400,566,575800
0.004622371401637793,0.8018206208944321,1.6769590377807617,4607200,566,575900
0.004551770631223917,0.7314901649951935,1.4586118459701538,4608000,566,576000
0.000424095313064754,0.9563818462193012,1.4659647941589355,4608800,566,576100
0.0003282065154053271,0.9978272314183414,1.5310536623001099,4609600,566,576200
0.01076115109026432,0.6728925704956055,1.723217248916626,4610400,566,576300
0.001230080146342516,0.9907536208629608,1.7298812866210938,4611200,566,576400
0.0008349529816769063,0.6819572150707245,1.5839515924453735,4612000,566,576500
0.01574026420712471,0.7921905368566513,1.5364737510681152,4612800,566,576600
0.0033155144192278385,0.9714342467486858,1.5517443418502808,4613600,566,576700
0.00032285935594700277,0.9442432634532452,1.6605796813964844,4614400,566,576800
0.0009056394919753075,0.92316123098135,1.7484002113342285,4615200,566,576900
0.0004482432850636542,0.9882220234721899,1.7727892398834229,4616000,566,577000
0.0017099734395742416,0.9680064618587494,1.4614441394805908,4616800,566,577100
0.001571156084537506,0.9843175895512104,1.5312395095825195,4617600,566,577200
0.02568446844816208,0.5213046073913574,1.71267569065094,4618400,566,577300
0.0008042330155149102,-0.04048335552215576,1.5802668333053589,4619200,566,577400
0.0035283565521240234,0.9849940296262503,1.5409719944000244,4620000,566,577500
0.004473797045648098,0.41357678174972534,1.5253993272781372,4620800,566,577600
0.0062917787581682205,-0.7881646156311035,1.406935453414917,4621600,566,577700
0.0006825426244176924,0.9542964100837708,1.7686858177185059,4622400,566,577800
0.0025937985628843307,0.13556993007659912,1.6099238395690918,4623200,566,577900
0.003194080665707588,0.970636485144496,1.6441303491592407,4624000,566,578000
0.007171383127570152,0.973133048042655,1.5841962099075317,4624800,566,578100
0.001739178434945643,0.9801346939057112,1.4209390878677368,4625600,566,578200
0.004915145225822926,-0.03969883918762207,1.4907243251800537,4626400,566,578300
0.004714702256023884,0.9293398037552834,1.5541987419128418,4627200,566,578400
0.0007526275003328919,0.9663046412169933,1.738100290298462,4628000,566,578500
0.0007060376810841262,0.2547314763069153,1.6056773662567139,4628800,566,578600
0.006557370536029339,0.8633490949869156,1.4960824251174927,4629600,566,578700
0.010292730294167995,0.8203250765800476,1.6614279747009277,4630400,566,578800
0.00581255042925477,0.5867387056350708,1.5470757484436035,4631200,566,578900
0.00036025536246597767,0.9954730421304703,1.527250051498413,4632000,566,579000
0.0020748451352119446,0.8916980922222137,1.3647277355194092,4632800,566,579100
0.0023609984200447798,0.9812921471893787,1.727843999862671,4633600,566,579200
0.00032662172452546656,0.9694682788103819,1.6912647485733032,4634400,566,579300
0.007644659839570522,0.9400838613510132,1.58820378780365,4635200,566,579400
0.0009518740698695183,0.9446629770100117,1.6147842407226562,4636000,566,579500
0.0006557051092386246,-1.3021364212036133,1.7300657033920288,4636800,567,579600
0.0034503482747823,0.9696319252252579,1.6118230819702148,4637600,567,579700
0.00401377584785223,0.7791480422019958,1.5876364707946777,4638400,567,579800
0.002508322475478053,0.9753010664135218,1.5401967763900757,4639200,567,579900
0.006592119112610817,-0.3515528440475464,1.6107187271118164,4640000,567,580000
0.003787515452131629,0.9640630297362804,1.730183720588684,4640800,567,580100
0.007590445224195719,-2.482154369354248,1.4953181743621826,4641600,567,580200
0.0013415125431492925,-8.446075439453125,1.692237377166748,4642400,567,580300
0.0019615613855421543,0.982988378033042,1.7165838479995728,4643200,567,580400
0.004555923398584127,0.9391210302710533,1.607380986213684,4644000,567,580500
0.00015075280680321157,0.9204155579209328,1.7315943241119385,4644800,567,580600
0.002588581293821335,0.8473209887742996,1.404836654663086,4645600,567,580700
0.0023624133318662643,0.9791770242154598,1.4852566719055176,4646400,567,580800
0.00013382437464315444,0.9988010418601334,1.5569119453430176,4647200,567,580900
0.0009722390095703304,0.9917474379763007,1.756282091140747,4648000,567,581000
0.007679672446101904,0.3936554789543152,1.7281147241592407,4648800,567,581100
0.007270187139511108,0.9188813641667366,1.571303367614746,4649600,567,581200
0.0007005079532973468,0.9712323490530252,1.7104226350784302,4650400,567,581300
0.00672075804322958,0.5620317757129669,1.5091047286987305,4651200,567,581400
0.0014680263120681047,0.07541388273239136,1.7511184215545654,4652000,567,581500
0.003281201934441924,0.97879259288311,1.6958043575286865,4652800,567,581600
0.03323764726519585,0.8659043163061142,1.4785423278808594,4653600,567,581700
0.00024511554511263967,0.9976536931935698,1.7135441303253174,4654400,567,581800
0.027177700772881508,0.29238951206207275,1.51925790309906,4655200,567,581900
0.00604767631739378,0.8875457942485809,1.2611165046691895,4656000,567,582000
0.009470502845942974,0.9451955370604992,1.5015355348587036,4656800,567,582100
0.00427883118391037,0.9284373968839645,1.3323204517364502,4657600,567,582200
0.0014976209495216608,0.8680274188518524,1.4411734342575073,4658400,567,582300
0.0005720822373405099,0.9121053442358971,1.6420543193817139,4659200,567,582400
0.0004200057592242956,0.9363526180386543,1.7419285774230957,4660000,567,582500
0.0006485395133495331,0.9960368000902236,1.7177551984786987,4660800,567,582600
0.0008676952566020191,0.7945280820131302,1.6661603450775146,4661600,567,582700
0.0010564620606601238,0.6651924252510071,1.7303959131240845,4662400,567,582800
0.0006284156697802246,0.9934183224104345,1.5224052667617798,4663200,567,582900
0.09462399780750275,0.059193432331085205,1.4979535341262817,4664000,567,583000
0.0011812308803200722,0.8495272845029831,1.4958583116531372,4664800,567,583100
0.0012674892786890268,0.7246324717998505,1.6766576766967773,4665600,567,583200
0.0009264065884053707,-0.2910435199737549,1.663468599319458,4666400,567,583300
0.0031197178177535534,0.9780404232442379,1.366628885269165,4667200,567,583400
0.000435545458458364,0.9674850478768349,1.7464194297790527,4668000,567,583500
0.0006202870281413198,0.9899083087220788,1.720030426979065,4668800,567,583600
0.07806839048862457,0.5870701372623444,1.201827049255371,4669600,567,583700
0.0008057088707573712,0.9874887857586145,1.5386251211166382,4670400,567,583800
0.004202532581984997,0.6470370292663574,1.3762943744659424,4671200,567,583900
0.06058349460363388,0.12252253293991089,1.6295899152755737,4672000,567,584000
0.000961257319431752,0.8872045800089836,1.7536406517028809,4672800,567,584100
0.0011780671775341034,0.9733832366764545,1.3212839365005493,4673600,567,584200
0.0033537971321493387,0.958270825445652,1.5238159894943237,4674400,567,584300
0.06450887769460678,0.35237014293670654,1.7711728811264038,4675200,567,584400
0.001443770481273532,0.8068336695432663,1.4294124841690063,4676000,567,584500
0.000620540464296937,0.9138123169541359,1.7372524738311768,4676800,567,584600
0.001886206679046154,0.9929456161335111,1.4759515523910522,4677600,567,584700
0.0009397031972184777,0.9926675595343113,1.410565733909607,4678400,567,584800
0.0030166632495820522,0.9744141232222319,1.6486759185791016,4679200,567,584900
0.0034825399052351713,0.5895721912384033,1.431344985961914,4680000,567,585000
0.004439601209014654,0.9635099805891514,1.2654378414154053,4680800,567,585100
0.024565786123275757,0.6414651870727539,1.4129695892333984,4681600,567,585200
0.0012547875521704555,0.9766949322074652,1.5320188999176025,4682400,567,585300
0.0007795053534209728,0.4825976490974426,1.6568288803100586,4683200,567,585400
0.001195928081870079,0.025592684745788574,1.7005623579025269,4684000,567,585500
0.0018662395887076855,0.9741559401154518,1.5690890550613403,4684800,567,585600
0.004839909262955189,-0.910109281539917,1.7292171716690063,4685600,567,585700
0.0009210965363308787,0.93128751963377,1.6263824701309204,4686400,567,585800
0.007105624303221703,0.8549984842538834,1.6729713678359985,4687200,567,585900
0.00443315738812089,0.9500573314726353,1.6522185802459717,4688000,567,586000
0.001982762012630701,-2.716888189315796,1.7485172748565674,4688800,567,586100
0.001923607662320137,0.9232557564973831,1.734460473060608,4689600,567,586200
0.0035812845453619957,0.8419227600097656,1.6080676317214966,4690400,567,586300
0.030297094956040382,0.6092780232429504,1.46845281124115,4691200,567,586400
0.0022877699229866266,0.9904109127819538,1.550635576248169,4692000,567,586500
0.0003604844678193331,0.9054016917943954,1.6486849784851074,4692800,567,586600
0.002872744109481573,0.11547863483428955,1.5891709327697754,4693600,567,586700
0.0006079193553887308,0.9531280398368835,1.737766981124878,4694400,567,586800
0.0016099174972623587,0.8947262391448021,1.5928995609283447,4695200,567,586900
0.00019065597734879702,0.9832524005323648,1.7293236255645752,4696000,567,587000
0.001002674805931747,0.9814537074416876,1.723046064376831,4696800,567,587100
0.005055298563092947,0.8147688657045364,1.5452771186828613,4697600,567,587200
0.0019882237538695335,0.9943217751570046,1.645067811012268,4698400,567,587300
0.0005759207415394485,0.9965759259648621,1.7169055938720703,4699200,567,587400
0.0022365006152540445,0.9832841493189335,1.359506368637085,4700000,567,587500
0.0007064424571581185,0.9952925061807036,1.6250865459442139,4700800,567,587600
0.0021606602240353823,0.9822264462709427,1.7266228199005127,4701600,567,587700
0.003396339016035199,0.4204050898551941,1.6842083930969238,4702400,567,587800
0.0005753933801315725,0.9560146182775497,1.5357115268707275,4703200,567,587900
0.0014963772846385837,0.7890100926160812,1.4949052333831787,4704000,567,588000
0.005880996584892273,0.9267366826534271,1.3615539073944092,4704800,567,588100
0.04645795375108719,0.7874918282032013,1.6149272918701172,4705600,567,588200
0.0017328697722405195,0.993066587485373,1.5616412162780762,4706400,567,588300
0.0010981620289385319,0.9941840935498476,1.6862848997116089,4707200,567,588400
0.00519392779096961,0.10183161497116089,1.7421112060546875,4708000,567,588500
0.0013853661948814988,0.9920880692079663,1.7700093984603882,4708800,567,588600
0.0033780813682824373,0.8610593974590302,1.6733202934265137,4709600,567,588700
0.0013515700120478868,0.8943863660097122,1.7641538381576538,4710400,567,588800
0.000402169389417395,0.942994236946106,1.6674237251281738,4711200,567,588900
0.003917153924703598,0.9875786565244198,1.4944559335708618,4712000,567,589000
0.010061412118375301,0.5351517796516418,1.5594193935394287,4712800,567,589100
0.0004558757646009326,0.9974452534224838,1.3691471815109253,4713600,567,589200
0.0008446084102615714,0.9913871875032783,1.5851049423217773,4714400,567,589300
0.012598076835274696,0.9438991397619247,1.1563589572906494,4715200,567,589400
0.00013884465442970395,0.9990274521405809,1.630575180053711,4716000,567,589500
0.000730821629986167,0.9874019892886281,1.7516411542892456,4716800,567,589600
0.00264591327868402,0.5316393673419952,1.6618902683258057,4717600,567,589700
0.002907669637352228,0.9694028832018375,1.6295654773712158,4718400,567,589800
0.001129531068727374,0.9149909391999245,1.6346282958984375,4719200,567,589900
0.0058870152570307255,0.6132480204105377,1.3220592737197876,4720000,567,590000
0.004094230476766825,0.966027207672596,1.6403303146362305,4720800,567,590100
0.0011070538312196732,0.9385361112654209,1.7038547992706299,4721600,567,590200
0.00291695655323565,0.9746376108378172,1.6140438318252563,4722400,567,590300
0.0003478162398096174,0.9987284342059866,1.5358327627182007,4723200,567,590400
0.003341671545058489,0.9201194643974304,1.68373703956604,4724000,567,590500
0.001464404514990747,0.5480420887470245,1.541883111000061,4724800,567,590600
0.002014916157349944,0.8644461631774902,1.6523733139038086,4725600,567,590700
0.07244109362363815,0.6798625886440277,1.5634219646453857,4726400,567,590800
0.012784422375261784,0.9194770157337189,1.6846294403076172,4727200,567,590900
0.0008435179479420185,0.8772409483790398,1.7292661666870117,4728000,567,591000
0.03317826986312866,0.7189467251300812,1.6782362461090088,4728800,567,591100
0.0004354833799879998,0.9967952000442892,1.6439323425292969,4729600,567,591200
7.568213914055377e-05,0.9792871661484241,1.689842939376831,4730400,567,591300
0.00786870252341032,0.9208487421274185,1.5432076454162598,4731200,567,591400
0.0008182596648111939,0.6411287784576416,1.692523717880249,4732000,567,591500
0.0032500887755304575,0.590427041053772,1.4585446119308472,4732800,567,591600
0.001084858551621437,0.984536592848599,1.4501681327819824,4733600,567,591700
0.0013608159497380257,0.9954434758983552,1.7229857444763184,4734400,567,591800
0.0005945184966549277,0.9713941216468811,1.7016029357910156,4735200,567,591900
0.0005288919201120734,0.9855144936591387,1.5481395721435547,4736000,567,592000
0.0008827329729683697,0.9910854371264577,1.7081103324890137,4736800,567,592100
0.0030857594683766365,0.9758614730089903,1.5629215240478516,4737600,567,592200
0.00046364989248104393,0.9713324457406998,1.7372119426727295,4738400,567,592300
0.023815354332327843,0.658301442861557,1.7328271865844727,4739200,567,592400
0.0015719180228188634,0.9696680884808302,1.3200604915618896,4740000,567,592500
0.004373769275844097,0.7568764239549637,1.4848756790161133,4740800,567,592600
0.001913184067234397,0.8244571387767792,1.677119255065918,4741600,567,592700
0.003236753400415182,0.7640744894742966,1.7663569450378418,4742400,567,592800
0.0004809595993719995,0.9975208167452365,1.6975033283233643,4743200,567,592900
0.0008566566975787282,0.9885314805433154,1.5030620098114014,4744000,567,593000
0.001072295242920518,0.9873184030875564,1.5926952362060547,4744800,567,593100
0.00910024531185627,0.9473536126315594,1.7140157222747803,4745600,567,593200
0.0016796505078673363,0.9803642090409994,1.5889675617218018,4746400,567,593300
0.0006467672064900398,0.9428146257996559,1.641087532043457,4747200,567,593400
0.003921970259398222,0.9752253424376249,1.677180290222168,4748000,567,593500
0.023810086771845818,0.9151019752025604,1.3204572200775146,4748800,567,593600
8.447222353424877e-05,0.24847710132598877,1.7229032516479492,4749600,567,593700
0.011012951843440533,0.9070185199379921,1.326444149017334,4750400,567,593800
0.000788437551818788,0.7795705944299698,1.720057487487793,4751200,567,593900
0.011104925535619259,0.5610615611076355,1.635643482208252,4752000,567,594000
0.00814974494278431,0.7920805960893631,1.4864182472229004,4752800,567,594100
0.0018445817986503243,0.993073902092874,1.6335580348968506,4753600,567,594200
0.00046159897465258837,0.9811646491289139,1.6755883693695068,4754400,567,594300
0.0019979351200163364,0.9849629765376449,1.7210264205932617,4755200,567,594400
0.004049335606396198,0.9653169177472591,1.71830415725708,4756000,567,594500
0.03390645608305931,0.6400396525859833,1.630831241607666,4756800,567,594600
0.004939791280776262,0.08635586500167847,1.6982334852218628,4757600,567,594700
0.00847944337874651,0.8632209897041321,1.7195838689804077,4758400,567,594800
0.06306294351816177,-16.583147048950195,1.7475823163986206,4759200,567,594900
0.0011770116398110986,0.9002277925610542,1.5279240608215332,4760000,567,595000
0.0004657654499169439,0.9985270663164556,1.6351879835128784,4760800,567,595100
0.007533903233706951,0.7584187239408493,1.5971349477767944,4761600,567,595200
0.0010955884354189038,0.9700537417083979,1.5360260009765625,4762400,567,595300
0.0005216140416450799,0.9458255022764206,1.7618212699890137,4763200,567,595400
0.0008095281082205474,0.9670702815055847,1.7135717868804932,4764000,567,595500
0.003586163278669119,0.6898157000541687,1.621609091758728,4764800,567,595600
0.002056471072137356,0.7645068913698196,1.6111466884613037,4765600,567,595700
0.0014083597343415022,0.971270127221942,1.711017370223999,4766400,567,595800
0.23040398955345154,0.24093562364578247,1.513360619544983,4767200,567,595900
0.03032614290714264,0.8656342923641205,1.7508045434951782,4768000,567,596000
0.002815832616761327,0.39837801456451416,1.6399619579315186,4768800,567,596100
0.004403333179652691,0.9281529113650322,1.648029088973999,4769600,567,596200
0.0010483270743861794,0.6766952276229858,1.729576826095581,4770400,567,596300
0.001218145713210106,0.8363650143146515,1.7299177646636963,4771200,567,596400
0.0011096936650574207,0.9162380993366241,1.6058213710784912,4772000,567,596500
0.0011205694172531366,0.9855742761865258,1.7074942588806152,4772800,567,596600
0.0016464018262922764,0.9679161496460438,1.7387659549713135,4773600,567,596700
0.00031787343323230743,0.9550661034882069,1.6749207973480225,4774400,567,596800
0.0016087167896330357,0.9842633716762066,1.4003880023956299,4775200,567,596900
0.0010743445018306375,0.890092134475708,1.567995548248291,4776000,567,597000
0.001209080102853477,0.9896286185830832,1.3361237049102783,4776800,567,597100
0.00013898550241719931,0.9971110995393246,1.6090943813323975,4777600,567,597200
0.01034610066562891,0.7716997861862183,1.4489493370056152,4778400,567,597300
0.0022248944733291864,0.9603498354554176,1.7482339143753052,4779200,567,597400
0.0018115320708602667,0.3315563201904297,1.7065563201904297,4780000,567,597500
0.047696780413389206,0.14008373022079468,1.753741979598999,4780800,567,597600
0.0008262411574833095,0.9945381851866841,1.750565528869629,4781600,567,597700
0.0024525094777345657,0.9917412763461471,1.5861921310424805,4782400,567,597800
0.0014406404225155711,0.9105243608355522,1.5193477869033813,4783200,567,597900
0.04189383238554001,0.3735785484313965,1.635745644569397,4784000,567,598000
0.005115565378218889,0.6666646301746368,1.5903352499008179,4784800,567,598100
0.0007767201750539243,0.9605808034539223,1.6702680587768555,4785600,567,598200
0.008781269192695618,0.9548269361257553,1.1907374858856201,4786400,567,598300
0.014060335233807564,0.877672404050827,1.6122612953186035,4787200,567,598400
0.013315052725374699,-1.4245240688323975,1.486849308013916,4788000,567,598500
0.0009752679034136236,0.577307939529419,1.6617858409881592,4788800,567,598600
0.0008952223579399288,0.9900260018184781,1.7748205661773682,4789600,567,598700
0.0013379737501963973,0.6978872120380402,1.6562339067459106,4790400,567,598800
0.0011518575483933091,0.9890853501856327,1.7240962982177734,4791200,567,598900
0.0014175090473145247,0.841519832611084,1.4261932373046875,4792000,567,599000
0.002241747220978141,0.9101090058684349,1.6841702461242676,4792800,567,599100
0.0016049995319917798,0.5860183238983154,1.7206735610961914,4793600,567,599200
0.0033189270179718733,0.9322110861539841,1.6099653244018555,4794400,567,599300
0.000761438743211329,0.9178118109703064,1.7594990730285645,4795200,567,599400
0.0008977096294984221,0.7998782247304916,1.698967695236206,4796000,567,599500
0.003190208924934268,0.9720714185386896,1.643261432647705,4796800,567,599600
0.0008535781526006758,0.9450904987752438,1.7008355855941772,4797600,567,599700
0.004934913944453001,0.9591615423560143,1.592688798904419,4798400,567,599800
0.00277336360886693,0.6152048408985138,1.5254769325256348,4799200,567,599900
0.0025726393796503544,0.87110336124897,1.6183239221572876,4800000,567,600000
0.0014480720274150372,0.9857847839593887,1.474454402923584,4800800,567,600100
0.019412092864513397,0.8762244135141373,1.3671891689300537,4801600,567,600200
0.0010865345830097795,0.9725196044892073,1.6881604194641113,4802400,567,600300
0.005122303031384945,-1.7212975025177002,1.515648603439331,4803200,567,600400
0.00017760746413841844,0.9981130217202008,1.5567597150802612,4804000,567,600500
0.00132335489615798,0.6861550509929657,1.5680627822875977,4804800,567,600600
0.0010701370192691684,0.9778092261403799,1.5265858173370361,4805600,567,600700
0.001104295952245593,0.8722598701715469,1.6322335004806519,4806400,567,600800
0.025026744231581688,0.7709762752056122,1.5696284770965576,4807200,567,600900
0.0019536647014319897,0.36331242322921753,1.531604290008545,4808000,567,601000
0.004374025389552116,0.9213257730007172,1.63425612449646,4808800,567,601100
0.0027938964776694775,0.2264622449874878,1.610809564590454,4809600,567,601200
0.01590827666223049,0.7181176245212555,1.7309341430664062,4810400,567,601300
0.0041674296371638775,0.6353927850723267,1.6760647296905518,4811200,567,601400
0.008246404118835926,0.5205410420894623,1.63309645652771,4812000,567,601500
0.005646301433444023,0.98551085870713,1.6977704763412476,4812800,567,601600
0.0005909113097004592,0.9529821425676346,1.7265796661376953,4813600,567,601700
0.0005898388335481286,0.9972467208281159,1.6065154075622559,4814400,567,601800
0.0031274771317839622,0.6139872670173645,1.7002180814743042,4815200,567,601900
0.004074412863701582,0.05357867479324341,1.6554914712905884,4816000,567,602000
0.001225797925144434,0.9946289481595159,1.744323968887329,4816800,567,602100
0.0022922339849174023,0.9191360473632812,1.6338322162628174,4817600,567,602200
0.0007730027427896857,0.990008844062686,1.574779748916626,4818400,567,602300
0.03181751072406769,0.5772702991962433,1.753136157989502,4819200,567,602400
0.015243958681821823,0.7064195573329926,1.5975110530853271,4820000,567,602500
0.0015117860166355968,0.9670427441596985,1.6533613204956055,4820800,567,602600
0.0008116968092508614,0.8620573133230209,1.7442970275878906,4821600,567,602700
0.0026983716525137424,-3.1332311630249023,1.7005136013031006,4822400,567,602800
0.0034348464105278254,0.9715427085757256,1.6027817726135254,4823200,567,602900
0.0003422506561037153,0.9959731735289097,1.6976332664489746,4824000,567,603000
0.00493643619120121,0.25496405363082886,1.696894884109497,4824800,567,603100
0.00224585784599185,0.9910901496186852,1.7112147808074951,4825600,567,603200
0.003509853035211563,-0.10671865940093994,1.6551398038864136,4826400,567,603300
0.000511749240104109,0.9961874026339501,1.75868558883667,4827200,567,603400
0.0017562364228069782,0.8023829758167267,1.6288063526153564,4828000,567,603500
0.04573829844594002,-1.3207712173461914,1.5253105163574219,4828800,567,603600
0.0007839874015189707,0.6939554512500763,1.65578293800354,4829600,567,603700
0.0015588914975523949,0.9700021706521511,1.7185328006744385,4830400,567,603800
0.001190250855870545,0.9868870293721557,1.258022427558899,4831200,567,603900
0.00041290558874607086,0.7899402529001236,1.7668366432189941,4832000,567,604000
0.000571116921491921,0.994461078196764,1.7272255420684814,4832800,567,604100
0.0005640295566990972,0.9955004369840026,1.4138473272323608,4833600,567,604200
0.00030629889806732535,0.9988436413696036,1.73930025100708,4834400,567,604300
0.0030306384433060884,0.88843634724617,1.7328016757965088,4835200,567,604400
0.0007342385360971093,0.9191602542996407,1.775849461555481,4836000,567,604500
0.03936487436294556,0.6723703742027283,1.4953317642211914,4836800,567,604600
0.003038056194782257,0.9522779062390327,1.583925485610962,4837600,567,604700
0.0002990062930621207,0.9983079783851281,1.712700366973877,4838400,567,604800
0.005072357133030891,0.9587128013372421,1.7190723419189453,4839200,567,604900
0.0006936832796782255,0.9919664589688182,1.6040823459625244,4840000,567,605000
0.001150156487710774,0.8606021106243134,1.7643564939498901,4840800,567,605100
0.015382613986730576,0.7596343010663986,1.6347577571868896,4841600,567,605200
0.005000350996851921,0.7729876041412354,1.6662168502807617,4842400,567,605300
0.0011856254423037171,0.9901227587834001,1.7459697723388672,4843200,567,605400
0.013727480545639992,0.07982951402664185,1.3679333925247192,4844000,567,605500
0.00107613077852875,0.9770215582102537,1.48527193069458,4844800,567,605600
0.0024398143868893385,-3.7092857360839844,1.5624903440475464,4845600,567,605700
0.0009428360499441624,0.8568165600299835,1.7467172145843506,4846400,567,605800
0.00039655782165937126,0.9954545847140253,1.570016622543335,4847200,567,605900
0.003386310301721096,0.9893820071592927,1.6508145332336426,4848000,567,606000
0.0014469653833657503,0.9393052123486996,1.4080631732940674,4848800,567,606100
0.08528158813714981,-0.231553316116333,1.6141695976257324,4849600,567,606200
0.0008462273981422186,-4.0240583419799805,1.7177832126617432,4850400,567,606300
0.0008192804525606334,0.8767250925302505,1.5944406986236572,4851200,567,606400
0.0024420751724392176,-1.0338938236236572,1.5100650787353516,4852000,567,606500
0.0007251061615534127,0.613165408372879,1.7030282020568848,4852800,567,606600
0.0006178247858770192,0.9951138375326991,1.7449594736099243,4853600,567,606700
0.0009081856114789844,0.9920541243627667,1.7168489694595337,4854400,567,606800
0.0013351633679121733,0.8047060072422028,1.554415225982666,4855200,567,606900
0.02260611392557621,0.4878110885620117,1.6457135677337646,4856000,567,607000
0.013816914521157742,-1.1933329105377197,1.5837886333465576,4856800,567,607100
0.0018619503825902939,0.9837742820382118,1.6014353036880493,4857600,566,607200
0.017418723553419113,0.8654550015926361,1.3993080854415894,4858400,567,607300
0.00039849482709541917,0.9554577395319939,1.7280354499816895,4859200,566,607400
0.0005012445617467165,0.9950681063346565,1.6804172992706299,4860000,567,607500
0.0021458296105265617,0.9609141461551189,1.4689891338348389,4860800,567,607600
0.000958532327786088,0.9504990689456463,1.4622445106506348,4861600,566,607700
0.0014743809588253498,0.7765727341175079,1.533239483833313,4862400,567,607800
0.0009489846415817738,-0.08228695392608643,1.5637145042419434,4863200,567,607900
0.0006797565729357302,0.9953443119302392,1.6611465215682983,4864000,567,608000
0.0024879476986825466,0.9721781089901924,1.5855029821395874,4864800,567,608100
0.0014579053968191147,0.8229938596487045,1.725245714187622,4865600,567,608200
0.0016586079727858305,0.9840077105909586,1.467716932296753,4866400,567,608300
0.004724132362753153,0.9610826596617699,1.6891367435455322,4867200,567,608400
0.00586897786706686,0.9255747646093369,1.5452901124954224,4868000,567,608500
0.01166242640465498,0.843522772192955,1.511583924293518,4868800,567,608600
0.0012223923113197088,0.9813510198146105,1.5921623706817627,4869600,567,608700
0.0006119275349192321,0.9457953609526157,1.7251280546188354,4870400,567,608800
0.0005774367600679398,-1.7396266460418701,1.7682936191558838,4871200,566,608900
0.0005348950508050621,0.9631662741303444,1.64339280128479,4872000,566,609000
0.007139280438423157,0.869041696190834,1.5596083402633667,4872800,566,609100
0.001752975513227284,0.984541043639183,1.666801929473877,4873600,566,609200
0.0029687024652957916,0.9843353014439344,1.5719099044799805,4874400,566,609300
0.0005777549231424928,0.7863672971725464,1.6145102977752686,4875200,566,609400
0.02297847718000412,0.719375878572464,1.4350247383117676,4876000,567,609500
0.0017262687906622887,0.9852689849212766,1.6587209701538086,4876800,566,609600
0.00046677299542352557,0.8519444912672043,1.69041109085083,4877600,567,609700
0.000774997053667903,0.9938512463122606,1.632887363433838,4878400,567,609800
0.00039782802923582494,0.17273300886154175,1.64804208278656,4879200,567,609900
0.003064565360546112,-0.6341943740844727,1.7008154392242432,4880000,567,610000
0.0038018219638615847,0.9721011873334646,1.7021000385284424,4880800,567,610100
0.007181136403232813,0.705811470746994,1.6428494453430176,4881600,567,610200
0.0007524630054831505,0.6904120743274689,1.6074947118759155,4882400,567,610300
0.020988769829273224,0.7828298807144165,1.764244794845581,4883200,567,610400
0.009051479399204254,-0.08361971378326416,1.4271904230117798,4884000,567,610500
0.00046069014933891594,0.9755652658641338,1.739617109298706,4884800,567,610600
0.0004904348752461374,0.9961659014225006,1.707028865814209,4885600,567,610700
0.0013783290050923824,0.629565566778183,1.7221571207046509,4886400,567,610800
0.0044761826284229755,0.9492977038025856,1.6854007244110107,4887200,567,610900
0.0008282519993372262,0.9490174166858196,1.6180038452148438,4888000,567,611000
0.0026463044341653585,0.9821611531078815,1.7449910640716553,4888800,567,611100
0.0075745717622339725,0.9215881526470184,1.1466736793518066,4889600,567,611200
0.01067128125578165,0.5256606936454773,1.6003987789154053,4890400,567,611300
0.002269233576953411,0.8799726963043213,1.7743396759033203,4891200,567,611400
0.0025652521289885044,0.9439081884920597,1.7073802947998047,4892000,567,611500
0.0038595767691731453,0.9553062133491039,1.7287206649780273,4892800,566,611600
0.005667650606483221,0.6370601952075958,1.562562108039856,4893600,567,611700
0.0025216396898031235,0.9795662946999073,1.7383655309677124,4894400,567,611800
0.002737123053520918,0.9124299436807632,1.6245232820510864,4895200,567,611900
0.017368510365486145,0.8910348415374756,1.7241714000701904,4896000,567,612000
0.0036501470021903515,0.9750934932380915,1.6561801433563232,4896800,567,612100
0.0003866652841679752,0.9978639148175716,1.7589373588562012,4897600,567,612200
0.06237375736236572,0.79572893679142,1.6061012744903564,4898400,567,612300
0.002035635057836771,-0.04123270511627197,1.580080509185791,4899200,567,612400
0.00040253554470837116,0.9144754186272621,1.754144549369812,4900000,567,612500
0.00745218712836504,-0.6838223934173584,1.5660977363586426,4900800,567,612600
0.003196838079020381,0.7566258162260056,1.5733813047409058,4901600,567,612700
0.008726588450372219,0.7420362830162048,1.4669933319091797,4902400,567,612800
0.018935427069664,0.8273714482784271,1.7316118478775024,4903200,567,612900
0.001018283423036337,0.9638202674686909,1.7187846899032593,4904000,567,613000
0.0004113450995646417,0.9435462281107903,1.6345396041870117,4904800,567,613100
0.005916588008403778,0.9738065022975206,1.6344871520996094,4905600,567,613200
0.0019943914376199245,-0.7796220779418945,1.619697093963623,4906400,567,613300
0.001028719125315547,0.9178360104560852,1.6933691501617432,4907200,567,613400
0.001443119253963232,0.563011884689331,1.691803216934204,4908000,567,613500
0.002254690509289503,0.9782614838331938,1.6348252296447754,4908800,567,613600
0.0022236157674342394,0.2064787745475769,1.736429214477539,4909600,567,613700
0.0006180951022543013,0.9916418846696615,1.6922680139541626,4910400,567,613800
0.0007440628833137453,0.9919020943343639,1.7132939100265503,4911200,567,613900
0.001056590466760099,0.9877228559926152,1.659279704093933,4912000,567,614000
0.0022496283054351807,0.9861945006996393,1.6450755596160889,4912800,567,614100
0.0026963097043335438,0.7967675626277924,1.6612446308135986,4913600,567,614200
0.043922871351242065,0.8095173090696335,1.3250186443328857,4914400,567,614300
0.0014812417794018984,0.776931032538414,1.7813513278961182,4915200,567,614400
0.0019905895460397005,0.7692584246397018,1.4589500427246094,4916000,567,614500
0.02059452049434185,0.6886656284332275,1.5379974842071533,4916800,566,614600
0.00043257654760964215,0.9966220187488943,1.7675244808197021,4917600,567,614700
0.006417474709451199,-0.35923802852630615,1.3619133234024048,4918400,567,614800
0.002230232348665595,0.8889476209878922,1.3038105964660645,4919200,566,614900
0.0004044792731292546,0.9464751817286015,1.6838146448135376,4920000,566,615000
0.006014782004058361,0.9249637797474861,1.0951600074768066,4920800,566,615100
0.0031471909023821354,0.9780171364545822,1.5424134731292725,4921600,566,615200
0.0007004108047112823,0.8000387102365494,1.580456256866455,4922400,566,615300
0.0011290621478110552,0.818835124373436,1.6727533340454102,4923200,566,615400
0.0016164669068530202,0.9162971824407578,1.629052758216858,4924000,566,615500
0.013159179128706455,0.8276569843292236,1.4457762241363525,4924800,566,615600
0.0020631200168281794,0.9520359002053738,1.6812890768051147,4925600,566,615700
0.0013763091992586851,0.7141017615795135,1.5512728691101074,4926400,566,615800
0.0018916986882686615,0.6965375542640686,1.7463322877883911,4927200,566,615900
0.001302914461120963,0.9917217111214995,1.7144465446472168,4928000,567,616000
0.0011902160476893187,0.9879084443673491,1.6078057289123535,4928800,567,616100
0.0013636102667078376,0.9830754920840263,1.665948510169983,4929600,567,616200
0.001761605846695602,0.7765669375658035,1.6839866638183594,4930400,567,616300
0.0004237681860104203,0.5778673887252808,1.7363481521606445,4931200,567,616400
0.00031811260851100087,0.8770949169993401,1.6383981704711914,4932000,567,616500
0.0012075216509401798,0.5931422114372253,1.2138054370880127,4932800,567,616600
0.0006308078300207853,0.8750051930546761,1.543121099472046,4933600,566,616700
0.009346206672489643,0.9379265047609806,1.614776611328125,4934400,567,616800
0.006541296374052763,-0.3610442876815796,1.5505871772766113,4935200,566,616900
8.914422505768016e-05,0.901795007288456,1.729645013809204,4936000,566,617000
0.005210121627897024,0.9410664811730385,1.558642029762268,4936800,566,617100
0.01685546524822712,0.7466962933540344,1.669445514678955,4937600,566,617200
0.001378931337967515,0.6952239573001862,1.7322150468826294,4938400,566,617300
0.0639873594045639,0.25076931715011597,1.7311575412750244,4939200,566,617400
0.04997238516807556,0.39479923248291016,1.3323798179626465,4940000,566,617500
0.0014581308932974935,-4.4543304443359375,1.2370738983154297,4940800,566,617600
0.00595646258443594,0.9892574828118086,1.5287821292877197,4941600,566,617700
0.008409546688199043,0.8003770560026169,1.412717580795288,4942400,566,617800
0.00339618232101202,0.9350216388702393,1.7136602401733398,4943200,566,617900
0.0028670295141637325,0.8466872125864029,1.5888030529022217,4944000,566,618000
0.0016568563878536224,0.5855557322502136,1.6280107498168945,4944800,567,618100
0.0009148226235993207,0.8771838247776031,1.442882776260376,4945600,566,618200
0.006575164385139942,-0.05038762092590332,1.6396145820617676,4946400,567,618300
0.005159870255738497,0.3205917477607727,1.404244065284729,4947200,566,618400
0.0004910147399641573,0.9954575626179576,1.7070256471633911,4948000,566,618500
0.001053112791851163,-0.166259765625,1.6674284934997559,4948800,566,618600
0.0028330967761576176,0.9505008272826672,1.5715234279632568,4949600,566,618700
0.002005648333579302,-0.30419623851776123,1.7505934238433838,4950400,566,618800
0.014772821217775345,0.696125715970993,1.670127511024475,4951200,566,618900
0.011203671805560589,-7.035770416259766,1.5752034187316895,4952000,566,619000
0.003211605828255415,0.9647865742444992,1.569606065750122,4952800,567,619100
0.0007421548943966627,0.8447189331054688,1.6901931762695312,4953600,566,619200
0.015806294977664948,0.9041887149214745,1.4909117221832275,4954400,567,619300
0.00023070155293680727,0.9525158479809761,1.7134281396865845,4955200,566,619400
0.0007510203868150711,0.9924769680947065,1.4495830535888672,4956000,567,619500
0.0016430274117738008,-0.0984339714050293,1.4263638257980347,4956800,566,619600
0.0021749851293861866,0.9707468561828136,1.5637946128845215,4957600,566,619700
0.0008523380383849144,0.9951525782234967,1.504293441772461,4958400,566,619800
0.0006044781184755266,0.9455900713801384,1.6450729370117188,4959200,567,619900
0.0006994191789999604,0.9930547848343849,1.6457678079605103,4960000,567,620000
0.04032297059893608,0.5739465653896332,1.6174023151397705,4960800,566,620100
0.003453671932220459,0.9755244702100754,1.6375715732574463,4961600,566,620200
0.01787496916949749,0.7027868628501892,1.7341281175613403,4962400,566,620300
0.0006344829453155398,0.9921552501618862,1.3729228973388672,4963200,566,620400
0.0011707210214808583,0.9689061976969242,1.2835733890533447,4964000,566,620500
0.0001747338246786967,0.9717325214296579,1.6554200649261475,4964800,566,620600
0.000860534724779427,0.9733785148710012,1.5622729063034058,4965600,566,620700
0.006216324865818024,0.9457779452204704,1.6368739604949951,4966400,566,620800
0.0008053216733969748,0.8488006293773651,1.709986925125122,4967200,566,620900
0.0025337168481200933,0.9832732621580362,1.7224023342132568,4968000,566,621000
0.012817065231502056,0.347897469997406,1.5807292461395264,4968800,566,621100
0.002126205712556839,0.8550585955381393,1.732446551322937,4969600,566,621200
0.005127983633428812,-13.92275333404541,1.6537669897079468,4970400,566,621300
0.0007465590606443584,0.9879716448485851,1.5740687847137451,4971200,566,621400
0.001568798441439867,-1.4256365299224854,1.6720359325408936,4972000,566,621500
0.0003354475775267929,0.3628218173980713,1.73945951461792,4972800,566,621600
0.0036987285129725933,0.384975790977478,1.4447417259216309,4973600,566,621700
0.012018050998449326,0.9198698475956917,1.7360615730285645,4974400,566,621800
0.004017966333776712,0.9613221883773804,1.5477635860443115,4975200,566,621900
0.0011757895117625594,0.768838495016098,1.7338576316833496,4976000,566,622000
0.0030566537752747536,0.44520264863967896,1.5609846115112305,4976800,566,622100
0.0018304710974916816,0.988999760709703,1.5229127407073975,4977600,566,622200
0.007210127077996731,0.9226558953523636,1.6762480735778809,4978400,566,622300
0.0027618303429335356,0.4861242175102234,1.3953970670700073,4979200,566,622400
0.00041931431042030454,0.9132977798581123,1.6307188272476196,4980000,566,622500
0.0011394944740459323,0.66117724776268,1.6319775581359863,4980800,566,622600
0.014364765956997871,0.46729809045791626,1.6118061542510986,4981600,566,622700
0.03369063884019852,0.6851538717746735,1.421661376953125,4982400,566,622800
0.005265839397907257,0.9251379296183586,1.195751428604126,4983200,566,622900
0.00013794687401968986,0.9171709939837456,1.6739267110824585,4984000,566,623000
0.024844789877533913,0.8669108003377914,1.5328843593597412,4984800,566,623100
0.0006632598815485835,0.9909530580043793,1.5294861793518066,4985600,567,623200
0.008730090223252773,0.9692560397088528,1.5935297012329102,4986400,567,623300
0.0025187511928379536,-1.7704510688781738,1.7615243196487427,4987200,567,623400
0.011353159323334694,0.9549732320010662,1.3388869762420654,4988000,566,623500
0.002876016777008772,0.9208244681358337,1.728926658630371,4988800,566,623600
0.060055870562791824,-13.33320426940918,1.345555305480957,4989600,566,623700
0.0007788756629452109,0.8518128097057343,1.7230370044708252,4990400,566,623800
0.0007640306139364839,0.8769371211528778,1.5827233791351318,4991200,566,623900
0.01751641370356083,0.7664827108383179,1.3323798179626465,4992000,566,624000
0.001159350504167378,0.9836997948586941,1.3269883394241333,4992800,566,624100
0.0017758654430508614,0.9877240313217044,1.7607160806655884,4993600,566,624200
0.0037109677214175463,0.9492887891829014,1.4256670475006104,4994400,566,624300
0.0064385635778307915,0.9413568861782551,1.6123820543289185,4995200,566,624400
0.0023186318576335907,0.9122422188520432,1.731518268585205,4996000,566,624500
0.03114018216729164,0.9078697562217712,1.7236063480377197,4996800,567,624600
0.03866170719265938,0.40819472074508667,1.5497937202453613,4997600,567,624700
0.0007913527078926563,0.8614581078290939,1.6725480556488037,4998400,567,624800
0.0038838100153952837,0.8993916735053062,1.6109315156936646,4999200,567,624900
0.01309625431895256,0.827273353934288,1.711144208908081,5000000,567,625000
0.007952826097607613,0.8445130288600922,1.5344488620758057,5000800,567,625100
0.015445840544998646,0.931887611746788,1.7164599895477295,5001600,567,625200
0.024092551320791245,0.8944255411624908,1.6426312923431396,5002400,567,625300
0.006387648638337851,-5.287389755249023,1.3843309879302979,5003200,567,625400
0.0009515145211480558,0.8917223811149597,1.5214061737060547,5004000,567,625500
0.0012707023415714502,0.45073050260543823,1.759569764137268,5004800,567,625600
0.003835727460682392,0.9729594569653273,1.6926403045654297,5005600,567,625700
0.0002671720867510885,0.9714780859649181,1.7185823917388916,5006400,567,625800
0.0007816733559593558,0.6374129951000214,1.644181251525879,5007200,567,625900
0.001962605630978942,0.988666889257729,1.7193591594696045,5008000,567,626000
0.005938437767326832,0.8084176629781723,1.7316300868988037,5008800,567,626100
0.0002739775227382779,0.9963416159152985,1.6368515491485596,5009600,567,626200
0.00022208801237866282,0.9981748297577724,1.7065852880477905,5010400,567,626300
0.0004395393771119416,0.7236316800117493,1.739700198173523,5011200,567,626400
0.0009518780279904604,0.046655237674713135,1.5990571975708008,5012000,567,626500
0.0006901483284309506,-5.784684658050537,1.6717524528503418,5012800,567,626600
0.012343399226665497,0.8712849318981171,1.4686648845672607,5013600,566,626700
0.0098012275993824,0.8440797626972198,1.482330083847046,5014400,566,626800
0.0008653958793729544,0.9944499474950135,1.7588322162628174,5015200,566,626900
0.00653033098205924,0.7163978815078735,1.5742554664611816,5016000,567,627000
0.04260111227631569,0.4201533794403076,1.5778329372406006,5016800,567,627100
0.026197345927357674,0.8327936381101608,1.5956393480300903,5017600,567,627200
0.003719921922311187,0.8659908920526505,1.6528329849243164,5018400,567,627300
0.0467044860124588,0.07971328496932983,1.5530465841293335,5019200,567,627400
0.1250898838043213,-0.26882708072662354,1.5403211116790771,5020000,566,627500
0.0008522032876498997,0.5077759325504303,1.7001924514770508,5020800,567,627600
0.010651649907231331,0.8137569725513458,1.614811658859253,5021600,566,627700
0.0008676947327330709,0.9957778099924326,1.6466552019119263,5022400,566,627800
0.0025063592474907637,0.7698306739330292,1.6159768104553223,5023200,566,627900
0.0016337329288944602,0.9370555132627487,1.4571888446807861,5024000,566,628000
0.009663821198046207,0.27797192335128784,1.5100288391113281,5024800,566,628100
0.0014735348522663116,0.14197391271591187,1.57794189453125,5025600,566,628200
0.0026368252001702785,-8.492854118347168,1.5384037494659424,5026400,566,628300
0.018312916159629822,0.7845642268657684,1.712867259979248,5027200,566,628400
0.0022765721660107374,0.773750826716423,1.532246708869934,5028000,566,628500
0.0032207046169787645,0.9794074147939682,1.3164608478546143,5028800,566,628600
0.00013580452650785446,0.8903678134083748,1.6342003345489502,5029600,566,628700
0.0010736195836216211,-0.1264033317565918,1.6875505447387695,5030400,566,628800
0.003390273079276085,0.9732042886316776,1.5867619514465332,5031200,566,628900
0.005148641765117645,0.9302220344543457,1.390404224395752,5032000,566,629000
0.000632092822343111,0.8092155903577805,1.5066794157028198,5032800,566,629100
0.02472967654466629,0.6365199387073517,1.506501317024231,5033600,566,629200
0.0016534109599888325,0.9902173848822713,1.6710259914398193,5034400,566,629300
0.000820539309643209,0.9950370010919869,1.669588327407837,5035200,566,629400
0.0031698057428002357,0.9764410369098186,1.544318437576294,5036000,566,629500
0.023760586977005005,0.4745621085166931,1.596174716949463,5036800,566,629600
0.0013516477774828672,0.8680844455957413,1.7472319602966309,5037600,567,629700
0.0009969460079446435,0.7905151695013046,1.773076057434082,5038400,567,629800
0.0005445468705147505,0.8168258965015411,1.7442926168441772,5039200,566,629900
0.003926155623048544,0.48131275177001953,1.5941354036331177,5040000,567,630000
0.0006097217556089163,0.4353827238082886,1.6190379858016968,5040800,567,630100
0.001507449196651578,0.9624451324343681,1.429337978363037,5041600,567,630200
0.002084488281980157,0.987361722625792,1.6637194156646729,5042400,567,630300
0.014650196768343449,0.5703216791152954,1.4082775115966797,5043200,567,630400
0.006680774502456188,0.9676311761140823,1.7131257057189941,5044000,567,630500
0.004608282819390297,0.27851706743240356,1.5082181692123413,5044800,567,630600
0.003806364256888628,0.9664650596678257,1.0482423305511475,5045600,567,630700
0.0008119519334286451,0.993026384152472,1.5269743204116821,5046400,567,630800
0.0008475360809825361,0.9293141290545464,1.742295503616333,5047200,567,630900
0.0030254079028964043,0.9797179121524096,1.6618109941482544,5048000,567,631000
0.01326050702482462,0.9044512435793877,1.3878988027572632,5048800,567,631100
0.0011967528844252229,0.7189063429832458,1.6458020210266113,5049600,567,631200
0.009534739889204502,0.9044071733951569,1.396345615386963,5050400,567,631300
0.0019970135763287544,0.9892230443656445,1.5704195499420166,5051200,567,631400
0.0007125023985281587,0.9935487690381706,1.5252503156661987,5052000,567,631500
0.0014972726348787546,0.9890182930976152,1.3435086011886597,5052800,567,631600
0.017614880576729774,-2.4717254638671875,1.5813138484954834,5053600,567,631700
0.002897154074162245,0.9763801898807287,1.547913908958435,5054400,567,631800
0.0011368624400347471,0.9737626574933529,1.6607379913330078,5055200,567,631900
0.015759596601128578,0.5480993986129761,1.710762858390808,5056000,567,632000
0.0016463142819702625,0.9431689865887165,1.2575709819793701,5056800,567,632100
0.0007218057871796191,0.9604664780199528,1.7036921977996826,5057600,567,632200
0.0009875633986666799,0.21433168649673462,1.6725666522979736,5058400,567,632300
0.0017181078437715769,0.6992509663105011,1.7380915880203247,5059200,567,632400
0.018891843035817146,-0.4884861707687378,1.5357038974761963,5060000,567,632500
0.0010876156156882644,0.9912931490689516,1.7398384809494019,5060800,567,632600
0.0011203666217625141,0.9871533950790763,1.5546525716781616,5061600,567,632700
0.008017856627702713,0.9176973924040794,1.4695477485656738,5062400,567,632800
0.0029609117191284895,0.7851449400186539,1.305154800415039,5063200,567,632900
0.0015704672550782561,0.9910896457731724,1.5143214464187622,5064000,567,633000
0.005949995014816523,0.9248279556632042,1.5101903676986694,5064800,567,633100
0.0006746216677129269,0.8837753981351852,1.7656447887420654,5065600,567,633200
0.03451000154018402,0.7130516469478607,1.7091796398162842,5066400,567,633300
0.0007537466008216143,0.8637570589780807,1.7422268390655518,5067200,567,633400
0.010023484006524086,0.6328949928283691,1.5986125469207764,5068000,567,633500
0.0004325054760556668,0.9299622923135757,1.7232706546783447,5068800,567,633600
0.0011849794536828995,0.8042069971561432,1.6566112041473389,5069600,567,633700
0.0016290380153805017,0.9704566262662411,1.5039680004119873,5070400,567,633800
0.0003723586560226977,0.9751349352300167,1.7552523612976074,5071200,567,633900
0.0005773786106146872,0.9927114509046078,1.6357344388961792,5072000,567,634000
0.0005083659780211747,0.9939975566230714,1.675936222076416,5072800,567,634100
0.0014751377748325467,0.9944849400781095,1.6634172201156616,5073600,567,634200
0.0024565940257161856,0.8301696330308914,1.6224234104156494,5074400,567,634300
0.00033982188324443996,0.6848783791065216,1.658853530883789,5075200,567,634400
0.00021565578936133534,0.9956915047951043,1.7512331008911133,5076000,567,634500
0.0016400411259382963,0.7143112123012543,1.712729811668396,5076800,567,634600
0.011659220792353153,0.9678617231547832,1.4609618186950684,5077600,567,634700
0.001992409583181143,0.9827185347676277,1.5714738368988037,5078400,567,634800
0.00023118508397601545,0.9329117238521576,1.7558891773223877,5079200,567,634900
0.00074864795897156,0.9947023913264275,1.6865092515945435,5080000,567,635000
0.0006755812210030854,0.8733030259609222,1.6216883659362793,5080800,567,635100
0.0003982864145655185,0.9402875490486622,1.7672967910766602,5081600,567,635200
0.001165993046015501,0.1862013339996338,1.7266852855682373,5082400,567,635300
0.0012332771439105272,0.7737159729003906,1.2739717960357666,5083200,567,635400
0.0003967973170801997,0.9452975057065487,1.5325376987457275,5084000,567,635500
0.0007070762803778052,0.8416860997676849,1.736433506011963,5084800,567,635600
0.00047281919978559017,0.9908628249540925,1.6878814697265625,5085600,567,635700
0.0008690052200108767,0.9195638820528984,1.4888248443603516,5086400,567,635800
0.00298788258805871,-0.056185126304626465,1.4167591333389282,5087200,567,635900
0.0006520928582176566,0.6231199204921722,1.7620398998260498,5088000,567,636000
0.0669129341840744,0.5540066659450531,1.6378157138824463,5088800,567,636100
0.0008950204937718809,0.9495514445006847,1.5766346454620361,5089600,567,636200
0.004930604249238968,-0.9546319246292114,1.7204971313476562,5090400,567,636300
0.0006755381473340094,0.9642369337379932,1.7632348537445068,5091200,567,636400
0.0023726748768240213,0.9802452716976404,1.7373193502426147,5092000,567,636500
0.00043894737609662116,0.5871898829936981,1.6433966159820557,5092800,567,636600
0.031431492418050766,0.36271363496780396,1.5675194263458252,5093600,567,636700
0.00467435410246253,0.6174866855144501,1.7218958139419556,5094400,567,636800
0.0011554663069546223,0.9897686634212732,1.7806321382522583,5095200,567,636900
0.035151347517967224,0.48516809940338135,1.7285213470458984,5096000,567,637000
0.00377645343542099,0.9748624339699745,1.4990630149841309,5096800,567,637100
0.0009198575280606747,0.9924945048987865,1.7316415309906006,5097600,567,637200
0.006365579087287188,0.8799480050802231,1.7346118688583374,5098400,567,637300
0.006348355207592249,0.938181109726429,1.3132829666137695,5099200,567,637400
0.0007119647925719619,0.7534868568181992,1.628779411315918,5100000,567,637500
0.0012546638026833534,0.8940025269985199,1.6496212482452393,5100800,567,637600
0.005155634600669146,0.6743389666080475,1.5582339763641357,5101600,567,637700
0.0008280784823000431,0.7420635521411896,1.6155853271484375,5102400,567,637800
0.0027234102599322796,0.08985346555709839,1.6379570960998535,5103200,567,637900
0.0010358844883739948,0.6923294067382812,1.628838062286377,5104000,567,638000
0.0008006397401914,0.851704478263855,1.7394018173217773,5104800,567,638100
0.0006505192723125219,0.6500751674175262,1.6253913640975952,5105600,567,638200
0.0015822940040379763,0.7508057951927185,1.762233853340149,5106400,567,638300
0.005714215338230133,0.8622218519449234,1.5615136623382568,5107200,567,638400
0.004179094452410936,-4.0762858390808105,1.537376880645752,5108000,567,638500
0.031230172142386436,0.6818036437034607,1.727236032485962,5108800,567,638600
0.007673241198062897,0.485931932926178,1.5357170104980469,5109600,567,638700
0.0024430016055703163,0.9763383660465479,1.6886265277862549,5110400,567,638800
0.003434557467699051,0.9806535542011261,1.7295554876327515,5111200,567,638900
0.007142479531466961,0.9512347653508186,1.6146411895751953,5112000,567,639000
0.001890648389235139,0.9802413694560528,1.5615813732147217,5112800,567,639100
0.003915244713425636,0.5281813740730286,1.4493889808654785,5113600,567,639200
0.0034505168441683054,0.6129113733768463,1.729644536972046,5114400,567,639300
0.002387458924204111,0.9751047547906637,1.3055166006088257,5115200,567,639400
0.023639127612113953,0.9223532974720001,1.5711264610290527,5116000,567,639500
0.0009235312463715672,0.9446594901382923,1.683961272239685,5116800,567,639600
0.0009695786284282804,0.9302544146776199,1.6991225481033325,5117600,567,639700
0.0367860272526741,0.6178234219551086,1.3197013139724731,5118400,567,639800
0.0008806100813671947,0.8898001611232758,1.442335844039917,5119200,567,639900
0.000466196914203465,0.9530321396887302,1.6728979349136353,5120000,567,640000
0.0008226495701819658,0.9521910138428211,1.6049083471298218,5120800,567,640100
0.006733181420713663,0.4866722822189331,1.4881198406219482,5121600,567,640200
0.0006291578174568713,0.9680650345981121,1.727980136871338,5122400,567,640300
0.00046645052498206496,0.745646595954895,1.7733641862869263,5123200,567,640400
0.0007910927524790168,0.9846779610961676,1.7571669816970825,5124000,567,640500
0.00037544910446740687,0.8708857446908951,1.729877233505249,5124800,567,640600
0.0038825611118227243,0.9763638880103827,1.4459706544876099,5125600,567,640700
0.0003263514372520149,0.9256321862339973,1.7055137157440186,5126400,567,640800
0.009708301164209843,0.7539797723293304,1.6411657333374023,5127200,567,640900
0.00038111265166662633,0.9966804278083146,1.6814616918563843,5128000,567,641000
0.00035110226599499583,0.997091518715024,1.6746164560317993,5128800,567,641100
0.0019283242290839553,0.959139671176672,1.7484294176101685,5129600,567,641200
0.00028052087873220444,0.9944907445460558,1.6620099544525146,5130400,567,641300
0.003940021153539419,0.9722912330180407,1.7578918933868408,5131200,567,641400
0.0006333546480163932,0.527050256729126,1.5001749992370605,5132000,567,641500
0.0008877496002241969,0.9951667911373079,1.1003097295761108,5132800,567,641600
0.001027528429403901,0.9497164376080036,1.6191515922546387,5133600,567,641700
0.0006647304398939013,0.6989644169807434,1.7675853967666626,5134400,567,641800
0.008286122232675552,-6.641343116760254,1.595155954360962,5135200,567,641900
0.0018323512049391866,0.9933906244114041,1.4824175834655762,5136000,567,642000
0.036631062626838684,0.7133489847183228,1.701871395111084,5136800,567,642100
0.006606108043342829,0.5591683983802795,1.693422794342041,5137600,567,642200
0.0016447994858026505,0.2890138626098633,1.7068424224853516,5138400,567,642300
0.005445512477308512,0.9117719680070877,1.7307560443878174,5139200,567,642400
0.0052764397114515305,0.9455474428832531,1.5480906963348389,5140000,567,642500
0.014244819059967995,0.706676185131073,1.5411758422851562,5140800,567,642600
0.01091773435473442,-0.825810432434082,1.3456807136535645,5141600,567,642700
0.0017071221955120564,0.9888029424473643,1.231740117073059,5142400,567,642800
0.001489903312176466,0.9584442675113678,1.5615860223770142,5143200,567,642900
0.008427291177213192,0.6904994547367096,1.7421047687530518,5144000,567,643000
0.0015731758903712034,0.9556695930659771,1.5101819038391113,5144800,567,643100
0.002314595738425851,0.8013204336166382,1.6971039772033691,5145600,567,643200
0.05948523059487343,0.7902529239654541,1.7439892292022705,5146400,567,643300
0.001128464238718152,0.8992184102535248,1.7378170490264893,5147200,567,643400
0.0016478056786581874,0.7898469865322113,1.4349730014801025,5148000,567,643500
0.0011158381821587682,0.8838326930999756,1.702275276184082,5148800,567,643600
0.0025170031003654003,0.9372002258896828,1.5206780433654785,5149600,567,643700
0.002408583415672183,0.5657236576080322,1.6616483926773071,5150400,567,643800
0.004536748398095369,0.8119737505912781,1.4232920408248901,5151200,567,643900
0.0016506063984706998,0.9741311073303223,1.6720011234283447,5152000,567,644000
0.008116037584841251,0.2617250680923462,1.7216837406158447,5152800,567,644100
0.0029776361770927906,0.9455852769315243,1.7463598251342773,5153600,567,644200
0.002779794856905937,0.7642822861671448,1.249699354171753,5154400,567,644300
0.04996690899133682,0.47383004426956177,1.4113376140594482,5155200,567,644400
0.005060114897787571,-0.4778289794921875,1.597722053527832,5156000,567,644500
0.002734473207965493,0.8987591117620468,1.4295213222503662,5156800,567,644600
0.005776131059974432,0.8830701857805252,1.6892127990722656,5157600,567,644700
0.0018283736426383257,0.9919185936450958,1.4570724964141846,5158400,567,644800
0.0005115110543556511,0.34389162063598633,1.7225466966629028,5159200,567,644900
0.00046049669617787004,0.9968650303781033,1.7009339332580566,5160000,567,645000
0.0029419430065900087,0.9403049796819687,1.6780474185943604,5160800,567,645100
0.0011308264220133424,0.9838690981268883,1.7349145412445068,5161600,567,645200
0.008473548106849194,0.7587943524122238,1.7676441669464111,5162400,567,645300
0.0066514816135168076,-1.939033031463623,1.5687143802642822,5163200,567,645400
0.0011612100061029196,0.9537809789180756,1.7262156009674072,5164000,567,645500
0.00040983164217323065,0.9923251462168992,1.6993939876556396,5164800,567,645600
0.0014338085893541574,0.9886944675818086,1.5023651123046875,5165600,567,645700
0.0011655474081635475,0.01887345314025879,1.7627668380737305,5166400,567,645800
0.013446591794490814,0.818809375166893,1.4588663578033447,5167200,567,645900
0.003193809185177088,0.9569482877850533,1.6275285482406616,5168000,567,646000
0.0008744774968363345,0.6897462606430054,1.6612880229949951,5168800,567,646100
0.003653040388599038,0.6946347653865814,1.7101227045059204,5169600,567,646200
0.001950198202393949,0.9864757591858506,1.6977901458740234,5170400,567,646300
0.004542060662060976,0.9136662781238556,1.7164490222930908,5171200,567,646400
0.001038138521835208,-2.5231831073760986,1.6775412559509277,5172000,567,646500
0.003987186122685671,-1.345320224761963,1.479849100112915,5172800,567,646600
0.0008008925360627472,0.7155725061893463,1.5112879276275635,5173600,567,646700
0.013907122425734997,0.8251198381185532,1.6000235080718994,5174400,567,646800
0.0008816658519208431,0.5477176904678345,1.4616494178771973,5175200,567,646900
0.0012351125478744507,0.9892060765996575,1.608483076095581,5176000,567,647000
0.002915531164035201,0.4834933280944824,1.6912025213241577,5176800,567,647100
0.00022153598547447473,0.8634787648916245,1.7427152395248413,5177600,567,647200
0.00048740458441898227,0.6925629675388336,1.56099534034729,5178400,567,647300
0.000344915286405012,0.9968319821637124,1.726515293121338,5179200,567,647400
0.00044420419726520777,0.8515486419200897,1.7392268180847168,5180000,567,647500
0.0009250837028957903,0.7407940626144409,1.5763514041900635,5180800,567,647600
0.00526422867551446,0.9500891678035259,1.566178798675537,5181600,567,647700
0.0037628214340656996,0.9684775769710541,1.73409104347229,5182400,567,647800
0.0005364986136555672,0.9439298324286938,1.6208570003509521,5183200,567,647900
0.0033595706336200237,0.9512183032929897,1.5473484992980957,5184000,567,648000
0.016647396609187126,0.9028389155864716,1.2940764427185059,5184800,567,648100
0.0012195352464914322,0.9640844650566578,1.4508287906646729,5185600,567,648200
0.00035924400435760617,0.9557856284081936,1.7118144035339355,5186400,567,648300
0.0004941662773489952,0.9285901859402657,1.5546716451644897,5187200,567,648400
0.0013943880330771208,0.9900343827903271,1.6479170322418213,5188000,567,648500
0.001359364832751453,0.987509892322123,1.6976242065429688,5188800,567,648600
0.0010933016892522573,0.7698967456817627,1.596846103668213,5189600,567,648700
0.0008571529760956764,0.9917289782315493,1.5212476253509521,5190400,567,648800
0.007443112321197987,-1.1233599185943604,1.5171433687210083,5191200,567,648900
0.0014193074312061071,0.9984940707217902,1.5596790313720703,5192000,567,649000
0.0037651676684617996,0.9624432101845741,1.7324159145355225,5192800,567,649100
0.0026429651770740747,0.9835450705140829,1.74672532081604,5193600,567,649200
0.00037646337295882404,0.947186928242445,1.7706408500671387,5194400,567,649300
0.0008592606172896922,-0.5861911773681641,1.7190138101577759,5195200,567,649400
0.0007115848711691797,0.789215475320816,1.653672456741333,5196000,567,649500
0.0003865115577355027,0.8870138004422188,1.4166011810302734,5196800,567,649600
0.0004405415093060583,0.9365061447024345,1.4072368144989014,5197600,567,649700
0.0017315869918093085,0.6017497777938843,1.4115545749664307,5198400,567,649800
0.004018859006464481,0.8770960941910744,1.4978947639465332,5199200,567,649900
0.000550337543245405,0.4526180624961853,1.705948829650879,5200000,567,650000
0.015439881943166256,-1.8837742805480957,1.5979573726654053,5200800,567,650100
0.0001809925597626716,0.9980347331147641,1.6130223274230957,5201600,567,650200
0.062212683260440826,0.4241892695426941,1.7187719345092773,5202400,567,650300
0.004992534872144461,0.9389923848211765,1.4847966432571411,5203200,567,650400
0.008439810946583748,0.8597745597362518,1.5372414588928223,5204000,567,650500
0.002192860469222069,0.9755376297980547,1.7230045795440674,5204800,567,650600
0.0006980443722568452,-0.8387773036956787,1.7215802669525146,5205600,567,650700
0.0006074162665754557,0.13613760471343994,1.54563307762146,5206400,567,650800
0.001008876715786755,0.99090560618788,1.5077028274536133,5207200,567,650900
0.005269061308354139,0.9633130170404911,1.5050885677337646,5208000,567,651000
0.0012934167170897126,0.9821367263793945,1.655846357345581,5208800,567,651100
0.0021370963659137487,0.976078987121582,1.5726814270019531,5209600,567,651200
0.0023974343203008175,0.8280137479305267,1.6572108268737793,5210400,567,651300
0.0004400172329042107,0.9418820813298225,1.5505365133285522,5211200,567,651400
0.013210552744567394,0.8005739897489548,1.511488437652588,5212000,567,651500
0.010141653940081596,0.9263014569878578,1.609075903892517,5212800,567,651600
0.0011634413385763764,0.9925433341413736,1.5890268087387085,5213600,567,651700
0.0013442656490951777,0.3360852599143982,1.7415881156921387,5214400,567,651800
0.0007861972553655505,0.9347675293684006,1.6914068460464478,5215200,567,651900
0.005094771273434162,-0.46753835678100586,1.5834283828735352,5216000,567,652000
0.06405621767044067,0.43959617614746094,1.7420799732208252,5216800,567,652100
0.0011387027334421873,-0.0012562274932861328,1.766396403312683,5217600,567,652200
0.0023756492882966995,0.9810384269803762,1.6880383491516113,5218400,567,652300
0.0003833659866359085,0.9716351367533207,1.4348253011703491,5219200,567,652400
0.0012493864633142948,0.9915131386369467,1.6607778072357178,5220000,567,652500
0.00310407392680645,0.7098425924777985,1.6939783096313477,5220800,567,652600
0.007904642261564732,0.9752491507679224,1.4466396570205688,5221600,567,652700
0.005021023564040661,0.9879714529961348,1.7605063915252686,5222400,567,652800
0.0014858581125736237,0.9876877078786492,1.6111081838607788,5223200,567,652900
0.0014664605259895325,0.9972792363259941,1.6359509229660034,5224000,567,653000
0.0004754579858854413,0.9304920732975006,1.7479348182678223,5224800,567,653100
0.0012018296401947737,0.9879965614527464,1.598978042602539,5225600,567,653200
0.0027077936101704836,0.9868667349219322,1.5515365600585938,5226400,567,653300
0.0014137416146695614,0.9318240433931351,1.7487585544586182,5227200,567,653400
0.0011100745759904385,0.6250379681587219,1.7381033897399902,5228000,567,653500
0.06148397922515869,0.4024538993835449,1.7042031288146973,5228800,567,653600
0.001891651889309287,0.7304517328739166,1.4623737335205078,5229600,567,653700
0.0012863290030509233,0.9905572477728128,1.406207799911499,5230400,567,653800
0.011399325914680958,0.8360433876514435,1.7249927520751953,5231200,567,653900
0.003764681750908494,0.6926242411136627,1.6128160953521729,5232000,567,654000
0.03424384817481041,0.3836590647697449,1.1561884880065918,5232800,567,654100
0.0181772131472826,0.9300693571567535,1.4441249370574951,5233600,567,654200
0.004310521297156811,-0.2446836233139038,1.7458508014678955,5234400,567,654300
0.002413683570921421,0.026115000247955322,1.4917488098144531,5235200,567,654400
0.0021840259432792664,0.9730346631258726,1.476975679397583,5236000,567,654500
0.0005930833285674453,0.9945120234042406,1.5542175769805908,5236800,567,654600
0.0020572489593178034,0.981933943927288,1.6606459617614746,5237600,567,654700
0.0005440202075988054,0.9423201605677605,1.6381736993789673,5238400,567,654800
0.0004629161849152297,0.9973355836700648,1.4482836723327637,5239200,567,654900
0.0010175065835937858,0.885353147983551,1.6497142314910889,5240000,567,655000
0.04142359644174576,0.24671542644500732,1.5797244310379028,5240800,567,655100
0.011749482713639736,0.3584752678871155,1.6911388635635376,5241600,567,655200
0.00021466657926794142,0.9287249967455864,1.7429993152618408,5242400,567,655300
0.0004176492802798748,0.9910333650186658,1.6362383365631104,5243200,567,655400
0.0031101456843316555,0.9166901856660843,1.622757911682129,5244000,567,655500
0.04647192731499672,0.785699725151062,1.67662513256073,5244800,567,655600
0.013730321079492569,0.5341002643108368,1.2453949451446533,5245600,567,655700
0.008345086127519608,-0.7270294427871704,1.5730175971984863,5246400,567,655800
0.0022947811521589756,0.974655169993639,1.4183112382888794,5247200,567,655900
0.001270083012059331,0.9898014171048999,1.7642650604248047,5248000,567,656000
0.00384902348741889,0.972373466938734,1.5706613063812256,5248800,567,656100
0.00039135850965976715,0.9970925615634769,1.5498604774475098,5249600,567,656200
0.0005075694061815739,0.9315359219908714,1.6753547191619873,5250400,567,656300
0.00014426742563955486,0.9810467436909676,1.5262150764465332,5251200,567,656400
0.005873708054423332,0.97137969173491,1.709167718887329,5252000,567,656500
0.000266532733803615,0.9977666425984353,1.754814624786377,5252800,567,656600
0.001945476047694683,0.31457650661468506,1.5805456638336182,5253600,567,656700
0.0010383205953985453,0.9062335789203644,1.5177863836288452,5254400,567,656800
0.0002680302713997662,0.881862536072731,1.75175142288208,5255200,567,656900
0.005004755221307278,0.9338506609201431,1.1053531169891357,5256000,567,657000
0.0063896458595991135,0.22642481327056885,1.6394848823547363,5256800,567,657100
0.0026843645609915257,0.9515054784715176,1.5671002864837646,5257600,567,657200
0.0036731481086462736,0.4582814574241638,1.334755778312683,5258400,567,657300
0.0028095305897295475,0.9641016907989979,1.6764180660247803,5259200,567,657400
0.001869602594524622,0.9887053202837706,1.414061427116394,5260000,567,657500
0.0022737905383110046,0.8593593388795853,1.7749416828155518,5260800,567,657600
0.002564940834417939,0.9498632624745369,1.5272459983825684,5261600,567,657700
0.0032745907083153725,0.979339987039566,1.5976440906524658,5262400,567,657800
0.0003319790412206203,0.7262543141841888,1.7102370262145996,5263200,567,657900
0.0011179388966411352,0.906801164150238,1.7557920217514038,5264000,567,658000
0.0020975356455892324,0.4846991300582886,1.4735901355743408,5264800,567,658100
0.007381523493677378,0.5963254868984222,1.5356929302215576,5265600,567,658200
0.0010891706915572286,0.9453032240271568,1.7602159976959229,5266400,567,658300
0.0012339861132204533,0.9694925229996443,1.750147819519043,5267200,567,658400
0.0004326876369304955,0.5988149642944336,1.621802806854248,5268000,567,658500
0.0006903825560584664,0.9321638867259026,1.53157639503479,5268800,567,658600
0.03466546908020973,0.7299416065216064,1.6017415523529053,5269600,567,658700
0.002731835003942251,-0.15536022186279297,1.692237377166748,5270400,567,658800
0.0005227854708209634,0.9894092129543424,1.6181385517120361,5271200,567,658900
0.0008718075696378946,0.688516765832901,1.7743196487426758,5272000,567,659000
0.0005530979251489043,-0.5336562395095825,1.75563645362854,5272800,567,659100
0.0005718515603803098,0.9930692287161946,1.353550672531128,5273600,567,659200
0.006322786211967468,0.9284786432981491,1.5977864265441895,5274400,567,659300
0.0012774905189871788,0.7245002090930939,1.5783474445343018,5275200,567,659400
0.0064276293851435184,0.7838643938302994,1.6345456838607788,5276000,567,659500
0.002162662334740162,0.374997079372406,1.7764132022857666,5276800,567,659600
0.0008380521321669221,0.9161888509988785,1.717138648033142,5277600,567,659700
0.02133845165371895,0.8084573745727539,1.7519786357879639,5278400,567,659800
0.019013511016964912,0.816003829240799,1.7354483604431152,5279200,567,659900
0.038143135607242584,0.48417872190475464,1.5587986707687378,5280000,567,660000
0.016896195709705353,0.4981420040130615,1.7259705066680908,5280800,567,660100
0.026867279782891273,-1.1056933403015137,1.4951562881469727,5281600,567,660200
0.0009657645132392645,0.9390305504202843,1.62418794631958,5282400,567,660300
0.024229219183325768,0.6795515418052673,1.3091648817062378,5283200,567,660400
0.0006910478114150465,0.9183945506811142,1.5918858051300049,5284000,567,660500
0.021534206345677376,0.7681588530540466,1.5669962167739868,5284800,567,660600
0.02542208693921566,0.43703997135162354,1.412783145904541,5285600,567,660700
0.028185181319713593,0.4479362964630127,1.5942327976226807,5286400,567,660800
0.0006481223390437663,0.9689046107232571,1.7539409399032593,5287200,567,660900
0.004474452696740627,0.9371386542916298,1.6740326881408691,5288000,567,661000
0.0006626237300224602,0.9890779200941324,1.7075316905975342,5288800,567,661100
0.00997218769043684,0.7316631078720093,1.667046308517456,5289600,567,661200
0.0006110728718340397,0.9701380338519812,1.6762042045593262,5290400,567,661300
0.001896189758554101,0.8699312061071396,1.7393639087677002,5291200,567,661400
0.11929921060800552,-0.03977680206298828,1.3129018545150757,5292000,567,661500
0.0036930732894688845,0.4824431538581848,1.7567092180252075,5292800,567,661600
0.012740167789161205,0.5251242220401764,1.316645622253418,5293600,567,661700
0.004069861955940723,0.7185805439949036,1.7201573848724365,5294400,567,661800
0.0040884073823690414,0.6006745994091034,1.651942491531372,5295200,567,661900
0.006145555526018143,0.7110452353954315,1.674358606338501,5296000,567,662000
0.004568679723888636,0.5118507146835327,1.6938573122024536,5296800,567,662100
0.004145241808146238,0.7348778247833252,1.6125226020812988,5297600,567,662200
0.005250679329037666,0.4014607071876526,1.6507376432418823,5298400,567,662300
0.0009268792346119881,0.8790125325322151,1.714176058769226,5299200,567,662400
0.0013787272619083524,0.9931907132267952,1.5612378120422363,5300000,567,662500
0.0015113679692149162,-0.7109373807907104,1.7324752807617188,5300800,567,662600
0.002924067433923483,0.9843001589179039,1.493420124053955,5301600,567,662700
0.03777030482888222,0.6199047863483429,1.3959989547729492,5302400,567,662800
0.008981416933238506,0.8891000226140022,1.566184639930725,5303200,567,662900
0.0017176199471578002,0.7903635650873184,1.6786739826202393,5304000,567,663000
0.0010550639126449823,0.988097152672708,1.617004156112671,5304800,567,663100
0.0015523664187639952,0.9933844390325248,1.7547173500061035,5305600,567,663200
0.009865500032901764,0.8449489325284958,1.518315315246582,5306400,567,663300
0.0006709749577566981,0.9282863140106201,1.5228736400604248,5307200,567,663400
0.00044232833897694945,0.9751845020800829,1.739958643913269,5308000,567,663500
0.000902243540622294,0.9908031215891242,1.628942847251892,5308800,567,663600
0.0007393088308162987,0.7693692743778229,1.5027568340301514,5309600,567,663700
0.0026468986179679632,0.9818652141839266,1.7554352283477783,5310400,567,663800
0.0032308108638972044,0.7868615090847015,1.6938070058822632,5311200,567,663900
0.005452203564345837,0.9471754319965839,1.353896975517273,5312000,567,664000
0.00048639674787409604,0.9621581025421619,1.6272355318069458,5312800,567,664100
0.0016686918679624796,0.9764128066599369,1.5992790460586548,5313600,567,664200
0.006127255968749523,0.9328249022364616,1.467071771621704,5314400,567,664300
0.0014352865982800722,0.9231420904397964,1.587963342666626,5315200,567,664400
0.0029460256919264793,0.9893088731914759,1.5757256746292114,5316000,567,664500
0.0019221948459744453,0.8962921798229218,1.6020320653915405,5316800,567,664600
0.002031646203249693,0.8338114321231842,1.6360805034637451,5317600,567,664700
0.002211469691246748,0.8214541077613831,1.7295387983322144,5318400,567,664800
0.06796980649232864,-0.3547687530517578,1.3971309661865234,5319200,567,664900
0.005463982000946999,0.5973321497440338,1.569298267364502,5320000,567,665000
0.0009068716899491847,0.9939183359965682,1.7619656324386597,5320800,567,665100
0.0011119699338451028,0.9919858407229185,1.6305885314941406,5321600,567,665200
0.00048267398960888386,0.9965539088007063,1.7192294597625732,5322400,567,665300
0.0033438452519476414,0.954462856054306,1.1697015762329102,5323200,567,665400
0.0011060305405408144,0.9391470067203045,1.7504889965057373,5324000,567,665500
0.06973851472139359,0.7054468095302582,1.7266008853912354,5324800,567,665600
0.004527290351688862,0.4438093304634094,1.712586522102356,5325600,567,665700
0.0014503640122711658,0.8570690155029297,1.6505250930786133,5326400,567,665800
0.0005892052431590855,0.9947369308210909,1.514294147491455,5327200,567,665900
0.0019244204740971327,0.9831808861345053,1.5999150276184082,5328000,567,666000
0.0014004330150783062,0.9909278238192201,1.7129933834075928,5328800,567,666100
0.0005972117651253939,0.8248367607593536,1.6491745710372925,5329600,567,666200
0.0007097266498021781,0.9902893621474504,1.5805408954620361,5330400,567,666300
0.0023405414540320635,0.13937819004058838,1.6582531929016113,5331200,567,666400
0.0006261080852709711,0.9861141592264175,1.6221773624420166,5332000,567,666500
0.0006498688599094748,0.9748868606984615,1.711099624633789,5332800,567,666600
0.02684015780687332,-0.9349100589752197,1.4525842666625977,5333600,567,666700
0.004248285666108131,0.8007342964410782,1.3840758800506592,5334400,567,666800
0.0026879231445491314,0.9357506781816483,1.459173560142517,5335200,567,666900
0.0034098546020686626,0.9651051573455334,1.5727620124816895,5336000,567,667000
0.001702666748315096,0.9065945222973824,1.2850449085235596,5336800,567,667100
0.005962323397397995,0.48487693071365356,1.4158906936645508,5337600,567,667200
0.003170617390424013,0.9694346114993095,1.516365885734558,5338400,567,667300
0.008348860777914524,-6.0757036209106445,1.7143948078155518,5339200,567,667400
0.0005136386025696993,0.9974174723029137,1.693114995956421,5340000,567,667500
0.0031798367854207754,0.9640452824532986,1.7398419380187988,5340800,567,667600
0.0018870799103751779,0.9856843911111355,1.6095527410507202,5341600,567,667700
0.01733230985701084,0.5814571380615234,1.6563270092010498,5342400,567,667800
0.004204536322504282,0.9410018920898438,1.6519181728363037,5343200,567,667900
0.0010406910441815853,0.9917490622028708,1.6379594802856445,5344000,567,668000
0.009846118278801441,0.5917075574398041,1.687474250793457,5344800,567,668100
0.06005357950925827,0.24116533994674683,1.6369297504425049,5345600,567,668200
0.0004025536763947457,0.9936625347472727,1.7527976036071777,5346400,567,668300
0.001204567844979465,0.9924797876738012,1.6821057796478271,5347200,567,668400
0.005624707322567701,0.9328800514340401,1.6027472019195557,5348000,567,668500
0.00019884429639205337,0.8814804553985596,1.7345203161239624,5348800,567,668600
0.013598978519439697,0.8641712218523026,1.5409355163574219,5349600,567,668700
0.0010293391533195972,0.912925198674202,1.6606104373931885,5350400,567,668800
0.027952374890446663,0.8861593902111053,1.714085578918457,5351200,567,668900
0.0026336342561990023,0.5756134986877441,1.649311900138855,5352000,567,669000
0.018190773203969002,0.893271341919899,1.6599466800689697,5352800,567,669100
0.0008706172811798751,0.9936633864417672,1.7118990421295166,5353600,567,669200
0.0030178604647517204,0.9706252403557301,1.4060583114624023,5354400,567,669300
0.0008584919851273298,0.9899895954877138,1.6394431591033936,5355200,567,669400
0.004955379292368889,0.4412710666656494,1.544216513633728,5356000,567,669500
0.0011376215843483806,0.9158917888998985,1.4187031984329224,5356800,567,669600
0.04083836078643799,0.336103618144989,1.0223708152770996,5357600,567,669700
0.0011592991650104523,0.9912776276469231,1.6126046180725098,5358400,567,669800
0.026890583336353302,-0.02784907817840576,1.447413682937622,5359200,567,669900
0.029854318127036095,0.44226980209350586,1.5467305183410645,5360000,567,670000
0.0038292938843369484,0.9820086024701595,1.6248077154159546,5360800,567,670100
0.006039188243448734,0.7837198376655579,1.6063178777694702,5361600,567,670200
0.0004248709592502564,0.9588414542376995,1.685766577720642,5362400,567,670300
0.002605118788778782,0.9096445292234421,1.4284874200820923,5363200,567,670400
0.0006288110744208097,0.9931311910040677,1.4553520679473877,5364000,567,670500
0.00026407267432659864,0.9971678927540779,1.605304479598999,5364800,567,670600
0.006315927486866713,0.9113981053233147,1.3193150758743286,5365600,567,670700
0.00043768517207354307,0.9966193181462586,1.6839308738708496,5366400,567,670800
0.00041069986764341593,0.9626980423927307,1.7193126678466797,5367200,567,670900
0.0005433268961496651,0.9985277270898223,1.5980792045593262,5368000,567,671000
0.04954956844449043,-4.958141326904297,1.6202213764190674,5368800,567,671100
0.00024211587151512504,0.9847465753555298,1.54006028175354,5369600,567,671200
0.005732003133744001,0.9174211174249649,1.7108534574508667,5370400,567,671300
0.0052851466462016106,0.9533890597522259,1.4656671285629272,5371200,567,671400
0.0012984084896743298,0.7245835363864899,1.571425199508667,5372000,567,671500
0.00034950938425026834,0.9953892081975937,1.608121395111084,5372800,567,671600
0.0006517722504213452,0.9856707388535142,1.5647879838943481,5373600,567,671700
0.005058193113654852,0.8758371323347092,1.5963642597198486,5374400,567,671800
0.0030754636973142624,0.9716411624103785,1.6666326522827148,5375200,567,671900
0.00037966546369716525,0.9250967726111412,1.5989201068878174,5376000,567,672000
0.0008276714943349361,0.9400455243885517,1.7313697338104248,5376800,567,672100
0.001104516675695777,0.7312508821487427,1.6283222436904907,5377600,567,672200
0.003128455486148596,0.9357191175222397,1.64412522315979,5378400,567,672300
0.000420721888076514,0.8472994565963745,1.6933035850524902,5379200,567,672400
0.005954342428594828,0.7687201797962189,1.68687105178833,5380000,567,672500
0.0004979548393748701,0.9586287625133991,1.7237735986709595,5380800,567,672600
0.017516763880848885,0.6839557588100433,1.5782802104949951,5381600,567,672700
0.0017978254472836852,0.9874770669266582,1.6964111328125,5382400,567,672800
0.0020720993634313345,0.9841408114880323,1.6070150136947632,5383200,567,672900
0.0015107787912711501,0.7151752710342407,1.5910543203353882,5384000,567,673000
0.004770560655742884,0.9292203933000565,1.5215413570404053,5384800,567,673100
0.0005266249645501375,0.993957688100636,1.6987560987472534,5385600,567,673200
0.0030388853047043085,0.9266493245959282,1.5984742641448975,5386400,567,673300
0.001929644262418151,0.980011073872447,1.1310312747955322,5387200,567,673400
0.005547395907342434,0.6856180429458618,1.6932766437530518,5388000,567,673500
0.0004962472594343126,0.9353659600019455,1.500521183013916,5388800,567,673600
0.003264565486460924,0.9813140984624624,1.7377519607543945,5389600,567,673700
0.0016308953054249287,0.566219836473465,1.596822738647461,5390400,567,673800
0.0023075779899954796,0.9714113008230925,1.5999093055725098,5391200,567,673900
0.0007289872737601399,0.8594317585229874,1.7417404651641846,5392000,567,674000
0.004273226484656334,0.9638067297637463,1.653558611869812,5392800,567,674100
0.0001495868491474539,0.9981539816362783,1.7730871438980103,5393600,567,674200
0.0008323960355482996,0.5991808772087097,1.6365715265274048,5394400,567,674300
0.0022589191794395447,0.942539419978857,1.6883403062820435,5395200,567,674400
0.0007183427223935723,0.9591981060802937,1.7291831970214844,5396000,567,674500
0.0027935539837926626,0.6869179606437683,1.7309322357177734,5396800,567,674600
0.0064240433275699615,0.24554604291915894,1.6768279075622559,5397600,567,674700
0.00036351598100736737,0.9861994199454784,1.5959725379943848,5398400,567,674800
0.0008589060744270682,0.9536745138466358,1.6049025058746338,5399200,567,674900
0.010497884824872017,0.860154002904892,1.5469255447387695,5400000,567,675000
0.001413638237863779,0.9927623732946813,1.2702300548553467,5400800,567,675100
0.004815113730728626,0.9004134833812714,1.3735082149505615,5401600,567,675200
0.0061806682497262955,0.9597021788358688,1.589900255203247,5402400,567,675300
0.010631302371621132,0.9720138963311911,1.4849944114685059,5403200,567,675400
0.003419142449274659,0.7753310948610306,0.8713811635971069,5404000,567,675500
0.03020329214632511,0.8039116710424423,1.7405385971069336,5404800,567,675600
0.0023665798362344503,0.9119541570544243,1.7528126239776611,5405600,567,675700
0.044486429542303085,0.5627630054950714,1.6575418710708618,5406400,567,675800
0.0012569671962410212,0.6874826550483704,1.6755626201629639,5407200,567,675900
0.0029829361010342836,0.9666483961045742,1.2024476528167725,5408000,567,676000
0.0013915813760831952,0.983590068295598,1.4692134857177734,5408800,567,676100
0.0030065474566072226,0.9814307540655136,1.7775112390518188,5409600,567,676200
0.0019685407169163227,0.25294995307922363,1.7700207233428955,5410400,567,676300
0.003909647930413485,0.9608906507492065,1.4872400760650635,5411200,567,676400
0.01261807419359684,0.8780076876282692,1.574513554573059,5412000,567,676500
0.0013796479906886816,0.9870214033871889,1.6875898838043213,5412800,567,676600
0.01667322777211666,0.6229909956455231,1.370304822921753,5413600,567,676700
0.029873279854655266,-2.250633716583252,1.3661139011383057,5414400,567,676800
0.016661226749420166,0.13245660066604614,1.5058634281158447,5415200,567,676900
0.0010150460293516517,0.8320819437503815,1.6937966346740723,5416000,567,677000
0.0037763442378491163,-1.3644957542419434,1.524657964706421,5416800,567,677100
0.0035635142121464014,0.9651991091668606,1.6254909038543701,5417600,567,677200
0.00029775514849461615,0.9958044649101794,1.7106783390045166,5418400,567,677300
0.0015191447455435991,0.9904336743056774,1.67984139919281,5419200,567,677400
0.0025104121305048466,0.9237024635076523,1.641035795211792,5420000,567,677500
0.00047534136683680117,0.6028957962989807,1.628596544265747,5420800,567,677600
0.005914296954870224,0.6583861410617828,1.6629219055175781,5421600,567,677700
0.0026448280550539494,0.9730158858001232,1.7123582363128662,5422400,567,677800
0.004912378266453743,0.820430114865303,1.4514007568359375,5423200,567,677900
0.0015695680631324649,0.9259506464004517,1.6064329147338867,5424000,567,678000
0.005199764855206013,0.9587716422975063,1.5103623867034912,5424800,567,678100
0.0025028656236827374,0.9725479166954756,1.3114631175994873,5425600,567,678200
0.0008046653820201755,0.9543840549886227,1.54520845413208,5426400,567,678300
0.030065760016441345,-2.935502529144287,0.7910420298576355,5427200,567,678400
0.0009994539432227612,0.9864741517230868,1.7753044366836548,5428000,567,678500
0.002115899231284857,0.5466278195381165,1.7131904363632202,5428800,567,678600
0.0018074540421366692,0.9878437770530581,1.5018341541290283,5429600,567,678700
0.0024173539131879807,0.9493492841720581,1.5863713026046753,5430400,567,678800
0.001278059440664947,0.92064418643713,1.5802677869796753,5431200,567,678900
0.00531826913356781,0.746306836605072,1.4545824527740479,5432000,567,679000
0.021401531994342804,0.28354495763778687,1.6225218772888184,5432800,567,679100
0.015776103362441063,-2.3083508014678955,1.4749784469604492,5433600,567,679200
0.02711096964776516,0.05147695541381836,1.2764196395874023,5434400,567,679300
0.008603759109973907,-0.09843015670776367,1.2251954078674316,5435200,567,679400
0.0001293954555876553,0.9992667422047816,1.7340807914733887,5436000,567,679500
0.001847603591158986,0.727759063243866,1.7262744903564453,5436800,567,679600
0.00073000299744308,0.9945196006447077,1.5097832679748535,5437600,567,679700
0.0018829386681318283,0.9800106082111597,1.7302989959716797,5438400,567,679800
0.05768262967467308,-0.0785752534866333,1.3701629638671875,5439200,567,679900
0.001214733812958002,0.9547007568180561,1.6547986268997192,5440000,567,680000
0.0036022469867020845,0.4686340093612671,1.0502960681915283,5440800,567,680100
0.0010319211287423968,0.9905243264511228,1.7148010730743408,5441600,567,680200
0.011602893471717834,0.8331924974918365,1.5559296607971191,5442400,567,680300
0.001532736117951572,0.9107983931899071,1.4121332168579102,5443200,567,680400
0.005262359045445919,0.9598086029291153,1.5109927654266357,5444000,567,680500
0.0002130795910488814,0.9982660752721131,1.7172248363494873,5444800,567,680600
0.0006108604138717055,0.9940502974204719,1.3782557249069214,5445600,567,680700
0.0012764789862558246,0.9731484930962324,1.5843868255615234,5446400,567,680800
0.002295855665579438,0.9758378081023693,1.7400966882705688,5447200,567,680900
0.0015215774765238166,0.9102265015244484,1.5343519449234009,5448000,567,681000
0.000859455787576735,0.796246737241745,1.7275974750518799,5448800,567,681100
0.0006203121738508344,0.968889556825161,1.578424096107483,5449600,567,681200
0.0005824127583764493,0.9724641628563404,1.7113572359085083,5450400,567,681300
0.011711029335856438,0.7935804426670074,1.5622525215148926,5451200,567,681400
0.0035348269157111645,0.9662362150847912,1.7031879425048828,5452000,567,681500
0.0039665549993515015,0.9751899465918541,1.5545470714569092,5452800,567,681600
0.00019575527403503656,0.9974806532263756,1.7628469467163086,5453600,567,681700
0.0005897220689803362,0.9936574795283377,1.6494131088256836,5454400,567,681800
0.010458151809871197,0.9463540390133858,1.6710141897201538,5455200,567,681900
0.0012622291687875986,0.990195500664413,1.7549304962158203,5456000,567,682000
0.006673578638583422,0.5084072947502136,1.5683035850524902,5456800,567,682100
0.00036368941073305905,0.9065042361617088,1.711153507232666,5457600,567,682200
0.00037579319905489683,0.9950962918810546,1.6651451587677002,5458400,567,682300
0.0009595643496140838,0.9682431295514107,1.4363503456115723,5459200,567,682400
0.001827808446250856,0.9752481356263161,1.4244847297668457,5460000,567,682500
0.010574827902019024,-0.03409719467163086,1.4611966609954834,5460800,567,682600
0.0012738360092043877,0.9359459951519966,1.6658358573913574,5461600,567,682700
0.011229664087295532,0.310962438583374,1.5125683546066284,5462400,567,682800
0.00035940101952292025,0.7146620154380798,1.7738604545593262,5463200,567,682900
0.0005076431552879512,0.9959993241354823,1.677278757095337,5464000,567,683000
0.008223079144954681,0.8886394873261452,1.485411524772644,5464800,567,683100
0.005529779475182295,0.9335988759994507,1.3502447605133057,5465600,567,683200
0.0010785675840452313,0.9800112377852201,1.6512311697006226,5466400,567,683300
0.024359820410609245,-7.038127899169922,1.517012596130371,5467200,567,683400
0.0025628353469073772,0.9788270629942417,1.5029966831207275,5468000,567,683500
0.0007914364105090499,0.9772575329989195,1.6463854312896729,5468800,567,683600
0.0022351155057549477,0.964347742497921,1.4582115411758423,5469600,567,683700
0.0031115522142499685,0.9901270093396306,1.3902288675308228,5470400,567,683800
0.0016168011352419853,0.961129155009985,1.6493191719055176,5471200,567,683900
0.0022090370766818523,0.8990035131573677,1.1311509609222412,5472000,567,684000
0.002292869845405221,0.9341092705726624,1.579093337059021,5472800,567,684100
0.004897797480225563,0.8869282379746437,1.4156904220581055,5473600,567,684200
0.0035293088294565678,0.8715946078300476,1.4914097785949707,5474400,567,684300
0.005685469601303339,0.3668403625488281,1.356170654296875,5475200,567,684400
0.0028845551423728466,0.45759475231170654,1.6938368082046509,5476000,567,684500
0.02230832353234291,0.3281288146972656,1.7211707830429077,5476800,567,684600
0.006596136372536421,0.2616156339645386,1.6069822311401367,5477600,567,684700
0.002674615941941738,-5.103891849517822,1.7446449995040894,5478400,567,684800
0.02041458524763584,0.6501103639602661,1.7478623390197754,5479200,567,684900
0.0002688639797270298,0.8369936048984528,1.6640045642852783,5480000,567,685000
0.002630020957440138,0.9744965936988592,1.4753409624099731,5480800,567,685100
0.0002518128603696823,0.9823944997042418,1.4418882131576538,5481600,567,685200
0.0055915601551532745,0.8248650133609772,1.6922831535339355,5482400,567,685300
0.0014149165945127606,0.9819662775844336,1.6407067775726318,5483200,567,685400
0.0007644063443876803,0.9934081844985485,1.7356603145599365,5484000,567,685500
0.0010036908788606524,0.9910684945061803,1.7166374921798706,5484800,567,685600
0.018116837367415428,0.6700892150402069,1.5917274951934814,5485600,567,685700
0.004012111574411392,0.9430024437606335,1.7068144083023071,5486400,567,685800
0.0014306186931207776,0.9731042236089706,1.6738924980163574,5487200,567,685900
0.0009546594228595495,0.9838346596807241,1.6166713237762451,5488000,567,686000
0.001053035375662148,0.9069719240069389,1.6115859746932983,5488800,567,686100
0.0005412042373791337,0.9635956138372421,1.4959574937820435,5489600,567,686200
0.005710955709218979,0.9832054302096367,1.7142789363861084,5490400,567,686300
0.07067157328128815,-0.06901931762695312,1.6339106559753418,5491200,567,686400
0.002035469049587846,0.9862801730632782,1.5840725898742676,5492000,567,686500
0.0015074997209012508,0.8060768246650696,1.4212863445281982,5492800,567,686600
0.05385061725974083,-0.41265571117401123,1.6186407804489136,5493600,567,686700
0.025995122268795967,0.7123507559299469,1.6700602769851685,5494400,567,686800
0.00403676088899374,0.76837058365345,1.6552023887634277,5495200,567,686900
0.00028145936084911227,0.925747774541378,1.7531917095184326,5496000,567,687000
0.0003563673235476017,0.8635842055082321,1.6767065525054932,5496800,567,687100
0.0006241915980353951,0.9748376347124577,1.526260495185852,5497600,567,687200
0.003279044758528471,0.8704908788204193,1.6028116941452026,5498400,567,687300
0.00027160366880707443,0.9958996078930795,1.3338971138000488,5499200,567,687400
0.06363458931446075,0.4531358480453491,1.5940438508987427,5500000,567,687500
0.0054662576876580715,-2.607917547225952,1.7506041526794434,5500800,567,687600
0.000721271091606468,0.9955523908138275,1.7585725784301758,5501600,567,687700
0.0003970107063651085,0.9960911516100168,1.6476154327392578,5502400,567,687800
0.0025475649163126945,0.968810060992837,1.4180541038513184,5503200,567,687900
0.0006310794851742685,0.9936343161389232,1.73460054397583,5504000,567,688000
0.001373455859720707,0.929089717566967,1.471210241317749,5504800,567,688100
0.0008762998622842133,0.9925937773659825,1.7368592023849487,5505600,567,688200
0.0019171875901520252,0.9896619254723191,1.5418875217437744,5506400,567,688300
0.0014414471806958318,0.9599313996732235,1.6834362745285034,5507200,567,688400
0.006033077370375395,0.9537233412265778,1.5323816537857056,5508000,567,688500
0.03410874679684639,0.2714146375656128,1.7036023139953613,5508800,567,688600
0.0013785073533654213,0.9141924381256104,1.751479148864746,5509600,567,688700
0.0007609131862409413,0.9947320437058806,1.7507824897766113,5510400,567,688800
0.009280689992010593,0.8407414108514786,1.6860380172729492,5511200,567,688900
0.08391109108924866,-1.4668481349945068,1.513448715209961,5512000,567,689000
0.0015864643501117826,0.9892291370779276,1.2413994073867798,5512800,567,689100
0.029115717858076096,0.8592732697725296,1.6622960567474365,5513600,567,689200
0.01871528849005699,0.8461699485778809,1.3944969177246094,5514400,567,689300
0.006354840472340584,0.7298721373081207,1.5888020992279053,5515200,567,689400
0.007393277250230312,-1.164231777191162,1.508089542388916,5516000,567,689500
0.0005865368875674903,0.995248582214117,1.6388800144195557,5516800,567,689600
0.006130983587354422,0.24986106157302856,1.509697675704956,5517600,567,689700
0.00035854364978149533,0.9934474676847458,1.5782777070999146,5518400,567,689800
0.0038503147661685944,0.9842685982584953,1.6894748210906982,5519200,567,689900
0.0005770900170318782,0.9977208012714982,1.7411386966705322,5520000,567,690000
0.004569315817207098,0.9245805069804192,1.557506799697876,5520800,567,690100
0.0007521322113461792,0.6084266602993011,1.456516981124878,5521600,567,690200
0.0008016492938622832,0.5496565103530884,1.7600247859954834,5522400,567,690300
0.0055795693770051,-1.2285652160644531,1.6715519428253174,5523200,567,690400
0.014639931730926037,0.9340576305985451,1.5442733764648438,5524000,567,690500
0.0015100430464372039,0.9239853695034981,1.3928136825561523,5524800,567,690600
0.0004095570766367018,0.8930951431393623,1.3624446392059326,5525600,567,690700
0.0029993844218552113,0.9211160466074944,1.485824465751648,5526400,567,690800
0.0016920996131375432,0.9670046083629131,1.3698744773864746,5527200,567,690900
0.00037523481296375394,0.9960251809097826,1.596358060836792,5528000,567,691000
0.0010521692456677556,0.9949204218573868,1.648327350616455,5528800,567,691100
0.0023554200306534767,0.7846994549036026,1.7094602584838867,5529600,567,691200
0.002340407809242606,0.9646962322294712,1.6803946495056152,5530400,567,691300
0.0007292408845387399,0.9229889586567879,1.5522122383117676,5531200,567,691400
0.00651624146848917,0.5981665253639221,1.5581839084625244,5532000,567,691500
0.0018478413112461567,-0.275911808013916,1.6932218074798584,5532800,567,691600
0.019840147346258163,0.8590187132358551,1.69722580909729,5533600,567,691700
0.00046443985775113106,0.9862174363806844,1.5686635971069336,5534400,567,691800
0.0018387596355751157,0.9079277887940407,1.7063982486724854,5535200,567,691900
0.0004528096760623157,0.9960751826874912,1.2683491706848145,5536000,567,692000
0.002090828726068139,0.9736247714608908,1.7395586967468262,5536800,567,692100
0.0013955531176179647,0.9627979062497616,1.5834813117980957,5537600,567,692200
0.03293198347091675,0.7955653816461563,1.165569543838501,5538400,567,692300
9.037143900059164e-05,0.999582917051157,1.7707405090332031,5539200,567,692400
0.002023225650191307,0.9829518049955368,1.6487209796905518,5540000,567,692500
0.0004210555925965309,0.9954871470108628,1.674690842628479,5540800,567,692600
0.001317323069088161,0.9027831926941872,1.6085232496261597,5541600,567,692700
0.0011332581052556634,0.987545003183186,1.626881718635559,5542400,567,692800
0.0027971933595836163,0.9781280420720577,1.6342506408691406,5543200,567,692900
0.0012147481320425868,0.9938892046920955,1.6297270059585571,5544000,567,693000
0.0006346977315843105,0.9693891759961843,1.7208973169326782,5544800,567,693100
0.002935111988335848,0.8039818555116653,1.6663787364959717,5545600,567,693200
0.002562590641900897,0.8946171179413795,1.6999691724777222,5546400,567,693300
0.00238975347019732,0.4813232421875,1.6127512454986572,5547200,567,693400
0.00703859468922019,0.728244423866272,1.598107099533081,5548000,567,693500
0.0035446230322122574,0.9736794158816338,1.6672090291976929,5548800,567,693600
0.0012029859935864806,0.9893535105511546,1.7234852313995361,5549600,567,693700
0.00875275582075119,0.792250394821167,1.5424635410308838,5550400,567,693800
0.0006865382893010974,0.8889967650175095,1.7521965503692627,5551200,567,693900
0.000855655875056982,0.9969525861088187,1.7352056503295898,5552000,567,694000
0.0007944061071611941,0.9846933651715517,1.7180380821228027,5552800,567,694100
0.00362416566349566,0.7994789630174637,1.4827187061309814,5553600,567,694200
0.005109183024615049,0.8171485960483551,1.6066242456436157,5554400,567,694300
0.0007042199140414596,0.9817235562950373,1.5689464807510376,5555200,567,694400
0.003422456094995141,0.970963018015027,1.2444080114364624,5556000,567,694500
0.0032487583812326193,0.9566698521375656,1.583175539970398,5556800,567,694600
0.000605034118052572,0.9960146537050605,1.66182279586792,5557600,567,694700
0.0014247921062633395,0.9903803858906031,1.5235707759857178,5558400,567,694800
0.0003501089522615075,0.9583413898944855,1.67047119140625,5559200,567,694900
0.059024520218372345,-0.899988055229187,1.5103700160980225,5560000,567,695000
0.0027658024337142706,0.9846569243818521,1.4919044971466064,5560800,567,695100
0.009556341916322708,-1.1674327850341797,1.506312370300293,5561600,567,695200
0.0023969183675944805,0.9583509378135204,1.336627721786499,5562400,567,695300
0.0011371076107025146,0.8045552372932434,1.750771164894104,5563200,567,695400
0.001709404168650508,-0.20068061351776123,1.5554993152618408,5564000,567,695500
0.0011858911020681262,0.9197235554456711,1.5743129253387451,5564800,567,695600
0.004378641024231911,0.9590924419462681,1.6942026615142822,5565600,567,695700
0.0025169963482767344,0.8227559328079224,1.457930564880371,5566400,567,695800
0.0026555508375167847,0.9828196745365858,1.616685152053833,5567200,567,695900
0.0003193250740878284,0.8374574184417725,1.7550945281982422,5568000,567,696000
0.00032068853033706546,0.9049944579601288,1.7427115440368652,5568800,567,696100
0.008129258640110493,0.9801619090139866,1.630265235900879,5569600,567,696200
0.0021117152646183968,0.9807046875357628,1.4905064105987549,5570400,567,696300
0.0002531620557419956,0.8669847548007965,1.7411437034606934,5571200,567,696400
0.006243839859962463,0.5461039245128632,1.6117583513259888,5572000,567,696500
0.00111790478695184,0.9869764279574156,1.4649215936660767,5572800,567,696600
0.0011427021818235517,0.8752974793314934,1.7441390752792358,5573600,567,696700
0.00023142002464737743,0.9734437298029661,1.738110065460205,5574400,567,696800
0.009072685614228249,0.951133981347084,1.2572598457336426,5575200,567,696900
0.007420801557600498,0.9080899283289909,1.4163799285888672,5576000,567,697000
0.0038974983617663383,0.8117938935756683,1.7117457389831543,5576800,567,697100
0.0058347927406430244,0.961621381342411,1.7467106580734253,5577600,567,697200
0.00020640624279621989,0.9978399418760091,1.6318936347961426,5578400,567,697300
0.0771196037530899,-0.24021756649017334,1.608079195022583,5579200,567,697400
0.005323570221662521,0.48538994789123535,1.5896121263504028,5580000,567,697500
0.002586641348898411,0.9708177112042904,1.330480933189392,5580800,567,697600
0.003967332653701305,0.6775011122226715,1.6465530395507812,5581600,567,697700
0.0008901949040591717,0.98241869173944,1.5403258800506592,5582400,567,697800
0.002898312406614423,0.9654493182897568,1.4962984323501587,5583200,567,697900
0.028107255697250366,-0.6919369697570801,1.212496042251587,5584000,567,698000
0.005310360342264175,0.917449451982975,1.702622413635254,5584800,567,698100
0.011807834729552269,0.9465681575238705,1.6149609088897705,5585600,567,698200
0.004214917775243521,0.9835580717772245,1.552270770072937,5586400,567,698300
0.0072171445935964584,0.9354663863778114,1.7694309949874878,5587200,567,698400
0.0006548006786033511,0.9767263997346163,1.7207077741622925,5588000,567,698500
0.0010356755228713155,0.9975339430384338,1.721559762954712,5588800,567,698600
0.0025211567990481853,0.9384935311973095,1.7055554389953613,5589600,567,698700
0.0018227705731987953,0.9940205570310354,1.6855440139770508,5590400,567,698800
0.001009093364700675,0.8134704828262329,1.6135385036468506,5591200,567,698900
0.001623234013095498,0.9565181881189346,1.5921015739440918,5592000,567,699000
0.008063171058893204,0.908954307436943,1.4938806295394897,5592800,567,699100
0.0008687138324603438,0.9556336142122746,1.558377981185913,5593600,567,699200
0.0029247794300317764,0.9817207753658295,1.7173652648925781,5594400,567,699300
0.004976377822458744,0.6738347113132477,1.7208054065704346,5595200,567,699400
0.0006540439208038151,0.9968098870012909,1.742999792098999,5596000,567,699500
0.001823541591875255,0.8046907782554626,1.5253852605819702,5596800,567,699600
0.0025897712912410498,0.9758607596158981,1.5711077451705933,5597600,567,699700
0.0003215144097339362,0.9690696503967047,1.36078941822052,5598400,567,699800
0.0010354164987802505,0.9582986459136009,1.5239225625991821,5599200,567,699900
0.002255799248814583,0.9799428936094046,1.4994771480560303,5600000,567,700000
0.0006322548724710941,0.9967263040598482,1.6480457782745361,5600800,567,700100
0.0009777769446372986,0.9894499192014337,1.667797327041626,5601600,567,700200
0.011248474940657616,0.8459533154964447,1.349318504333496,5602400,567,700300
0.0014950192999094725,0.9887111000716686,1.605501651763916,5603200,567,700400
0.0003454949182923883,0.4280371069908142,1.6802220344543457,5604000,567,700500
0.004706439562141895,0.9641770124435425,1.6759220361709595,5604800,567,700600
0.003195943310856819,0.8636376559734344,1.6022522449493408,5605600,567,700700
0.007397513370960951,0.5576434433460236,1.6475739479064941,5606400,567,700800
0.002013092627748847,0.9856458744034171,1.5053802728652954,5607200,567,700900
0.011252975091338158,0.8098105639219284,1.6445167064666748,5608000,567,701000
0.0015111776301637292,0.6026627123355865,1.6987404823303223,5608800,567,701100
0.004042730201035738,0.9446030035614967,1.5329567193984985,5609600,567,701200
0.0003625145764090121,0.9984707806725055,1.7389607429504395,5610400,567,701300
0.0009656932088546455,0.9947702097706497,1.697898268699646,5611200,567,701400
0.015506002120673656,0.9459569975733757,1.5274310111999512,5612000,567,701500
0.003768528811633587,0.9373994171619415,1.417625904083252,5612800,567,701600
0.000435626192484051,0.9751412738114595,1.6516938209533691,5613600,567,701700
0.07589568942785263,0.45261281728744507,1.3126548528671265,5614400,567,701800
0.006061063148081303,0.9149377048015594,1.6634836196899414,5615200,567,701900
0.008653667755424976,0.9130327627062798,1.6174885034561157,5616000,567,702000
0.00203675776720047,0.9698000587522984,1.570521354675293,5616800,567,702100
0.00023166605387814343,0.9977363660000265,1.667926549911499,5617600,567,702200
0.0017372367437928915,0.9834573399275541,1.682860016822815,5618400,567,702300
0.0007107921410351992,0.985934142023325,1.7054293155670166,5619200,567,702400
0.0029091581236571074,0.6429767906665802,1.652608036994934,5620000,567,702500
0.0009399129776284099,0.9256190359592438,1.6985740661621094,5620800,567,702600
0.0012464916799217463,0.9495893903076649,1.6715288162231445,5621600,567,702700
0.0025469730608165264,0.9535057805478573,1.4994181394577026,5622400,567,702800
0.008296312764286995,0.667379766702652,1.491760015487671,5623200,567,702900
0.004430543631315231,0.29755914211273193,1.625520944595337,5624000,567,703000
0.004872849676758051,0.6124154031276703,1.7423479557037354,5624800,567,703100
0.0013146190904080868,0.8113038688898087,1.5989723205566406,5625600,567,703200
0.0005471750046126544,0.9824742022901773,1.5967966318130493,5626400,567,703300
0.008504209108650684,0.9078914374113083,1.332771897315979,5627200,567,703400
0.0031423275358974934,0.7440671026706696,1.3666170835494995,5628000,567,703500
0.0016987232957035303,0.9573054686188698,1.745732069015503,5628800,567,703600
0.000736551359295845,0.9742402695119381,1.7119826078414917,5629600,567,703700
0.0004407929955050349,0.9975332855246961,1.7307190895080566,5630400,567,703800
0.0004591857723426074,0.5476426780223846,1.7206590175628662,5631200,567,703900
0.0018362062983214855,0.9898464418947697,1.7464940547943115,5632000,567,704000
0.005616556853055954,0.9632255658507347,1.5908584594726562,5632800,567,704100
0.0003979811735916883,0.9960918817669153,1.644147515296936,5633600,567,704200
0.0035386348608881235,0.9811009895056486,1.6793938875198364,5634400,567,704300
0.0018278727075085044,0.8408127278089523,1.4774539470672607,5635200,567,704400
0.016307808458805084,0.6371905207633972,1.5559792518615723,5636000,567,704500
0.002582492306828499,0.9188023954629898,1.1757278442382812,5636800,567,704600
0.0009949669474735856,0.927888497710228,1.6161515712738037,5637600,567,704700
0.018418213352560997,0.8863901942968369,1.5475915670394897,5638400,567,704800
0.0023462604731321335,0.9896957417950034,1.5296567678451538,5639200,567,704900
0.0029735034331679344,-1.1360721588134766,1.7243032455444336,5640000,567,705000
0.014307058416306973,0.43306946754455566,1.5425710678100586,5640800,567,705100
0.002434752881526947,0.9818359054625034,1.4472870826721191,5641600,567,705200
0.005758540239185095,0.9642977751791477,1.6666009426116943,5642400,567,705300
0.00044662656728178263,0.9627955257892609,1.5572874546051025,5643200,567,705400
0.0008328943513333797,0.9930471451953053,1.755797028541565,5644000,567,705500
0.00638338178396225,0.7127547264099121,1.3988373279571533,5644800,567,705600
0.00216276734136045,0.7165668606758118,1.5737310647964478,5645600,567,705700
0.000800137990154326,0.9940396058373153,1.6948308944702148,5646400,567,705800
0.001013224245980382,0.9959166189655662,1.70364511013031,5647200,567,705900
0.0012704695109277964,0.9959667148068547,1.741673231124878,5648000,567,706000
0.0014445511624217033,0.9861610159277916,1.6345690488815308,5648800,567,706100
0.0020215946715325117,0.963514432311058,1.724979043006897,5649600,567,706200
0.0018849967746064067,0.9765449240803719,1.5021374225616455,5650400,567,706300
0.003922080155462027,0.9773906115442514,1.445530652999878,5651200,567,706400
0.0026550607290118933,0.652122288942337,1.3573582172393799,5652000,567,706500
0.0008939942345023155,0.9833868853747845,1.4424915313720703,5652800,567,706600
0.0030357777141034603,0.26726585626602173,1.514216423034668,5653600,567,706700
0.007219033781439066,0.18781769275665283,1.6583482027053833,5654400,567,706800
0.07629245519638062,0.160891592502594,1.5886859893798828,5655200,567,706900
0.0011721663177013397,0.9448756948113441,1.7268271446228027,5656000,567,707000
0.00044224661542102695,0.9916477156803012,1.6399873495101929,5656800,567,707100
0.0005374306929297745,0.9948274330236018,1.6984003782272339,5657600,567,707200
0.0019712874200195074,0.9834051392972469,1.4419372081756592,5658400,567,707300
0.01092813815921545,0.9416077397763729,1.3004930019378662,5659200,567,707400
0.000909377820789814,0.9906002981588244,1.5867923498153687,5660000,567,707500
0.002857124898582697,0.9711195938289165,1.6472182273864746,5660800,567,707600
0.000600374594796449,0.9855516934767365,1.4086415767669678,5661600,567,707700
0.00026282615726813674,0.9958367259241641,1.36441969871521,5662400,567,707800
0.0004946375265717506,0.8728884905576706,1.7070682048797607,5663200,567,707900
0.018026433885097504,0.7096979916095734,1.6934163570404053,5664000,567,708000
0.03657223656773567,0.7498518824577332,1.4486737251281738,5664800,567,708100
0.0023853459861129522,0.9770786184817553,1.4069896936416626,5665600,567,708200
0.0029199873097240925,0.3799971342086792,1.4909539222717285,5666400,567,708300
0.00030463311122730374,0.9779281001538038,1.7420036792755127,5667200,567,708400
0.00045029097236692905,0.9950040206313133,1.7508552074432373,5668000,567,708500
0.0013638606760650873,0.9577392414212227,1.4458668231964111,5668800,567,708600
0.005686801392585039,0.9037164598703384,1.4767476320266724,5669600,567,708700
0.00306371389888227,0.9543261788785458,1.5122363567352295,5670400,567,708800
0.004130939021706581,0.7200388312339783,1.451529860496521,5671200,567,708900
0.00375173008069396,0.765180915594101,1.2370946407318115,5672000,567,709000
0.0012582901399582624,0.9233102649450302,1.3808424472808838,5672800,567,709100
0.0011595955584198236,0.9910313943400979,1.6592193841934204,5673600,567,709200
0.0018030222272500396,0.7676638811826706,1.5159275531768799,5674400,567,709300
0.0034314945805817842,0.9867301285266876,1.0930593013763428,5675200,567,709400
0.002840012311935425,0.984667100943625,1.6079401969909668,5676000,567,709500
0.0018610844854265451,0.9854917349293828,1.665099024772644,5676800,567,709600
0.010466053150594234,0.9247899577021599,1.5902642011642456,5677600,567,709700
0.001811315305531025,0.9822730459272861,1.7221251726150513,5678400,567,709800
0.0009752047481015325,-3.610273838043213,1.6418967247009277,5679200,567,709900
0.0016429502284154296,0.9140396565198898,1.7555447816848755,5680000,567,710000
0.0012839814880862832,0.9641187340021133,1.2442634105682373,5680800,567,710100
0.004920250736176968,0.8948301523923874,1.5203075408935547,5681600,567,710200
0.023211462423205376,-0.6733827590942383,1.5411039590835571,5682400,567,710300
0.001822016667574644,0.9569790922105312,1.6216256618499756,5683200,567,710400
0.001235438510775566,0.9833547435700893,1.4727935791015625,5684000,567,710500
0.004712017718702555,0.9684687182307243,1.5122661590576172,5684800,567,710600
0.0009124723728746176,0.9957640403881669,1.1853985786437988,5685600,567,710700
0.002121150493621826,0.9488776922225952,1.701965093612671,5686400,567,710800
0.0005412701866589487,0.9862565044313669,1.3634604215621948,5687200,567,710900
0.0012209617998450994,0.9662394113838673,1.652442216873169,5688000,567,711000
0.0066794357262551785,0.8569968491792679,1.4623749256134033,5688800,567,711100
0.004620280582457781,0.9780354518443346,1.5046122074127197,5689600,567,711200
0.03374789282679558,0.2025347352027893,1.735163688659668,5690400,567,711300
0.0004632438358385116,0.8883542269468307,1.6958823204040527,5691200,567,711400
0.0013667542953044176,0.9932851567864418,1.5574367046356201,5692000,567,711500
0.01070859469473362,-1.8101298809051514,1.5462136268615723,5692800,567,711600
0.0005004910053685308,0.9949288801290095,1.304804801940918,5693600,567,711700
0.0021636805031448603,0.9808951914310455,1.6566781997680664,5694400,567,711800
0.0004219099064357579,0.9955389224924147,1.5665860176086426,5695200,567,711900
0.0007355958223342896,0.9932796657085419,1.7722851037979126,5696000,567,712000
0.0003556403098627925,0.9914226420223713,1.6857271194458008,5696800,567,712100
0.001078945118933916,0.966443695127964,1.4349477291107178,5697600,567,712200
0.002717740833759308,0.9931225017644465,1.6954786777496338,5698400,567,712300
0.0006027391063980758,0.9931614892557263,1.530695915222168,5699200,567,712400
0.0002742535434663296,0.9955277750268579,1.7120364904403687,5700000,567,712500
0.07604830712080002,0.361868679523468,1.7362205982208252,5700800,567,712600
0.006418007425963879,0.9398605786263943,1.2168290615081787,5701600,567,712700
0.005531844217330217,0.5904796421527863,1.749781608581543,5702400,567,712800
0.0014532413333654404,0.9162368625402451,1.721420168876648,5703200,567,712900
0.0014322212664410472,0.9927223422564566,1.5144329071044922,5704000,567,713000
0.001781463623046875,0.7332431972026825,1.671415090560913,5704800,567,713100
0.002588188974186778,0.9786291420459747,1.7474710941314697,5705600,567,713200
0.00023334738216362894,0.9979243415873498,1.5748083591461182,5706400,567,713300
0.0016520876670256257,0.9822721052914858,1.400288701057434,5707200,567,713400
0.001609846018254757,0.9862594418227673,1.4805960655212402,5708000,567,713500
0.0005245840293355286,0.989280472509563,1.589249610900879,5708800,567,713600
0.0012986636720597744,0.9713087026029825,1.3796732425689697,5709600,567,713700
0.016156405210494995,0.221016526222229,1.6383624076843262,5710400,567,713800
0.00048704157234169543,0.9904749570414424,1.4391157627105713,5711200,567,713900
0.005109682213515043,0.9838209077715874,1.2495133876800537,5712000,567,714000
0.002171435859054327,0.9423230029642582,1.1764955520629883,5712800,567,714100
0.1811094880104065,0.01905149221420288,1.2371525764465332,5713600,567,714200
0.0015461475122720003,0.9836431406438351,1.5334233045578003,5714400,567,714300
0.000463711388874799,0.9945651758462191,1.7283337116241455,5715200,567,714400
0.0005701062036678195,0.9846761906519532,1.4050962924957275,5716000,567,714500
0.0008614248363301158,0.9896627757698298,1.5308411121368408,5716800,567,714600
0.007592951413244009,0.9519267082214355,1.4103789329528809,5717600,567,714700
0.002499327529221773,0.968462411314249,1.6794803142547607,5718400,567,714800
0.0013914027949795127,0.9286621063947678,1.0528717041015625,5719200,567,714900
0.0009960614843294024,0.9428867325186729,1.2814459800720215,5720000,567,715000
0.0005514452350325882,0.9986606501042843,1.579917550086975,5720800,567,715100
0.0010350124211981893,0.9932615263387561,1.7206729650497437,5721600,567,715200
0.0005201923777349293,0.8903404250741005,1.7243963479995728,5722400,567,715300
0.0017572736833244562,0.99076356459409,1.7003414630889893,5723200,567,715400
0.005321030970662832,0.3881447911262512,1.2539985179901123,5724000,567,715500
0.01219396572560072,0.7715157568454742,1.7131208181381226,5724800,567,715600
0.0016972660087049007,0.4871193766593933,1.3380602598190308,5725600,567,715700
0.0012341196415945888,0.9909533346071839,1.6761722564697266,5726400,567,715800
0.0014709081733599305,0.9820915292948484,1.3582899570465088,5727200,567,715900
0.0018375418148934841,-1.7286570072174072,1.6104557514190674,5728000,567,716000
0.0006859191926196218,0.9812297448515892,1.2266418933868408,5728800,567,716100
0.0011824807152152061,0.9893126292154193,1.5236637592315674,5729600,567,716200
0.0014243129407986999,0.9777778014540672,1.421743392944336,5730400,567,716300
0.0012218402698636055,0.9673854261636734,1.6538681983947754,5731200,567,716400
0.0008081883424893022,0.9946372113190591,1.5444340705871582,5732000,567,716500
0.02406180649995804,0.5213420391082764,1.7197468280792236,5732800,567,716600
0.00489014619961381,0.8277651816606522,1.249546766281128,5733600,567,716700
0.07065683603286743,-0.11375963687896729,1.6848556995391846,5734400,567,716800
0.002398243173956871,0.9004091322422028,1.3512301445007324,5735200,567,716900
0.006281773094087839,0.8422537446022034,1.5993317365646362,5736000,567,717000
0.00121068034786731,0.9915956370532513,1.7297005653381348,5736800,567,717100
0.0007405307842418551,0.9624090753495693,1.4875776767730713,5737600,567,717200
0.0013309635687619448,0.5961026847362518,1.54707670211792,5738400,567,717300
0.0012537311995401978,0.9079760164022446,0.9937564134597778,5739200,567,717400
0.0008650843519717455,0.9883552305400372,1.4514756202697754,5740000,567,717500
0.0037136725150048733,0.9657452702522278,1.3727185726165771,5740800,567,717600
0.000407547689974308,0.9884735019877553,1.3548938035964966,5741600,567,717700
0.0006654131575487554,0.9966108254157007,1.6354023218154907,5742400,567,717800
0.003145247232168913,0.43947118520736694,1.6389553546905518,5743200,567,717900
0.00012304075062274933,0.9987186085199937,1.7198461294174194,5744000,567,718000
0.007186521776020527,0.9332474395632744,1.1613762378692627,5744800,567,718100
0.00019953928131144494,0.9963331378530711,1.7335240840911865,5745600,567,718200
0.000422351760789752,0.9958383669145405,1.7105369567871094,5746400,567,718300
0.00020273911650292575,0.9947320516221225,1.5146701335906982,5747200,567,718400
0.004197661764919758,0.953175026923418,1.547515869140625,5748000,567,718500
0.0003812190261669457,0.9904952952638268,1.526285171508789,5748800,567,718600
0.001267666695639491,0.9871215242892504,1.4803569316864014,5749600,567,718700
0.0004002160276286304,0.994947480969131,1.5879318714141846,5750400,567,718800
0.00035870500141754746,0.9736723378300667,1.618595838546753,5751200,567,718900
0.004664647858589888,0.5612037181854248,1.6316397190093994,5752000,567,719000
0.0005311360582709312,0.964798741042614,1.506056547164917,5752800,567,719100
0.0006729252636432648,0.9583658538758755,1.6880412101745605,5753600,567,719200
0.0016614217311143875,0.9954594057053328,1.3904118537902832,5754400,567,719300
0.002260810462757945,0.9630971178412437,1.3861639499664307,5755200,567,719400
0.004311246797442436,0.9802647847682238,1.7343358993530273,5756000,567,719500
0.0020553437061607838,0.9842455647885799,1.501474380493164,5756800,567,719600
0.00047138205263763666,0.9972289123106748,1.7620673179626465,5757600,567,719700
0.0008520359406247735,0.9981689099222422,1.6029953956604004,5758400,567,719800
0.005342152900993824,0.8881131857633591,1.351584792137146,5759200,567,719900
0.0035971556790173054,0.9790636729449034,1.5810596942901611,5760000,567,720000
0.001078227418474853,0.9920729473233223,1.5038836002349854,5760800,567,720100
0.00031969870906323195,0.9825272019952536,1.6787526607513428,5761600,567,720200
0.006683125160634518,0.9597905017435551,1.2346357107162476,5762400,567,720300
0.001345951808616519,0.9748503267765045,1.7497093677520752,5763200,567,720400
0.0005400613881647587,0.9934153123758733,1.668002963066101,5764000,567,720500
0.0026917606592178345,0.9406527243554592,1.4588942527770996,5764800,567,720600
0.05788685753941536,0.7074821293354034,1.639357089996338,5765600,567,720700
0.0014930296456441283,0.9487176015973091,1.3654627799987793,5766400,567,720800
0.000565182650461793,0.9887872980907559,1.7055604457855225,5767200,567,720900
0.0025750554632395506,0.9809032324701548,1.6738723516464233,5768000,567,721000
9.806655725697055e-05,0.9915462285280228,1.668980360031128,5768800,567,721100
0.0008492525084875524,0.9762249905616045,1.4277887344360352,5769600,567,721200
0.0013878182508051395,0.9158402681350708,1.6696693897247314,5770400,567,721300
0.0008069589966908097,0.8303463011980057,1.6362736225128174,5771200,567,721400
0.0015655343886464834,0.987630938179791,1.4967114925384521,5772000,567,721500
0.00017895549535751343,0.9702191259711981,1.4102072715759277,5772800,567,721600
0.0012207500403746963,0.9514473453164101,1.6903071403503418,5773600,567,721700
0.0036530867218971252,0.616475522518158,1.4754014015197754,5774400,567,721800
0.031675469130277634,0.6393579244613647,1.4823740720748901,5775200,567,721900
0.0010151591850444674,0.987886973656714,1.4851984977722168,5776000,567,722000
0.0029945143032819033,0.9937777020968497,1.6849546432495117,5776800,567,722100
0.0009091991232708097,0.9900410873815417,1.604308843612671,5777600,567,722200
0.0004902754444628954,0.9949006335809827,1.7038028240203857,5778400,567,722300
0.0014577967813238502,0.9597684592008591,1.3187894821166992,5779200,567,722400
0.0019505061209201813,0.9745574332773685,1.3854340314865112,5780000,567,722500
0.000841590401250869,0.9918156573548913,1.285081148147583,5780800,567,722600
0.0026317185256630182,0.9120851904153824,1.415714144706726,5781600,567,722700
0.0006068245274946094,0.9944771518930793,1.130819320678711,5782400,567,722800
0.0016357230488210917,0.9513025209307671,1.4312189817428589,5783200,567,722900
0.0022884169593453407,0.9790437147021294,1.3109169006347656,5784000,567,723000
0.0031143557280302048,0.8139398247003555,1.3867336511611938,5784800,567,723100
0.004319644533097744,0.9591103717684746,1.6628170013427734,5785600,567,723200
0.0005150063661858439,0.8458837121725082,1.7578705549240112,5786400,567,723300
0.0011141682043671608,0.985155631788075,1.321054458618164,5787200,567,723400
0.0002463816199451685,0.9917042031884193,1.4446966648101807,5788000,567,723500
0.005450941156595945,0.9607417173683643,1.536633014678955,5788800,567,723600
0.007425753865391016,0.49738824367523193,1.5488207340240479,5789600,567,723700
0.0005206135101616383,0.9949717372655869,1.6926825046539307,5790400,567,723800
0.00017370936984661967,0.9817896988242865,1.4626412391662598,5791200,567,723900
0.004514903295785189,0.9745595492422581,1.4263209104537964,5792000,567,724000
0.0021514056716114283,0.9613815471529961,1.321629285812378,5792800,567,724100
0.0006851839716546237,0.9945334340445697,1.7506167888641357,5793600,567,724200
0.005698047578334808,0.7910565435886383,1.7370508909225464,5794400,567,724300
0.000627528817858547,0.9928554110229015,1.5855518579483032,5795200,567,724400
0.0006652037845924497,0.9945178241468966,1.7608940601348877,5796000,567,724500
0.01975621096789837,0.6515732705593109,1.541548252105713,5796800,567,724600
0.0013543725945055485,0.9907930977642536,1.7663494348526,5797600,567,724700
0.003343295305967331,0.7959470003843307,1.1705999374389648,5798400,567,724800
0.04882044717669487,0.28547579050064087,1.7035677433013916,5799200,567,724900
0.013831140473484993,0.7723561376333237,1.614116907119751,5800000,567,725000
0.0006565497606061399,0.988754971884191,1.6236402988433838,5800800,567,725100
0.0022621052339673042,0.978887427598238,1.353339672088623,5801600,567,725200
0.0011478884844109416,0.9542701207101345,1.363828420639038,5802400,567,725300
0.0012226862600073218,0.9853353779762983,1.5238136053085327,5803200,567,725400
0.0021532773971557617,0.9850274780765176,1.665725827217102,5804000,567,725500
0.004089183174073696,0.94388148188591,1.1628215312957764,5804800,567,725600
0.0035930960439145565,0.9660874865949154,1.5269036293029785,5805600,567,725700
0.0012823238503187895,0.9243544489145279,1.7048438787460327,5806400,567,725800
0.0008973336080089211,0.9779891036450863,0.9332298040390015,5807200,567,725900
0.0003094113781116903,0.9943632408976555,1.7283329963684082,5808000,567,726000
0.000954302551690489,0.9826272670179605,1.3856935501098633,5808800,567,726100
0.004324947018176317,0.9304070398211479,1.4980952739715576,5809600,567,726200
0.0011257369769737124,0.9688722398132086,1.4560115337371826,5810400,567,726300
0.003414556384086609,0.9444951750338078,1.7035216093063354,5811200,567,726400
0.0003828750632237643,0.9936523004435003,1.3984514474868774,5812000,567,726500
0.0030173039995133877,0.9611006863415241,1.4618618488311768,5812800,567,726600
0.0005200329469516873,0.9919002987444401,1.4227864742279053,5813600,567,726700
0.002993654692545533,0.39631927013397217,1.5719133615493774,5814400,567,726800
0.0003476605052128434,0.9476766884326935,1.6068907976150513,5815200,567,726900
0.0003741850086953491,0.9955796464346349,1.7018368244171143,5816000,567,727000
0.0007303317543119192,0.9734498597681522,1.6810336112976074,5816800,567,727100
0.0032002378720790148,0.9313101544976234,1.5040688514709473,5817600,567,727200
0.002050835406407714,0.7735511064529419,1.5545144081115723,5818400,567,727300
0.012279779650270939,0.9225227162241936,1.7065322399139404,5819200,567,727400
0.029919195920228958,0.773320883512497,1.4409408569335938,5820000,567,727500
0.00482030538842082,0.9779729638248682,1.6401472091674805,5820800,567,727600
0.0004182907287031412,0.9845081111416221,1.649064302444458,5821600,567,727700
0.0005640124436467886,0.8808056637644768,1.0243260860443115,5822400,567,727800
0.0008266689255833626,0.9710523039102554,1.6896178722381592,5823200,567,727900
0.015558143146336079,0.9406362511217594,1.4393126964569092,5824000,567,728000
0.00012855781824328005,0.9426946602761745,1.6812632083892822,5824800,567,728100
0.0006277497741393745,0.9964735112152994,1.6630440950393677,5825600,567,728200
0.0008788637351244688,0.654830813407898,1.4349991083145142,5826400,567,728300
0.0001990918826777488,0.9760501738637686,1.6739749908447266,5827200,567,728400
0.0020181075669825077,0.9735140670090914,1.2874906063079834,5828000,567,728500
0.0004304691683501005,0.9656168855726719,1.6046428680419922,5828800,567,728600
0.0009715680498629808,0.9814839903265238,1.3827072381973267,5829600,567,728700
0.00037579817580990493,0.9865703647956252,1.568474531173706,5830400,567,728800
0.000290070369374007,0.9948223638348281,1.5919077396392822,5831200,567,728900
0.010454555042088032,0.962689470499754,1.4863388538360596,5832000,567,729000
0.0006156248273327947,0.9974559072870761,1.4017232656478882,5832800,567,729100
0.002308313734829426,0.9884524410590529,1.6921393871307373,5833600,567,729200
0.0016098676715046167,0.9907531710341573,1.6482818126678467,5834400,567,729300
0.005257440265268087,0.48556405305862427,1.3369754552841187,5835200,567,729400
0.057745154947042465,0.7024920284748077,1.4137625694274902,5836000,567,729500
0.00012053137470502406,0.9932581344619393,1.567622184753418,5836800,567,729600
0.0004287126939743757,0.9840990044176579,1.2412874698638916,5837600,567,729700
0.027373068034648895,0.3453303575515747,1.6820261478424072,5838400,567,729800
0.0005371397128328681,0.9894305095076561,1.3080854415893555,5839200,567,729900
0.0012086783535778522,0.9925257456488907,1.6574668884277344,5840000,567,730000
0.00043722125701606274,0.9945576312020421,1.5774540901184082,5840800,567,730100
0.0007897631730884314,0.9803963266313076,1.4753143787384033,5841600,567,730200
0.00013585394481197,0.995366308838129,1.527525782585144,5842400,567,730300
0.004238276742398739,0.9836530797183514,1.748065710067749,5843200,567,730400
0.0002263895294163376,0.993476168718189,1.5038230419158936,5844000,567,730500
0.002627074019983411,0.8474979102611542,1.6789028644561768,5844800,567,730600
0.0016422753687947989,0.9777129180729389,1.6259469985961914,5845600,567,730700
0.00040271366015076637,0.9925454552285373,1.338470458984375,5846400,567,730800
0.0007586766732856631,0.9902420826256275,1.6161372661590576,5847200,567,730900
0.0298937875777483,-0.4430570602416992,1.4257826805114746,5848000,567,731000
0.0009103658376261592,0.7882881909608841,1.6090540885925293,5848800,567,731100
0.0032443306408822536,0.9816327542066574,1.4742023944854736,5849600,567,731200
0.0037052540574222803,0.9743736814707518,1.352885365486145,5850400,567,731300
0.0055717239156365395,0.9450693316757679,1.074309229850769,5851200,567,731400
0.0015465440228581429,0.9340827092528343,1.4554471969604492,5852000,567,731500
0.0010903185466304421,0.9907317729666829,1.6791762113571167,5852800,567,731600
0.0009747013682499528,0.9934942000545561,1.4949851036071777,5853600,567,731700
0.006580624729394913,0.9466133862733841,1.7537992000579834,5854400,567,731800
0.014313393272459507,0.8220242261886597,1.3979042768478394,5855200,567,731900
0.0008193468675017357,0.7524010837078094,1.7215526103973389,5856000,567,732000
0.00036698768963105977,0.996944037033245,1.4345872402191162,5856800,567,732100
0.005565952509641647,0.8633879572153091,1.578786849975586,5857600,567,732200
0.0013193184277042747,0.9666687585413456,1.6086235046386719,5858400,567,732300
0.0012494197580963373,0.9804234560579062,1.6439316272735596,5859200,567,732400
0.001121792825870216,0.9711166433990002,1.0744370222091675,5860000,567,732500
0.0014918007655069232,0.9032000303268433,1.4531019926071167,5860800,567,732600
0.0014134272933006287,0.9913874352350831,1.700697898864746,5861600,567,732700
0.0016536369221284986,0.9721081703901291,1.7313637733459473,5862400,567,732800
0.0014004542026668787,0.957352764904499,1.3166468143463135,5863200,567,732900
0.0008039968088269234,0.9895823998376727,1.6585036516189575,5864000,567,733000
0.0004905560053884983,0.9813243132084608,1.691264271736145,5864800,567,733100
0.00016333002713508904,0.9974303881172091,1.7104424238204956,5865600,567,733200
0.0003989029210060835,0.9890426453202963,1.2940737009048462,5866400,567,733300
0.00028271766495890915,0.9813738651573658,1.5704282522201538,5867200,567,733400
0.0328308530151844,0.5534048974514008,1.3888061046600342,5868000,567,733500
5.8588699175743386e-05,0.9920181930065155,1.7712466716766357,5868800,567,733600
0.0002864602720364928,0.9903244627639651,1.5591164827346802,5869600,567,733700
0.00015091896057128906,0.9991615046747029,1.6912833452224731,5870400,567,733800
0.008863258175551891,0.7442534267902374,1.6748182773590088,5871200,567,733900
0.006686690263450146,0.8427062034606934,1.4108929634094238,5872000,567,734000
0.0012883454328402877,0.9792039785534143,1.6868599653244019,5872800,567,734100
0.003431790042668581,0.5391626060009003,1.2383720874786377,5873600,567,734200
0.0003299920936115086,0.9929096223786473,1.765703797340393,5874400,567,734300
0.0010586024727672338,0.9860341427847743,1.6847314834594727,5875200,567,734400
0.0005254987627267838,0.9181271269917488,1.5233025550842285,5876000,567,734500
0.0003910064697265625,0.9972430861089379,1.6429989337921143,5876800,567,734600
0.001607185578905046,0.9727511685341597,1.4576958417892456,5877600,567,734700
0.0004625562869478017,0.9052612334489822,1.6781766414642334,5878400,567,734800
0.0005102982395328581,0.9948847303166986,1.6925021409988403,5879200,567,734900
0.00011894544149981812,0.9912277730181813,1.2817606925964355,5880000,567,735000
0.00026279347366653383,0.9933922137133777,1.4607505798339844,5880800,567,735100
0.00041006747051142156,0.985456489957869,1.090423822402954,5881600,567,735200
0.00027456460520625114,0.990498261526227,1.7471548318862915,5882400,567,735300
9.05791821423918e-05,0.9990238056634553,1.7071325778961182,5883200,567,735400
0.0002771300496533513,0.9865975780412555,1.6836282014846802,5884000,567,735500
0.00021688721608370543,0.992686711717397,1.5319631099700928,5884800,567,735600
0.004005346447229385,0.8338488936424255,1.2843425273895264,5885600,567,735700
0.0013237325474619865,0.987600265070796,1.7540526390075684,5886400,567,735800
0.0014038439840078354,0.9447622261941433,1.717977523803711,5887200,567,735900
0.0013433133717626333,0.9346054866909981,1.5213563442230225,5888000,567,736000
0.001316199079155922,0.910293884575367,1.7548800706863403,5888800,567,736100
0.003599792253226042,0.9485824555158615,1.4232151508331299,5889600,567,736200
0.0004775657143909484,-1.4893484115600586,1.6612489223480225,5890400,567,736300
0.0008323813090100884,0.9929229496046901,1.6183977127075195,5891200,567,736400
0.0010515631875023246,0.8808959051966667,1.1995160579681396,5892000,567,736500
0.010861391201615334,0.905077762901783,1.6861019134521484,5892800,567,736600
0.001491352915763855,0.8475815951824188,1.5683293342590332,5893600,567,736700
0.0009801944252103567,0.9859190937131643,1.4508578777313232,5894400,567,736800
0.000997390947304666,0.976035175845027,1.6962461471557617,5895200,567,736900
0.0007488933042623103,0.9494107887148857,1.4775062799453735,5896000,567,737000
0.003946750424802303,0.9859965536743402,1.5003052949905396,5896800,567,737100
0.0008497170638293028,0.9776427112519741,1.5003292560577393,5897600,567,737200
0.0004703043960034847,0.996812738943845,1.681947946548462,5898400,567,737300
0.0004044245870318264,0.9897892465814948,1.5392653942108154,5899200,567,737400
0.00015543540939688683,0.9965503064449877,1.665687918663025,5900000,567,737500
0.0009668755810707808,0.9935370357707143,1.3206318616867065,5900800,567,737600
0.0003912943648174405,0.9117608740925789,1.591618537902832,5901600,567,737700
0.0001562364341225475,0.9993489008047618,1.4241504669189453,5902400,567,737800
0.00016444067296106368,0.9943883433006704,1.4891270399093628,5903200,567,737900
0.0018992479890584946,0.9832939431071281,1.4703620672225952,5904000,567,738000
0.0007532553863711655,0.9843979645520449,1.0930825471878052,5904800,567,738100
0.000189623111509718,0.996350743342191,1.6760027408599854,5905600,567,738200
0.0012722797691822052,0.988148002885282,1.5224312543869019,5906400,567,738300
0.0010292944498360157,0.9754864312708378,1.6255829334259033,5907200,567,738400
6.231642328202724e-05,0.9983002109220251,1.4335808753967285,5908000,567,738500
0.0010010255500674248,0.9689347818493843,1.6972284317016602,5908800,567,738600
0.0010353450197726488,0.9493751116096973,1.4154711961746216,5909600,567,738700
0.008388713002204895,0.8217158168554306,1.4336152076721191,5910400,567,738800
0.0016733307857066393,0.9580830670893192,1.6995599269866943,5911200,567,738900
0.0013552751624956727,0.961617112159729,1.2402563095092773,5912000,567,739000
0.000684501021169126,0.9872048506513238,1.7603543996810913,5912800,567,739100
0.0008631596574559808,0.9934588843025267,1.6282727718353271,5913600,567,739200
0.0005950966733507812,0.9782658442854881,1.4211828708648682,5914400,567,739300
0.0006374660297296941,0.994138696230948,1.4259700775146484,5915200,567,739400
0.01014979649335146,0.9392307922244072,1.4542810916900635,5916000,567,739500
0.0007663158467039466,0.9850098956376314,1.7232104539871216,5916800,567,739600
0.0007041435455903411,0.9972812843043357,1.4132190942764282,5917600,567,739700
0.0006836550310254097,0.9945074277929962,1.7466895580291748,5918400,567,739800
0.0015696162590757012,0.9767370019108057,1.446568250656128,5919200,567,739900
0.00041698955465108156,0.97871533036232,1.478492021560669,5920000,567,740000
0.0006116621661931276,0.9929115525446832,1.6244091987609863,5920800,567,740100
0.0011989949271082878,0.9334482774138451,1.1059308052062988,5921600,567,740200
0.0026506136637181044,0.9819400571286678,1.7535643577575684,5922400,567,740300
0.002022956032305956,0.9873115075752139,1.436471939086914,5923200,567,740400
0.00020400993525981903,0.9853484379127622,1.6646710634231567,5924000,567,740500
0.0037758033722639084,0.7643373757600784,1.0796326398849487,5924800,567,740600
0.002140003489330411,0.983403192833066,1.3887274265289307,5925600,567,740700
0.0009207137627527118,0.9859222024679184,1.7272530794143677,5926400,567,740800
0.000775662250816822,0.9930193303152919,1.7297507524490356,5927200,567,740900
0.0012774091446772218,0.9729178436100483,1.7692890167236328,5928000,567,741000
0.000766588025726378,0.9919925173744559,1.6348638534545898,5928800,567,741100
0.0002046523877652362,0.9879077589139342,1.4055713415145874,5929600,567,741200
0.0013278519036248326,0.9378394819796085,1.6556684970855713,5930400,567,741300
0.0030215883161872625,0.8915369883179665,1.5606913566589355,5931200,567,741400
0.0004992313333787024,0.9876780286431313,1.531093955039978,5932000,567,741500
0.007163672707974911,0.9387295357882977,1.752671480178833,5932800,567,741600
0.000570445554330945,0.9947872422635555,1.7636845111846924,5933600,567,741700
0.0006648657727055252,0.987750144675374,1.7269635200500488,5934400,567,741800
0.00035139615647494793,0.9935212037526071,1.73055100440979,5935200,567,741900
0.0011522960849106312,0.9771215077489614,1.68328857421875,5936000,567,742000
0.0004429520049598068,0.993834332562983,1.1197564601898193,5936800,567,742100
0.0001904697564896196,0.9884610408917069,1.5272111892700195,5937600,567,742200
0.001355994725599885,0.9948313543573022,1.768619418144226,5938400,567,742300
0.00515719735994935,0.9115713536739349,1.754807949066162,5939200,567,742400
0.0004246891476213932,0.994403809774667,1.6744626760482788,5940000,567,742500
0.0006661105435341597,0.9745318423956633,1.542711615562439,5940800,567,742600
0.00019166298443451524,0.9819490853697062,1.6229867935180664,5941600,567,742700
0.0008692970150150359,0.9870114419609308,1.5140080451965332,5942400,567,742800
0.0003543886705301702,0.9773364663124084,1.7601038217544556,5943200,567,742900
0.0006352862110361457,0.9856043681502342,1.6244165897369385,5944000,567,743000
0.0006556666921824217,0.9599726535379887,1.3768081665039062,5944800,567,743100
0.0005074644577689469,0.9938441109843552,1.735294222831726,5945600,567,743200
0.022473853081464767,0.9149313792586327,1.3726438283920288,5946400,567,743300
0.0017821138026192784,0.9605068303644657,1.7044949531555176,5947200,567,743400
0.0013958194758743048,0.9919721661135554,1.7358479499816895,5948000,567,743500
0.00026753920246846974,0.9837095197290182,1.4722254276275635,5948800,567,743600
0.00029435550095513463,0.9973047655075788,1.6866573095321655,5949600,567,743700
0.012558938935399055,0.9444464631378651,1.1417737007141113,5950400,567,743800
0.00045923402649350464,0.9977792408317327,1.3328667879104614,5951200,567,743900
0.0004693412047345191,0.9885807950049639,1.7660918235778809,5952000,567,744000
0.0004892904544249177,0.9963037306442857,1.4066057205200195,5952800,567,744100
0.0022976412437856197,0.9481271579861641,1.5159567594528198,5953600,567,744200
0.0011105210287496448,0.9796355348080397,1.313394546508789,5954400,567,744300
0.0026552604977041483,0.9840476457029581,1.5112394094467163,5955200,567,744400
0.0010853683343157172,0.9794065300375223,1.6827092170715332,5956000,567,744500
0.0038195918314158916,0.9825349356979132,1.5159579515457153,5956800,567,744600
0.00022080446069594473,0.9772261455655098,1.7022323608398438,5957600,567,744700
0.0007439276087097824,0.9960347209125757,1.7470992803573608,5958400,567,744800
0.0006914851837791502,0.9947359142825007,1.5250011682510376,5959200,567,744900
0.0028038020245730877,0.9702554550021887,1.4288971424102783,5960000,567,745000
0.004926617257297039,0.8111502081155777,1.304728627204895,5960800,567,745100
0.0003469382063485682,0.990545367822051,1.4702880382537842,5961600,567,745200
0.025802521035075188,0.9196170344948769,1.7153723239898682,5962400,567,745300
0.0010833601700142026,0.9716737363487482,1.737647294998169,5963200,567,745400
0.0002911434567067772,0.682410717010498,1.7488329410552979,5964000,567,745500
0.004514433443546295,0.9661568701267242,1.5014922618865967,5964800,567,745600
0.001482096267864108,0.9107665866613388,1.5265792608261108,5965600,567,745700
0.00040520919719710946,0.9895576285198331,1.4806427955627441,5966400,567,745800
0.0012033989187330008,0.9783978629857302,1.4913949966430664,5967200,567,745900
0.0007639027899131179,0.9752740245312452,1.2973523139953613,5968000,567,746000
0.0004073778400197625,0.9870116859674454,1.0247925519943237,5968800,567,746100
0.00037347967736423016,0.9964625998400152,1.7386573553085327,5969600,567,746200
0.01698877476155758,0.8284128755331039,1.6690905094146729,5970400,567,746300
0.000637196353636682,0.9598243497312069,1.6050173044204712,5971200,567,746400
0.012884131632745266,0.9218212962150574,1.3447253704071045,5972000,567,746500
0.0026397656183689833,0.9531507678329945,1.7013384103775024,5972800,567,746600
0.0005534670199267566,0.9913847995921969,1.606154203414917,5973600,567,746700
0.0002772652660496533,0.9597959630191326,1.5138518810272217,5974400,567,746800
0.0006912954850122333,0.9910901915282011,1.6951507329940796,5975200,567,746900
0.002866399474442005,0.9725038874894381,1.6787755489349365,5976000,567,747000
0.0018158424645662308,0.9878897862508893,1.4915218353271484,5976800,567,747100
0.006340667139738798,0.8354186117649078,1.3128700256347656,5977600,567,747200
0.02374216914176941,0.18624013662338257,1.3934003114700317,5978400,567,747300
0.002671807771548629,0.9733742102980614,1.6789352893829346,5979200,567,747400
0.0008478625677525997,0.9518936686217785,1.6236817836761475,5980000,567,747500
0.0005641528405249119,0.9310232922434807,1.6628327369689941,5980800,567,747600
0.0008577258558943868,0.986291503533721,1.3501619100570679,5981600,567,747700
0.005565773695707321,0.9889802429825068,1.2754815816879272,5982400,567,747800
0.0010428482200950384,0.9880218720063567,1.7335649728775024,5983200,567,747900
0.0005811213050037622,0.9752268120646477,1.3715527057647705,5984000,567,748000
0.05281974747776985,-0.9711252450942993,1.7354450225830078,5984800,567,748100
0.0004500168142840266,0.9916371228173375,1.6957510709762573,5985600,567,748200
0.00013772986130788922,0.9976836596615613,1.758631944656372,5986400,567,748300
0.0014508813619613647,0.9925307598896325,1.713875651359558,5987200,567,748400
0.00032907226704992354,0.9942036950960755,1.5208635330200195,5988000,567,748500
0.0007852368289604783,0.9873900366947055,1.7341480255126953,5988800,567,748600
0.007867084816098213,0.908040001988411,1.1700903177261353,5989600,567,748700
0.0004452572320587933,0.9734353870153427,1.2354451417922974,5990400,567,748800
0.0016187052242457867,0.9859730275347829,1.3355027437210083,5991200,567,748900
0.0006674168980680406,0.9770362265408039,1.5099616050720215,5992000,567,749000
0.0003485287306830287,0.9968883323017508,1.6937521696090698,5992800,567,749100
0.0001037356851156801,0.9844755418598652,1.7389675378799438,5993600,567,749200
0.000695495109539479,0.9956072806380689,1.6246551275253296,5994400,567,749300
0.00040356029057875276,0.9883821625262499,1.7118067741394043,5995200,567,749400
0.00028398633003234863,0.9950781762599945,1.4494984149932861,5996000,567,749500
0.0009955966379493475,0.9949647635221481,1.6967010498046875,5996800,567,749600
0.00028685686993412673,0.8765064477920532,1.5896880626678467,5997600,567,749700
0.00439496012404561,-1.0236706733703613,0.854297935962677,5998400,567,749800
8.608826465206221e-05,0.9613445438444614,1.75056791305542,5999200,567,749900
0.0011575755197554827,0.8630632609128952,1.2476811408996582,6000000,567,750000
0.0004016434832010418,0.9944517118856311,1.7508080005645752,6000800,567,750100
0.003005677368491888,0.9789336286485195,1.7420778274536133,6001600,567,750200
0.0010373133700340986,0.9399596266448498,1.2474915981292725,6002400,567,750300
0.0002755351015366614,0.9886910086497664,1.719388484954834,6003200,567,750400
0.0031420523300766945,0.9206103309988976,1.21708083152771,6004000,567,750500
0.00033798423828557134,0.9628268778324127,1.51334810256958,6004800,567,750600
0.00037725415313616395,0.9955337014980614,1.7505028247833252,6005600,567,750700
0.00023618078557774425,0.9763712212443352,1.3939645290374756,6006400,567,750800
0.0004895809106528759,0.9921509027481079,1.4008171558380127,6007200,567,750900
0.0014229188673198223,0.9837575294077396,1.5405842065811157,6008000,567,751000
0.0002597490674816072,0.9981351486640051,1.6815598011016846,6008800,567,751100
0.0028690060134977102,0.9844599543139338,1.7067443132400513,6009600,567,751200
0.002071342198178172,0.9883514810353518,1.6365165710449219,6010400,567,751300
0.00024289634893648326,0.9720638878643513,1.528951644897461,6011200,567,751400
0.0001705307513475418,0.9715390838682652,1.7357994318008423,6012000,567,751500
0.00010929122800007463,0.9942770921625197,1.0982725620269775,6012800,567,751600
0.0005414332263171673,0.9215366020798683,1.7295100688934326,6013600,567,751700
0.00022070301929488778,0.99711152468808,1.5856640338897705,6014400,567,751800
0.00041964833508245647,0.9859449816867709,1.5265707969665527,6015200,567,751900
0.002026796108111739,0.8879078477621078,1.6246862411499023,6016000,567,752000
0.0019691260531544685,0.9157770574092865,1.3895089626312256,6016800,567,752100
0.0006238386267796159,0.996054355520755,0.9170159101486206,6017600,567,752200
0.0005541897844523191,0.9892109585925937,1.702244758605957,6018400,567,752300
0.0014327897224575281,0.9961648210883141,1.5020601749420166,6019200,567,752400
0.014260012656450272,0.9365478605031967,1.4776196479797363,6020000,567,752500
0.0014919386012479663,0.9907917324453592,1.633341908454895,6020800,567,752600
0.000688143540173769,0.6778231561183929,1.504050374031067,6021600,567,752700
0.000770720187574625,0.9849700052291155,1.6961802244186401,6022400,567,752800
0.008492976427078247,0.08662694692611694,1.415966272354126,6023200,567,752900
0.025866566225886345,0.7768095880746841,1.677929162979126,6024000,567,753000
0.00034281323314644396,0.9940756126306951,1.6593296527862549,6024800,567,753100
0.00044285383773967624,0.9923082436434925,1.671733021736145,6025600,567,753200
0.001126753631979227,0.9788682796061039,1.7382915019989014,6026400,567,753300
0.0011211215751245618,0.9854567432776093,1.5043752193450928,6027200,567,753400
0.00020093929197173566,0.9949462311342359,1.7024075984954834,6028000,567,753500
0.0008387330453842878,0.9782394673675299,1.7356462478637695,6028800,567,753600
0.0004868168034590781,0.9927820558659732,1.6473422050476074,6029600,567,753700
0.0025247610174119473,0.9587956480681896,1.4863824844360352,6030400,567,753800
0.005090939812362194,0.9672806784510612,1.345718502998352,6031200,567,753900
0.03078058920800686,0.7635300010442734,1.3171019554138184,6032000,567,754000
0.0016474020667374134,0.9865840543061495,1.341675043106079,6032800,567,754100
0.00012713992327917367,0.9981880426639691,1.6649243831634521,6033600,567,754200
0.0006981510668992996,0.9590342752635479,1.600751519203186,6034400,567,754300
0.0002186137717217207,0.9972290794830769,1.7622718811035156,6035200,567,754400
0.0010688540060073137,0.9943428579717875,1.6337180137634277,6036000,567,754500
0.00044317933497950435,0.8498571068048477,1.7256453037261963,6036800,567,754600
0.00029088190058246255,0.9966117877047509,1.4189413785934448,6037600,567,754700
0.0023468148428946733,0.9835581872612238,1.254408597946167,6038400,567,754800
0.00013917949399910867,0.9958697510883212,1.723107933998108,6039200,567,754900
0.00038271929952315986,0.9938212465494871,1.407163381576538,6040000,567,755000
0.012292413040995598,0.8212315738201141,1.7628233432769775,6040800,567,755100
0.0014666293282061815,0.9835962560027838,1.4468392133712769,6041600,567,755200
0.0013816824648529291,0.9743939153850079,1.4737542867660522,6042400,567,755300
0.0001821691112127155,0.9959998866543174,1.4710379838943481,6043200,567,755400
0.00029535862267948687,0.9901842419058084,1.6516237258911133,6044000,568,755500
0.0004872046993114054,0.9964538181666285,1.525782823562622,6044800,568,755600
0.0006414612871594727,0.9962861412204802,1.743708610534668,6045600,568,755700
0.0004574006889015436,0.9759573861956596,1.474353551864624,6046400,568,755800
0.0014280288014560938,0.9866172885522246,1.3411611318588257,6047200,568,755900
0.0002680303296074271,0.9936528066173196,1.5768742561340332,6048000,568,756000
0.00011853665637318045,0.9956160723231733,1.7685480117797852,6048800,568,756100
0.0004197736852802336,0.9893497657030821,1.645148515701294,6049600,568,756200
0.0001021177158690989,0.995560142211616,1.343394160270691,6050400,568,756300
0.000498620793223381,0.9894927106797695,1.5823506116867065,6051200,568,756400
0.0011269489768892527,0.9910257225856185,1.342740774154663,6052000,568,756500
0.0005131280049681664,0.992926359642297,1.6050093173980713,6052800,568,756600
0.0003664189134724438,0.9976620906963944,1.763742208480835,6053600,568,756700
0.0011577835539355874,0.9914907338097692,1.7642881870269775,6054400,568,756800
0.0006514653214253485,0.9920073999091983,1.5246691703796387,6055200,568,756900
0.0003075877029914409,0.9936684975400567,1.4090619087219238,6056000,568,757000
5.010216045775451e-05,0.9989652351941913,1.7207293510437012,6056800,568,757100
0.0002613684628158808,0.9916159017011523,1.5300729274749756,6057600,568,757200
0.0004996614879928529,0.9865753687918186,1.640299677848816,6058400,568,757300
0.00015475382679142058,0.9950848151929677,1.6556087732315063,6059200,568,757400
0.0018510251538828015,0.27292585372924805,1.502266526222229,6060000,568,757500
0.007390155922621489,0.977156350389123,1.7209135293960571,6060800,568,757600
8.549515041522682e-05,0.9878853466361761,1.5422441959381104,6061600,568,757700
0.00019068020628765225,0.926079586148262,1.6085542440414429,6062400,568,757800
0.0014535629888996482,0.9487312845885754,1.3946731090545654,6063200,568,757900
0.0004727595078293234,0.9759565647691488,1.7229737043380737,6064000,568,758000
0.0006147881504148245,0.990410091355443,1.395453691482544,6064800,568,758100
0.0021307342685759068,0.9334412515163422,1.464070200920105,6065600,568,758200
0.0007131629390642047,0.9902132451534271,1.6261235475540161,6066400,568,758300
0.00033244461519643664,0.9632540792226791,1.5187625885009766,6067200,568,758400
0.0012611030833795667,0.9820239041000605,1.4170913696289062,6068000,568,758500
0.0013823112240061164,0.9673159867525101,1.5993883609771729,6068800,568,758600
0.000914040778297931,0.9906571870669723,1.5799671411514282,6069600,568,758700
0.0016366865020245314,0.9531611278653145,1.7428314685821533,6070400,568,758800
0.0015024082968011498,0.9704813044518232,1.6144689321517944,6071200,568,758900
0.0002366865228395909,0.9951849463395774,1.713541865348816,6072000,568,759000
0.0019637164659798145,0.9819090459495783,1.4629874229431152,6072800,568,759100
0.00015497981803491712,0.9703803304582834,1.639313817024231,6073600,568,759200
0.0010666437447071075,0.9832425191998482,1.5106220245361328,6074400,568,759300
0.005805656313896179,0.9207103848457336,1.0037271976470947,6075200,568,759400
0.00038735452108085155,0.9871071223169565,1.7555732727050781,6076000,568,759500
0.0003459868021309376,0.968842389062047,1.7259892225265503,6076800,568,759600
0.0015422676224261522,0.9561544172465801,1.3684383630752563,6077600,568,759700
0.0005975321982987225,0.948328822851181,1.7522311210632324,6078400,568,759800
0.0004541833186522126,0.9982916611479595,1.6764605045318604,6079200,568,759900
0.00096609239699319,0.9876560177654028,1.4782557487487793,6080000,568,760000
0.0011985430028289557,0.972838256508112,1.4842108488082886,6080800,568,760100
0.0014970112824812531,0.9741361476480961,1.5093992948532104,6081600,568,760200
0.0007113576866686344,0.988302756100893,1.7337185144424438,6082400,568,760300
0.0005694755236618221,0.9917619321495295,1.482290267944336,6083200,568,760400
0.0001624674187041819,0.9996889270259999,1.7298721075057983,6084000,568,760500
0.000739477458409965,0.9945654259063303,1.4773162603378296,6084800,568,760600
0.0008609057404100895,0.9818929508328438,1.155236005783081,6085600,568,760700
0.0005293049034662545,0.996859626378864,1.4919970035552979,6086400,568,760800
0.0007829399546608329,0.9927036450244486,1.6850736141204834,6087200,568,760900
0.010654058307409286,0.8844660967588425,1.6231396198272705,6088000,568,761000
0.0034987949766218662,0.966027520596981,1.4703772068023682,6088800,568,761100
0.001728438655845821,0.9499524272978306,1.210623860359192,6089600,568,761200
0.016273798421025276,0.8597354739904404,1.443342924118042,6090400,568,761300
0.000519640976563096,0.9952782182954252,1.745091199874878,6091200,568,761400
0.0009165139053948224,0.9355567470192909,1.3498284816741943,6092000,568,761500
0.002420431934297085,0.9811962619423866,1.6005771160125732,6092800,568,761600
0.00020595508976839483,0.9981858966639265,1.5877817869186401,6093600,568,761700
0.00015391262422781438,0.9976127450354397,1.7543374300003052,6094400,568,761800
0.00046711397590115666,0.9864559359848499,1.645405650138855,6095200,568,761900
0.0018254817696288228,0.9880789574235678,1.6794977188110352,6096000,568,762000
0.00028810021467506886,-0.13336539268493652,1.6712368726730347,6096800,568,762100
0.004043189808726311,0.9220543131232262,1.4572722911834717,6097600,568,762200
0.004576629027724266,0.9418526813387871,1.4712798595428467,6098400,568,762300
0.0005715262959711254,0.9921160284429789,1.6076059341430664,6099200,568,762400
0.0007843990460969508,0.9911269713193178,1.5077412128448486,6100000,568,762500
0.0026545946020632982,0.9771985989063978,1.6026184558868408,6100800,568,762600
0.00031896994914859533,0.9926910600624979,1.6712584495544434,6101600,568,762700
9.725168638397008e-05,0.9986424692906439,1.7056500911712646,6102400,568,762800
0.0025331692304462194,0.9723690878599882,1.6766788959503174,6103200,568,762900
0.0005581550067290664,0.9407970309257507,1.1771578788757324,6104000,568,763000
0.0005675147986039519,0.9875446474179626,1.694354772567749,6104800,568,763100
0.00012918238644488156,0.9913835329934955,1.6191489696502686,6105600,568,763200
0.002926865126937628,0.9631637930870056,1.5420327186584473,6106400,568,763300
0.0009000181453302503,0.9887296846136451,1.2391010522842407,6107200,568,763400
0.0017393867019563913,0.9804320484399796,1.7573366165161133,6108000,568,763500
0.0003743378911167383,0.9935719850473106,1.7049864530563354,6108800,568,763600
0.0016464232467114925,0.9752117283642292,1.6563396453857422,6109600,568,763700
0.0008340597851201892,0.9904039604589343,1.447750449180603,6110400,568,763800
0.0004488515551201999,0.9911238122731447,1.4667261838912964,6111200,568,763900
0.0002111096982844174,0.9880919298157096,1.2116104364395142,6112000,568,764000
0.007367307785898447,0.9775419533252716,1.442288875579834,6112800,568,764100
0.00020540568220894784,0.9929442321881652,1.7611846923828125,6113600,568,764200
0.0004286841722205281,0.9953971900977194,1.5862773656845093,6114400,568,764300
0.0012716596247628331,0.9740476850420237,1.1584148406982422,6115200,568,764400
0.0010791923850774765,0.983959898352623,1.5108768939971924,6116000,568,764500
0.004743244498968124,0.9743966348469257,1.547062873840332,6116800,568,764600
0.03202880546450615,0.680323600769043,1.7410764694213867,6117600,568,764700
0.01682629995048046,0.8849863633513451,1.5235401391983032,6118400,568,764800
0.00326248980127275,0.9356732442975044,1.597821593284607,6119200,568,764900
0.0009060468873940408,0.9914675550535321,1.4402892589569092,6120000,568,765000
0.0003710885066539049,0.9067267552018166,1.7723287343978882,6120800,568,765100
0.0038886764086782932,0.8449379503726959,1.2634824514389038,6121600,568,765200
0.0011979492846876383,0.9824844412505627,1.6682090759277344,6122400,568,765300
0.0006589346448890865,0.993146063759923,1.7500890493392944,6123200,568,765400
0.0007590580498799682,0.9896933399140835,1.6605143547058105,6124000,568,765500
0.0010332996025681496,0.9922201968729496,1.1806944608688354,6124800,568,765600
0.0005765813402831554,0.9667158089578152,1.4803378582000732,6125600,568,765700
0.0004604135174304247,0.9960859268903732,1.7259670495986938,6126400,568,765800
0.007410218007862568,0.9685681164264679,1.7401973009109497,6127200,568,765900
0.0016792098758742213,0.9663402363657951,1.4789972305297852,6128000,568,766000
0.03432178124785423,-6.259363174438477,1.505277156829834,6128800,568,766100
0.0005062994896434247,0.9970957590267062,1.7066822052001953,6129600,568,766200
0.00015672488370910287,0.9965625463519245,1.1900274753570557,6130400,568,766300
0.0016894126310944557,0.9651124142110348,1.5265840291976929,6131200,568,766400
0.003276172326877713,0.8996529206633568,1.6760390996932983,6132000,568,766500
0.0008805263787508011,0.9572403654456139,1.677217721939087,6132800,568,766600
0.0035242000594735146,0.8700316995382309,1.1528170108795166,6133600,568,766700
0.01902035064995289,0.5416871905326843,1.452409267425537,6134400,568,766800
0.018866226077079773,0.7739313840866089,1.240563154220581,6135200,568,766900
0.000628505542408675,0.9932363852858543,1.420627474784851,6136000,568,767000
0.0008456639479845762,0.9927894207648933,1.5578479766845703,6136800,568,767100
0.004616625141352415,0.9555667154490948,1.4099888801574707,6137600,568,767200
0.000900841667316854,0.983415637165308,1.4811586141586304,6138400,568,767300
0.0012857908150181174,0.9600813239812851,1.3665205240249634,6139200,568,767400
0.00038837167085148394,0.9970609957817942,1.5364353656768799,6140000,568,767500
0.00034398038405925035,0.993509472347796,1.7528208494186401,6140800,568,767600
0.04437202215194702,0.6817951798439026,1.4957571029663086,6141600,568,767700
0.0003829454944934696,0.9974468450527638,1.7325584888458252,6142400,568,767800
0.0015319401863962412,0.9767986033111811,1.738446593284607,6143200,568,767900
0.0011974833905696869,0.9941362924873829,1.2697436809539795,6144000,568,768000
0.00023567640164401382,0.9637825340032578,1.7840592861175537,6144800,568,768100
0.0011590973008424044,0.994662547018379,1.6500962972640991,6145600,568,768200
0.0012466197367757559,0.8170525580644608,1.4262871742248535,6146400,568,768300
0.00022281402198132128,0.9971845154650509,1.6990952491760254,6147200,568,768400
0.0001276923285331577,0.9852820308879018,1.4973673820495605,6148000,568,768500
0.0005248574307188392,0.7507574260234833,1.4181897640228271,6148800,568,768600
0.0013197617372497916,0.9756484776735306,1.3888905048370361,6149600,568,768700
0.0002376589982304722,0.925232008099556,1.6865065097808838,6150400,568,768800
0.0006955054122954607,0.9902927093207836,1.503614902496338,6151200,568,768900
0.0002002877154154703,0.9934815848246217,1.5963196754455566,6152000,568,769000
0.001571016269735992,0.8823067992925644,1.7644020318984985,6152800,568,769100
8.443497063126415e-05,0.9981475452659652,1.521803379058838,6153600,568,769200
0.00020836098701693118,0.9966982977930456,1.51455557346344,6154400,568,769300
0.0006229858845472336,0.9879051744937897,1.676703929901123,6155200,568,769400
0.00022835598792880774,0.9939991417340934,1.750771403312683,6156000,568,769500
0.0004297404666431248,0.9968524458818138,1.5515704154968262,6156800,568,769600
0.00038312902324832976,0.9889638302847743,1.7231285572052002,6157600,568,769700
0.006160118617117405,0.947713527828455,1.541266918182373,6158400,568,769800
0.0021581128239631653,0.9197956919670105,1.4866979122161865,6159200,568,769900
0.0008249456295743585,0.9920967239886522,1.631665825843811,6160000,568,770000
0.0011194796534255147,0.9674831703305244,1.678418517112732,6160800,568,770100
0.000534315244294703,0.9894158756360412,1.408031940460205,6161600,568,770200
0.0007718696724623442,0.9857850577682257,1.3832533359527588,6162400,568,770300
0.00017506259609945118,0.9953195792622864,1.7014031410217285,6163200,568,770400
0.0004016972379758954,0.9846958899870515,1.758225917816162,6164000,568,770500
0.004083453211933374,0.8768070191144943,1.1771090030670166,6164800,568,770600
8.780081407167017e-05,0.9973808657377958,1.509490728378296,6165600,568,770700
0.00041796560981310904,0.9961407973896712,1.5687181949615479,6166400,568,770800
0.0027061626315116882,0.9930157563649118,1.7000880241394043,6167200,568,770900
0.0008813725435175002,0.8974288031458855,1.373229742050171,6168000,568,771000
0.0132289445027709,0.8885496407747269,1.504126787185669,6168800,568,771100
0.06534995883703232,0.1391134262084961,1.6281870603561401,6169600,568,771200
0.002480774652212858,0.8264960944652557,1.6254303455352783,6170400,568,771300
0.004302217625081539,0.8293206691741943,1.596593976020813,6171200,568,771400
0.0024506947956979275,0.8313483893871307,1.606211543083191,6172000,568,771500
0.00047894520685076714,0.975150853395462,1.6241064071655273,6172800,568,771600
0.0018613182473927736,0.520026683807373,1.7265961170196533,6173600,568,771700
0.0010715891839936376,0.8219762295484543,1.7609745264053345,6174400,568,771800
0.0004749982326757163,0.9368674531579018,1.7102024555206299,6175200,568,771900
0.0031268249731510878,0.9792516455054283,1.498591423034668,6176000,568,772000
0.0018650536658242345,0.4305263161659241,1.7585572004318237,6176800,568,772100
0.0003512299444992095,0.9956225361675024,1.3790169954299927,6177600,568,772200
0.0036636637523770332,0.5980187058448792,1.66507887840271,6178400,568,772300
0.04913720488548279,0.12087440490722656,1.6901700496673584,6179200,568,772400
0.0005705166840925813,0.9969615903683007,1.7575396299362183,6180000,568,772500
0.0002577346458565444,0.9983218038687482,1.6462466716766357,6180800,568,772600
0.0013835923746228218,0.5682711899280548,1.645862102508545,6181600,568,772700
0.0007453971775248647,0.9735600855201483,1.6160023212432861,6182400,568,772800
0.001788986730389297,0.952279482036829,1.6981878280639648,6183200,568,772900
0.00017871885211206973,0.9914100850000978,1.6628315448760986,6184000,568,773000
0.0004042779328301549,0.9978047017939389,1.594774603843689,6184800,568,773100
0.00477879261597991,0.02412205934524536,1.7770729064941406,6185600,568,773200
0.0015092543326318264,0.9708803799003363,1.6080057621002197,6186400,568,773300
0.0018622963689267635,0.9812856819480658,1.5161347389221191,6187200,568,773400
0.02512245811522007,0.6610827147960663,1.5809614658355713,6188000,568,773500
0.00029251983505673707,0.9991963061620481,1.4983088970184326,6188800,568,773600
0.0006730497698299587,0.9863674510270357,1.470289707183838,6189600,568,773700
0.0019577844068408012,0.9836207032203674,1.737236499786377,6190400,568,773800
0.0030876174569129944,0.9834726918488741,1.2791686058044434,6191200,568,773900
0.0002259265020256862,0.9893779559060931,1.4370954036712646,6192000,568,774000
0.0007061318610794842,0.9855747362598777,1.3767110109329224,6192800,568,774100
0.0018912616651505232,0.9872696921229362,1.4879567623138428,6193600,568,774200
0.00502887973561883,0.937977060675621,1.687396764755249,6194400,568,774300
0.0003156366874463856,0.9065056443214417,1.6531548500061035,6195200,568,774400
0.004130269400775433,0.8439618945121765,1.409915566444397,6196000,568,774500
0.00026259227888658643,0.9969338437076658,1.5719969272613525,6196800,568,774600
0.0025345797184854746,0.9798720702528954,1.4196851253509521,6197600,568,774700
0.0005960434209555387,0.6088200509548187,1.7664004564285278,6198400,568,774800
0.00027706846594810486,0.9700150601565838,1.5844591856002808,6199200,568,774900
0.006787441670894623,0.9700719155371189,1.563082218170166,6200000,568,775000
0.028171924874186516,0.8818311393260956,1.4787347316741943,6200800,568,775100
0.0060650380328297615,0.24067997932434082,1.4862760305404663,6201600,568,775200
0.0034127053804695606,0.969883318990469,1.4572739601135254,6202400,568,775300
0.00037130064447410405,0.9961654078215361,1.4643099308013916,6203200,568,775400
0.0010907520772889256,0.9892264623194933,1.7245532274246216,6204000,568,775500
0.0018482441082596779,0.9714226294308901,1.170339584350586,6204800,568,775600
0.0007490101270377636,0.9842620585113764,1.7565398216247559,6205600,568,775700
0.0006957881851121783,0.9917246885597706,1.6846758127212524,6206400,568,775800
0.026565123349428177,0.6128590404987335,1.7168083190917969,6207200,568,775900
0.0006479730363935232,0.9951964588835835,1.7320767641067505,6208000,568,776000
0.020029274746775627,0.7887364476919174,1.5270841121673584,6208800,568,776100
0.00043322681449353695,0.990610015578568,1.529075264930725,6209600,568,776200
0.00029914744663983583,0.9470509625971317,1.457000970840454,6210400,568,776300
0.0012871348299086094,0.9835399035364389,1.5999755859375,6211200,568,776400
0.004695456009358168,0.9472138062119484,1.4183533191680908,6212000,568,776500
0.03588561713695526,0.8851794004440308,1.491091012954712,6212800,568,776600
0.00033175188582390547,0.9946488975547254,1.6863240003585815,6213600,568,776700
0.0004228221077937633,0.9760905094444752,1.6003481149673462,6214400,568,776800
0.0010976477060467005,0.9835977386683226,1.5361652374267578,6215200,568,776900
0.000721020856872201,0.9939788640476763,1.5928301811218262,6216000,568,777000
0.0024516605772078037,0.9753971006721258,1.6687043905258179,6216800,568,777100
0.0005185296759009361,0.995489174965769,1.4841136932373047,6217600,568,777200
0.0031385133042931557,0.9724419619888067,1.655650019645691,6218400,568,777300
0.005315253511071205,0.979521457105875,1.7461292743682861,6219200,568,777400
0.00040739012183621526,0.7409399449825287,1.7192745208740234,6220000,568,777500
0.0027449079789221287,0.5920776724815369,1.5920238494873047,6220800,568,777600
0.00033748551504686475,0.6245412826538086,1.6526482105255127,6221600,568,777700
0.009685439057648182,0.6653101146221161,1.2948269844055176,6222400,568,777800
0.0006325887516140938,0.9962508771568537,1.6098383665084839,6223200,568,777900
0.0019188843434676528,0.9849794115871191,1.0965025424957275,6224000,568,778000
0.00036334816832095385,0.9952736678533256,1.7205002307891846,6224800,568,778100
0.00331023964099586,0.9758640788495541,1.418471336364746,6225600,568,778200
0.0015421247808262706,0.8584409803152084,1.740090012550354,6226400,568,778300
0.006096601486206055,0.8434909284114838,1.2162516117095947,6227200,568,778400
0.0011192127130925655,0.9906983226537704,1.7333611249923706,6228000,568,778500
0.0004123162943869829,0.9944664426147938,1.6936239004135132,6228800,568,778600
0.0004510251455940306,0.9959879429079592,1.5708000659942627,6229600,568,778700
0.0014168043853715062,0.9808851350098848,1.5101549625396729,6230400,568,778800
0.00020134150690864772,0.9760053474456072,1.6182498931884766,6231200,568,778900
0.0031933090649545193,0.9772579967975616,1.6361064910888672,6232000,568,779000
0.00017586219473741949,0.9901307439431548,1.0720529556274414,6232800,568,779100
0.00043785700108855963,0.9919833671301603,1.7024139165878296,6233600,568,779200
0.0005483253626152873,0.9955442985519767,1.7121455669403076,6234400,568,779300
0.0007460264023393393,0.9976978488266468,1.2016570568084717,6235200,568,779400
0.005031466018408537,0.9791486971080303,1.4325515031814575,6236000,568,779500
0.030178574845194817,0.7271842062473297,1.712704062461853,6236800,568,779600
0.0002889453317038715,0.9748347010463476,1.6958279609680176,6237600,568,779700
0.0018119609449058771,0.98772909399122,1.217827558517456,6238400,568,779800
0.0003194801975041628,0.993779240641743,1.6059796810150146,6239200,568,779900
0.0006658867932856083,0.9832289163023233,1.602684497833252,6240000,568,780000
0.00017992121865972877,0.9903198843821883,1.6671411991119385,6240800,568,780100
0.00045296133612282574,0.9909079307690263,1.6804336309432983,6241600,568,780200
0.00011933570931432769,0.9992313282564282,1.6690020561218262,6242400,568,780300
0.0004276626859791577,0.991341789253056,1.3867242336273193,6243200,568,780400
0.0009125179494731128,0.9936385545879602,1.6432929039001465,6244000,568,780500
0.034526173025369644,0.8852075487375259,1.5545015335083008,6244800,568,780600
0.00026674309629015625,0.9947278583422303,1.705570936203003,6245600,568,780700
0.0009614172740839422,0.980522695928812,1.5291281938552856,6246400,568,780800
0.000669121858663857,0.9913015207275748,1.6858606338500977,6247200,568,780900
0.0016662556445226073,0.9844285827130079,1.7257742881774902,6248000,568,781000
0.01455677393823862,0.8909473642706871,1.184399127960205,6248800,568,781100
0.0004273371596354991,0.724838137626648,1.3283486366271973,6249600,568,781200
0.0003706136776600033,0.9929915620014071,1.7599042654037476,6250400,568,781300
0.0003152507415506989,0.8843993470072746,1.3823235034942627,6251200,568,781400
0.0003397911204956472,0.9513061530888081,1.7522647380828857,6252000,568,781500
0.0008081572595983744,0.9911758787930012,1.415798306465149,6252800,568,781600
0.00039012846536934376,0.965568657964468,1.7059462070465088,6253600,568,781700
0.0003151610435452312,0.9944592048414052,1.4575920104980469,6254400,568,781800
0.009606510400772095,0.9227129891514778,1.5300137996673584,6255200,568,781900
0.0016016399022191763,0.9895050376653671,1.7573904991149902,6256000,568,782000
0.001250712899491191,0.9673454686999321,1.209047794342041,6256800,568,782100
0.000548485666513443,0.9879203410819173,1.6151434183120728,6257600,568,782200
0.015082225203514099,0.7537508606910706,1.469551682472229,6258400,568,782300
0.0016174704069271684,0.9764180574566126,1.7544655799865723,6259200,568,782400
0.004088429268449545,0.9776016101241112,1.5767366886138916,6260000,568,782500
0.004590730182826519,0.9159979820251465,1.7086334228515625,6260800,568,782600
0.0005061792908236384,0.9848427847027779,1.318793535232544,6261600,568,782700
0.0005194947589188814,0.9580417983233929,1.5451240539550781,6262400,568,782800
0.002630532719194889,0.8846885189414024,1.3621487617492676,6263200,568,782900
0.0020340424962341785,0.991526996716857,1.7339093685150146,6264000,568,783000
0.00031480734469369054,0.997009726241231,1.4925830364227295,6264800,568,783100
0.003347999881953001,0.6497693955898285,1.5913748741149902,6265600,568,783200
0.0021650774870067835,0.8246389776468277,1.7389683723449707,6266400,568,783300
0.002666219137609005,-3.97450590133667,1.7418477535247803,6267200,568,783400
0.0003423903835937381,0.9887287840247154,1.29750394821167,6268000,568,783500
0.0014328110264614224,0.9948745211586356,1.5709096193313599,6268800,568,783600
0.0006688575376756489,0.982245909050107,1.5926997661590576,6269600,568,783700
0.00039035273948684335,0.9924573171883821,1.6821914911270142,6270400,568,783800
0.010403892956674099,0.8830135017633438,1.6498581171035767,6271200,568,783900
0.0023518865928053856,0.9762772247195244,1.3194773197174072,6272000,568,784000
0.0038769501261413097,0.9468114227056503,1.2843469381332397,6272800,568,784100
0.00029756504227407277,0.9898993400856853,1.559037208557129,6273600,568,784200
0.0006841649301350117,0.9920307146385312,1.4180290699005127,6274400,568,784300
0.00508775794878602,0.8415051400661469,1.2349822521209717,6275200,568,784400
0.00014725980872754008,0.9991000705049373,1.7247333526611328,6276000,568,784500
0.0019539969507604837,0.9797435943037271,1.461571216583252,6276800,568,784600
0.0005341207724995911,0.9887436209246516,1.7142513990402222,6277600,568,784700
0.0012619291665032506,0.9900473337620497,1.4351041316986084,6278400,568,784800
0.0009554283460602164,0.9883912494406104,1.7028650045394897,6279200,568,784900
0.00914535392075777,0.9560703262686729,1.4376096725463867,6280000,568,785000
0.000500992638990283,0.9652369730174541,1.3525644540786743,6280800,568,785100
0.002310131210833788,0.98480393178761,1.5084925889968872,6281600,568,785200
0.0018788494635373354,0.9941079765558243,1.5686891078948975,6282400,568,785300
0.0032577053643763065,0.9829404540359974,1.4240424633026123,6283200,568,785400
0.0005014728521928191,0.9900524150580168,1.716442346572876,6284000,568,785500
0.015501925721764565,0.9416848756372929,1.7156977653503418,6284800,568,785600
0.0018603118369355798,0.9671615585684776,1.7605273723602295,6285600,568,785700
0.0015440384158864617,0.9804582316428423,1.738187551498413,6286400,568,785800
0.0006242321105673909,0.9955618171952665,1.4783859252929688,6287200,568,785900
0.00036592077231034636,0.9899030746892095,1.7315597534179688,6288000,568,786000
0.0037735148798674345,0.5802575945854187,1.542593002319336,6288800,568,786100
0.0008338639745488763,0.9228097572922707,1.5641120672225952,6289600,568,786200
0.0012607877142727375,0.990593240596354,1.7295904159545898,6290400,568,786300
0.004913530312478542,0.8912705853581429,1.5058987140655518,6291200,568,786400
0.0009769848547875881,0.9932384020648897,1.7689729928970337,6292000,568,786500
0.0005397570785135031,0.975647360086441,1.6514217853546143,6292800,568,786600
0.0007353054825216532,0.980971671640873,1.3936810493469238,6293600,568,786700
0.0009627955732867122,0.9956144117750227,1.4576762914657593,6294400,568,786800
0.003505911910906434,0.9744968339800835,1.5127089023590088,6295200,568,786900
0.0052388450130820274,0.9388727135956287,1.5370107889175415,6296000,568,787000
0.00035595151712186635,0.9870899664238095,1.620802402496338,6296800,568,787100
0.0002603234606795013,0.9964726043399423,1.7458159923553467,6297600,568,787200
0.004025882109999657,0.9708315450698137,1.3788933753967285,6298400,568,787300
0.004209017381072044,0.934704028069973,1.4657371044158936,6299200,568,787400
0.0005495956283994019,0.9835914131253958,1.69901704788208,6300000,568,787500
0.0006918723229318857,0.9827318210154772,1.504925012588501,6300800,568,787600
0.00046977668534964323,0.9870005175471306,1.419860601425171,6301600,568,787700
0.00036957094562239945,0.9847324825823307,1.4024829864501953,6302400,568,787800
0.0019518029876053333,0.9769683443009853,1.7605876922607422,6303200,568,787900
0.0010652535129338503,0.9898192482069135,1.6864895820617676,6304000,568,788000
0.0007317264098674059,0.9954568739049137,1.3583333492279053,6304800,568,788100
0.0012440974824130535,0.9580163843929768,1.752878189086914,6305600,568,788200
0.0010361616732552648,0.9931484907865524,1.7020113468170166,6306400,568,788300
0.0006080809398554265,0.997819276759401,1.4348232746124268,6307200,568,788400
0.0010365881025791168,0.8682341128587723,1.7480496168136597,6308000,568,788500
8.267854718724266e-05,0.9969141974579543,1.6513001918792725,6308800,568,788600
0.0005210855160839856,0.9673733934760094,1.4278062582015991,6309600,568,788700
0.0013840398751199245,0.9753151852637529,1.222221851348877,6310400,568,788800
0.0009281301172450185,0.9950271341949701,1.6848268508911133,6311200,568,788900
0.04151057451963425,0.5802443325519562,1.5786468982696533,6312000,568,789000
0.0028016362339258194,0.976585166528821,1.7487773895263672,6312800,568,789100
0.007114232983440161,0.9682985097169876,1.2822017669677734,6313600,568,789200
0.0006935523124411702,0.9928483027033508,1.622133493423462,6314400,568,789300
0.0006894197431392968,0.9964675998780876,1.7347640991210938,6315200,568,789400
0.0014418524224311113,-0.5264602899551392,1.5223084688186646,6316000,568,789500
0.0002066685410682112,0.9938977397978306,1.6875064373016357,6316800,568,789600
0.004885789006948471,0.9470995962619781,1.4664874076843262,6317600,568,789700
0.000518668326549232,0.9960873071104288,1.5073456764221191,6318400,568,789800
0.0021251568105071783,0.9801132921129465,1.751853585243225,6319200,568,789900
0.0012567690573632717,0.983169661834836,1.2090362310409546,6320000,568,790000
0.00021325467969290912,0.9990325068356469,1.6438429355621338,6320800,568,790100
0.002677920972928405,0.9433575756847858,1.713652491569519,6321600,568,790200
0.00017320724145974964,0.9957468332722783,1.2884794473648071,6322400,568,790300
0.015016177669167519,0.5857312381267548,1.115823745727539,6323200,568,790400
0.0007427800446748734,0.9776916056871414,1.7533769607543945,6324000,568,790500
0.0006549932295456529,0.993630915414542,1.4780620336532593,6324800,568,790600
0.0008234673878178,0.9311304241418839,1.6199333667755127,6325600,568,790700
0.00045562617015093565,0.9937522248364985,1.7533526420593262,6326400,568,790800
0.0013065494131296873,0.9610876142978668,1.486942172050476,6327200,568,790900
0.001423696638084948,0.9919474180787802,1.1341358423233032,6328000,568,791000
0.001613143365830183,0.9502047412097454,1.6671264171600342,6328800,568,791100
0.0015724531840533018,0.9959651897661388,1.6732454299926758,6329600,568,791200
0.000697618059348315,0.9934865771792829,1.687013864517212,6330400,568,791300
0.0026080699171870947,0.9827834665775299,1.570573091506958,6331200,568,791400
0.00028824672335758805,0.9968121971469373,1.4377225637435913,6332000,568,791500
0.0003137550374958664,0.9943468100391328,1.766133427619934,6332800,568,791600
0.0002613742835819721,0.9945380887947977,1.446868896484375,6333600,568,791700
0.0007336001144722104,0.9868107913061976,1.452214002609253,6334400,568,791800
0.00018717083730734885,0.9968041707761586,1.7415791749954224,6335200,568,791900
0.0006233694148249924,0.9835378583520651,1.5170201063156128,6336000,568,792000
7.231848576338962e-05,0.9972687338013202,1.5135059356689453,6336800,568,792100
0.0003074409905821085,0.9931430676952004,1.4815170764923096,6337600,568,792200
0.00032994788489304483,0.9932901808060706,1.7111488580703735,6338400,568,792300
0.0005271676927804947,0.9981251726858318,1.7395119667053223,6339200,568,792400
0.00021460071729961783,0.9641701094806194,1.7626062631607056,6340000,568,792500
0.0014155752724036574,0.5232601463794708,1.6919262409210205,6340800,568,792600
0.002750697545707226,0.8987343236804008,1.1295266151428223,6341600,568,792700
0.0012770071625709534,0.9913668865337968,1.5203633308410645,6342400,568,792800
0.0004934571334160864,0.9860352547839284,1.498336911201477,6343200,568,792900
0.0005486014997586608,0.9960251376032829,1.5226272344589233,6344000,568,793000
0.008481702767312527,0.8671490252017975,1.7630016803741455,6344800,568,793100
0.00018571682448964566,0.998440935392864,1.6731648445129395,6345600,568,793200
0.0006373750511556864,0.992372524458915,1.5765012502670288,6346400,568,793300
0.005222410429269075,0.9591371826827526,1.6733638048171997,6347200,568,793400
0.0026657129637897015,0.9365923032164574,1.1947318315505981,6348000,568,793500
0.00039021813427098095,0.9957703328691423,1.710548996925354,6348800,568,793600
0.0005998465931043029,0.990824282169342,1.5412276983261108,6349600,568,793700
0.001966400071978569,0.9881862998008728,1.732757329940796,6350400,568,793800
0.000559851061552763,0.9855259945616126,1.54075026512146,6351200,568,793900
0.0004460219934117049,0.9940447644330561,1.7097413539886475,6352000,568,794000
0.0007513610762543976,0.9939499348402023,1.6951894760131836,6352800,568,794100
0.0011366978287696838,0.9929671874269843,1.536697506904602,6353600,568,794200
0.0011386072728782892,0.9823073260486126,1.5811415910720825,6354400,568,794300
5.6542077800258994e-05,0.9968279018066823,1.749863624572754,6355200,568,794400
0.004300469066947699,0.3874257206916809,1.672769546508789,6356000,568,794500
0.0004336159327067435,0.9945612009614706,1.7199375629425049,6356800,568,794600
0.0009753162739798427,0.9816361702978611,1.7295970916748047,6357600,568,794700
0.006458899937570095,0.9761599060148001,1.6638569831848145,6358400,568,794800
0.00026053248438984156,-2.062904119491577,1.7086701393127441,6359200,568,794900
0.0004855525039602071,0.4206819534301758,1.6667486429214478,6360000,568,795000
0.0024231576826423407,0.986055082641542,1.1913599967956543,6360800,568,795100
0.0033035078085958958,0.6068722605705261,1.5181992053985596,6361600,568,795200
0.001039467053487897,0.9853030042722821,1.3288320302963257,6362400,568,795300
0.00793272815644741,0.4309768080711365,1.4902591705322266,6363200,568,795400
0.0011591182556003332,0.9812271762639284,1.4160938262939453,6364000,568,795500
0.007866115309298038,0.9696856588125229,1.7027640342712402,6364800,568,795600
0.0006960630998946726,0.8629777431488037,1.3433037996292114,6365600,568,795700
0.0010926430113613605,0.9714963268488646,1.7284010648727417,6366400,568,795800
0.024146845564246178,0.689431220293045,0.8643220067024231,6367200,568,795900
0.0004143211990594864,0.9913644110783935,1.4522032737731934,6368000,568,796000
0.0007066474645398557,0.9461561255156994,1.1142606735229492,6368800,568,796100
0.0005373273743316531,0.9880332732573152,1.6769299507141113,6369600,568,796200
0.000800671405158937,0.9941270649433136,1.471675157546997,6370400,568,796300
0.0024820438120514154,0.9752095453441143,1.7129679918289185,6371200,568,796400
0.00038524731644429266,0.9916310673579574,1.4521994590759277,6372000,568,796500
0.00011069090396631509,0.9917889917269349,1.4357575178146362,6372800,568,796600
0.000431292864959687,0.9855034779757261,1.438844919204712,6373600,568,796700
0.0002637682482600212,0.9973980193026364,1.5027680397033691,6374400,568,796800
0.0011916996445506811,0.9715349599719048,1.7283949851989746,6375200,568,796900
0.0005802063387818635,0.9782863296568394,1.4938480854034424,6376000,568,797000
4.988082218915224e-05,0.9997633134189527,1.7704616785049438,6376800,568,797100
0.00011484295828267932,0.9976407769136131,1.3466459512710571,6377600,568,797200
0.00012659502681344748,0.9936575405299664,1.7186172008514404,6378400,568,797300
0.00013562029926106334,0.9981714751338586,1.5822117328643799,6379200,568,797400
0.00213308772072196,0.9702802151441574,1.1531476974487305,6380000,568,797500
0.001123130088672042,0.9942532801069319,1.5769091844558716,6380800,568,797600
0.0005750897689722478,0.938759732991457,1.716256856918335,6381600,568,797700
0.003102105576545,0.9601825624704361,1.121640682220459,6382400,568,797800
2.0716350263683125e-05,0.9991092114942148,1.475457787513733,6383200,568,797900
0.0010639114771038294,0.9932271619327366,1.684407353401184,6384000,568,798000
0.0009923978941515088,0.9871170856058598,1.7124300003051758,6384800,568,798100
0.00046338277752511203,0.9915267759934068,1.5958161354064941,6385600,568,798200
0.00017107730673160404,0.9878621576353908,1.3584421873092651,6386400,568,798300
0.0001642824790906161,0.998272733646445,1.7586731910705566,6387200,568,798400
0.0009259888902306557,0.9749144110828638,1.5622975826263428,6388000,568,798500
0.0003731383185368031,0.9945054575800896,1.7501283884048462,6388800,568,798600
0.0010493614245206118,0.9897701647132635,1.4300755262374878,6389600,568,798700
0.0002799077774398029,0.9952780287712812,1.5438190698623657,6390400,568,798800
0.0031079978216439486,0.9846300706267357,1.7072060108184814,6391200,568,798900
0.0012247392442077398,0.9661322832107544,1.0345337390899658,6392000,568,799000
0.0004646072047762573,0.977400865405798,1.361177921295166,6392800,568,799100
0.0016318019479513168,0.995109939482063,1.7217276096343994,6393600,568,799200
0.0003342369163874537,0.9918293096125126,1.700916051864624,6394400,568,799300
0.0002608452341519296,0.8862651437520981,1.6874568462371826,6395200,568,799400
6.623758963542059e-05,0.9956447943113744,1.2835657596588135,6396000,568,799500
0.00019576992781367153,0.9743221942335367,1.697916030883789,6396800,568,799600
0.0002462827251292765,0.9968467715661973,1.4379454851150513,6397600,568,799700
0.0005500845145434141,0.9872169392183423,1.7568540573120117,6398400,568,799800
0.0003309800522401929,0.9964103673119098,1.7294316291809082,6399200,568,799900
0.00019921665079891682,0.9836398754268885,1.4814685583114624,6400000,568,800000
0.001979526598006487,0.9089245349168777,1.60919189453125,6400800,568,800100
0.0016222121194005013,0.8223364949226379,1.7114611864089966,6401600,568,800200
0.0027000801637768745,0.9322026446461678,1.5921962261199951,6402400,568,800300
0.004382613115012646,0.8058260083198547,1.6916799545288086,6403200,568,800400
0.0033639296889305115,0.9538632556796074,1.7080360651016235,6404000,568,800500
0.0014924583956599236,0.9936962742358446,1.6672285795211792,6404800,568,800600
0.0003110714606009424,0.9835920818150043,1.7202762365341187,6405600,568,800700
0.0012198190670460463,0.9742848705500364,1.6585010290145874,6406400,568,800800
0.0017452342435717583,0.977056160569191,1.5734374523162842,6407200,568,800900
0.0004521387745626271,0.9982137910556048,1.7621371746063232,6408000,568,801000
0.00044519067159853876,0.996411505388096,1.7251862287521362,6408800,568,801100
0.0006645711837336421,0.9825061354786158,1.3657827377319336,6409600,568,801200
0.001525926636531949,0.9918267810717225,1.7169361114501953,6410400,568,801300
0.0640794113278389,0.6998855769634247,1.615931510925293,6411200,568,801400
0.027194974943995476,-0.06536805629730225,1.1329834461212158,6412000,568,801500
0.0008612810634076595,0.9778025541454554,1.4199728965759277,6412800,568,801600
0.0015835064696148038,0.9910023892298341,1.728161096572876,6413600,568,801700
0.0008913202909752727,0.8697277754545212,1.2696536779403687,6414400,568,801800
0.00020999362459406257,0.956815455108881,1.7547619342803955,6415200,568,801900
0.0005984038580209017,0.9834092818200588,1.3829405307769775,6416000,568,802000
0.000499229587148875,0.9637464918196201,1.3059663772583008,6416800,568,802100
0.00015084385813679546,0.9976936418097466,1.4144604206085205,6417600,568,802200
0.0012933181133121252,0.9273824691772461,1.4629065990447998,6418400,568,802300
3.0270477509475313e-05,0.9993513267254457,1.5315356254577637,6419200,568,802400
0.00034225714625790715,0.9972427764441818,1.5763945579528809,6420000,568,802500
0.0002017732767853886,0.9985025565838441,1.7648972272872925,6420800,568,802600
0.0039432295598089695,0.7617184817790985,1.3777525424957275,6421600,568,802700
0.0013657165691256523,0.9953510868363082,1.4515620470046997,6422400,568,802800
0.0002631000243127346,0.9861270980909467,1.639267086982727,6423200,568,802900
0.0002885296125896275,0.9953318247571588,1.6980286836624146,6424000,568,803000
0.00031148004927672446,0.9933342132717371,1.5546904802322388,6424800,568,803100
0.00035942820250056684,0.9820066317915916,1.6461212635040283,6425600,568,803200
8.720094047021121e-05,0.9981770247686654,1.572690486907959,6426400,568,803300
0.0036069767083972692,0.9542105533182621,1.64382004737854,6427200,568,803400
0.0002746366080828011,0.9959897445514798,1.3752697706222534,6428000,568,803500
0.0001569095184095204,0.998843586887233,1.5673439502716064,6428800,568,803600
0.00021049741189926863,0.9905328508466482,1.4535433053970337,6429600,568,803700
0.025220999494194984,0.9370978474617004,1.607154369354248,6430400,568,803800
6.411754293367267e-05,0.9987214874709025,1.743750810623169,6431200,568,803900
0.0007243161089718342,0.9931370317935944,1.531275749206543,6432000,568,804000
0.0005701816407963634,0.995850479695946,1.4767483472824097,6432800,568,804100
0.0004623472923412919,0.9976184763945639,1.7268788814544678,6433600,568,804200
0.0002737428294494748,0.9985222102841362,1.6883924007415771,6434400,568,804300
0.00025883049238473177,0.9888400994241238,1.45621919631958,6435200,568,804400
0.0009659137576818466,0.9626495651900768,1.620405673980713,6436000,568,804500
0.0005846187123097479,0.9772012494504452,1.3035008907318115,6436800,568,804600
0.00015747979341540486,0.9937851689755917,1.6302095651626587,6437600,568,804700
0.0007077581249177456,0.9958209316246212,1.647923469543457,6438400,568,804800
0.00046066357754170895,0.9730105232447386,1.4886009693145752,6439200,568,804900
0.002378982724621892,0.9809264540672302,1.62289297580719,6440000,568,805000
0.0007699979469180107,0.9336748421192169,1.2140450477600098,6440800,568,805100
0.00023084589338395745,0.9971517699304968,1.7110289335250854,6441600,568,805200
0.00014226454368326813,0.9952149465680122,1.678881049156189,6442400,568,805300
0.0005780236097052693,0.9853557301685214,1.5590946674346924,6443200,568,805400
0.0039337798953056335,0.9609458111226559,1.5407865047454834,6444000,568,805500
6.674672476947308e-05,0.9974672684911638,1.4911357164382935,6444800,568,805600
0.0005452986224554479,0.990926424972713,1.7729732990264893,6445600,568,805700
0.000658225326333195,0.9864724110811949,1.647218942642212,6446400,568,805800
0.0003892781096510589,0.9883462954312563,1.7015058994293213,6447200,568,805900
0.001461482490412891,0.9961902508512139,1.7200891971588135,6448000,568,806000
0.0016525470418855548,0.96176977455616,1.6386653184890747,6448800,568,806100
0.0006023863097652793,0.9710708651691675,0.9844350814819336,6449600,568,806200
0.0007450197590515018,0.9852451514452696,1.6912152767181396,6450400,568,806300
2.7651063646771945e-05,0.9981509287608787,1.4669101238250732,6451200,568,806400
0.0002248985256301239,0.9546656981110573,1.737431526184082,6452000,568,806500
0.005314277485013008,0.9710498061031103,1.5486916303634644,6452800,568,806600
0.0003360074770171195,0.9664185009896755,1.6023313999176025,6453600,568,806700
0.010380364023149014,0.9560238122940063,1.547931432723999,6454400,568,806800
0.0002777785703074187,0.9890419309958816,1.255601406097412,6455200,568,806900
0.0006394602824002504,0.9960378822870553,1.737170696258545,6456000,568,807000
0.002057440113276243,0.9930427838116884,1.6493703126907349,6456800,568,807100
0.000748125952668488,0.9926104079931974,1.3898801803588867,6457600,568,807200
0.005209494847804308,0.8429767489433289,1.7195520401000977,6458400,568,807300
0.0001648310135351494,0.9986176310339943,1.752383828163147,6459200,568,807400
0.03258508816361427,0.8540009111166,1.5482240915298462,6460000,568,807500
0.0003509132075123489,0.9970948726404458,1.7157773971557617,6460800,568,807600
0.003165575210005045,0.9631194248795509,1.3508213758468628,6461600,568,807700
0.0002901900152210146,0.9334235042333603,1.6865434646606445,6462400,568,807800
0.016413893550634384,0.871416300535202,1.4417270421981812,6463200,568,807900
0.00012018387496937066,0.9974657797720283,1.7572472095489502,6464000,568,808000
0.0027198530733585358,0.9870495637878776,1.7265827655792236,6464800,568,808100
0.0007773006218485534,0.9934239028953016,1.4177815914154053,6465600,568,808200
0.0006331611075438559,0.957453440874815,1.7506272792816162,6466400,568,808300
0.008550921455025673,0.9628418907523155,1.3830351829528809,6467200,568,808400
0.00010514971654629335,0.9988063756609336,1.6054823398590088,6468000,568,808500
0.0006064354674890637,0.9925528457388282,1.6512486934661865,6468800,568,808600
0.0009006085456348956,0.8792116940021515,1.4750330448150635,6469600,568,808700
0.0006531000253744423,0.9958585062995553,1.7547489404678345,6470400,568,808800
0.0003631825093179941,0.9982700296677649,1.3699787855148315,6471200,568,808900
0.0002319578779861331,0.9985327335307375,1.752471923828125,6472000,568,809000
0.00010571074381005019,0.9983364143408835,1.537833571434021,6472800,568,809100
0.0002878246014006436,0.9963282588869333,1.6755906343460083,6473600,568,809200
0.00032572419149801135,0.9950746279209852,1.5119750499725342,6474400,568,809300
0.00014920199464540929,0.9942752243950963,1.402355670928955,6475200,568,809400
0.00022864727361593395,0.9984551428351551,1.7373104095458984,6476000,568,809500
0.0032938376534730196,0.9617997631430626,1.2331492900848389,6476800,568,809600
0.0002775625034701079,0.998208756907843,1.672147512435913,6477600,568,809700
0.0005476422957144678,0.9857335509732366,1.2873640060424805,6478400,568,809800
0.0028121371287852526,0.9818881880491972,1.4271068572998047,6479200,568,809900
0.00015940016601234674,0.9956495543010533,1.7590476274490356,6480000,568,810000
0.0012369835749268532,0.9918902730569243,1.5361019372940063,6480800,568,810100
0.0029950919561088085,0.9802907854318619,1.3547015190124512,6481600,568,810200
0.00043020310113206506,0.9667176567018032,1.7406980991363525,6482400,568,810300
0.0019520323257893324,0.9919815408065915,1.3531019687652588,6483200,568,810400
0.0008740036282688379,0.9190545082092285,1.4932570457458496,6484000,568,810500
0.0002292488352395594,0.9951508129015565,1.449710488319397,6484800,568,810600
0.0022322959266602993,0.9837424661964178,1.4963622093200684,6485600,568,810700
0.0005504244472831488,0.9804637115448713,1.4561436176300049,6486400,568,810800
0.0001437373721273616,0.9971133708022535,1.5859668254852295,6487200,568,810900
0.0023442558012902737,0.9887708304449916,1.1323521137237549,6488000,568,811000
0.00031987845432013273,0.998228739365004,1.7289544343948364,6488800,568,811100
0.00023611992946825922,0.9883111948147416,1.386556625366211,6489600,568,811200
0.0011235744459554553,0.9860035916790366,1.7528568506240845,6490400,568,811300
0.00022996251937001944,0.9960265276022255,1.3663578033447266,6491200,568,811400
0.0002334221062483266,0.9923767624422908,1.6653614044189453,6492000,568,811500
0.0001069539794116281,0.9968904429115355,1.7483258247375488,6492800,568,811600
0.00019525663810782135,0.9934056340716779,1.3825818300247192,6493600,568,811700
0.00010753267270047218,0.9994490971439518,1.6840839385986328,6494400,568,811800
0.0005802111700177193,0.9927642988041043,1.7118083238601685,6495200,568,811900
0.00030400732066482306,0.9965280524920672,1.5123119354248047,6496000,568,812000
0.00014366485993377864,0.9949786877259612,1.4902243614196777,6496800,568,812100
0.00021529833611566573,0.995289059355855,1.70607328414917,6497600,568,812200
0.0077836113050580025,0.966405589133501,1.509702444076538,6498400,568,812300
0.0002503824362065643,0.9065796360373497,1.690901756286621,6499200,568,812400
0.00013651861809194088,0.9973306469619274,1.7376054525375366,6500000,568,812500
0.001808929955586791,0.7497446537017822,1.750331997871399,6500800,568,812600
0.00017385504906997085,0.9963403576985002,1.4025100469589233,6501600,568,812700
0.00023123659775592387,0.9780810512602329,1.5460952520370483,6502400,568,812800
0.00013540690997615457,0.9984550179215148,1.6988210678100586,6503200,568,812900
0.0067562866024672985,0.9685861803591251,1.4653286933898926,6504000,568,813000
0.0012614704901352525,0.9663495309650898,1.4531450271606445,6504800,568,813100
0.001940834685228765,0.93918277323246,1.5137282609939575,6505600,568,813200
0.00036361892125569284,0.9877322847023606,1.225928783416748,6506400,568,813300
0.0029491279274225235,0.9466102793812752,1.5722744464874268,6507200,568,813400
0.0008087194291874766,0.9854062022641301,1.423475742340088,6508000,568,813500
0.01976846344769001,-0.6495563983917236,1.6946218013763428,6508800,568,813600
0.0004909167182631791,0.993704354390502,1.6107499599456787,6509600,568,813700
0.004060729406774044,-0.513373613357544,1.4998421669006348,6510400,568,813800
0.008465135470032692,0.9227994680404663,1.5679339170455933,6511200,568,813900
0.004607670940458775,0.9890966806560755,1.393439531326294,6512000,568,814000
0.0005404029507189989,0.9964212290942669,1.6942493915557861,6512800,568,814100
0.0011386910919100046,0.9785923790186644,1.7250959873199463,6513600,568,814200
0.0005374623578973114,0.9913212386891246,1.417670488357544,6514400,568,814300
0.0007766149938106537,0.967388704419136,1.2854506969451904,6515200,568,814400
0.007881305180490017,0.9390130676329136,1.4012303352355957,6516000,568,814500
0.0017687275540083647,0.978208227083087,1.1892553567886353,6516800,568,814600
0.0006229320424608886,0.9752752669155598,1.5441861152648926,6517600,568,814700
0.0006943019106984138,0.981823556125164,1.6262844800949097,6518400,568,814800
0.00029078786610625684,0.9990762305096723,1.4873162508010864,6519200,568,814900
0.0029171425849199295,0.9732953626662493,1.3509126901626587,6520000,568,815000
0.0002712330315262079,0.994297731667757,1.4823687076568604,6520800,568,815100
0.005535418633371592,0.9581422246992588,1.319648027420044,6521600,568,815200
0.0003700103552546352,0.9950497043319046,1.7107375860214233,6522400,568,815300
0.0053299805149436,0.9445386044681072,1.3572936058044434,6523200,568,815400
0.0005451833712868392,0.9960255804471672,1.7295407056808472,6524000,568,815500
0.001754900673404336,0.9909820631146431,1.5115907192230225,6524800,568,815600
0.00041214399971067905,0.9953097645193338,1.7392327785491943,6525600,568,815700
0.06316673755645752,0.728094220161438,1.6462926864624023,6526400,568,815800
0.005543606821447611,0.9327656701207161,1.6018173694610596,6527200,568,815900
0.013462481088936329,0.38400202989578247,1.5883785486221313,6528000,568,816000
0.0007579480879940093,0.9894090332090855,1.67862868309021,6528800,568,816100
0.002550737699493766,0.922074168920517,1.3191421031951904,6529600,568,816200
0.0006736118812114,0.9472831971943378,1.6644978523254395,6530400,568,816300
0.00033383056870661676,0.9971579499542713,1.7665634155273438,6531200,568,816400
0.0005852209287695587,0.9789931438863277,1.4363930225372314,6532000,568,816500
0.0017563396831974387,0.9721552394330502,1.7092196941375732,6532800,568,816600
0.0003150859265588224,0.9904399216175079,1.4128905534744263,6533600,568,816700
0.0012264071265235543,0.9898817529901862,1.3835645914077759,6534400,568,816800
0.0005336636677384377,0.9947502827271819,1.692065954208374,6535200,568,816900
0.00010327418567612767,0.9974874767940491,1.5025787353515625,6536000,568,817000
0.00045115588000044227,0.9880634266883135,1.1166610717773438,6536800,568,817100
0.0038676862604916096,0.9448450766503811,1.5287549495697021,6537600,568,817200
0.00048179615987464786,0.9947220333851874,1.7527114152908325,6538400,568,817300
0.0018546932842582464,0.9328152984380722,1.4159395694732666,6539200,568,817400
0.00011643452307907864,0.9986091972095892,1.725798487663269,6540000,568,817500
0.031222185119986534,0.7445054650306702,1.3511848449707031,6540800,568,817600
0.0002872494515031576,0.998273863340728,1.5771738290786743,6541600,568,817700
7.251554052345455e-05,0.9952015760354698,1.742203950881958,6542400,568,817800
0.005958255380392075,0.9753973111510277,1.7412124872207642,6543200,568,817900
0.0005604493198916316,0.9880034662783146,1.7603461742401123,6544000,568,818000
0.00023634391254745424,0.9959001741372049,1.7054555416107178,6544800,568,818100
0.0005694732535630465,0.978697570040822,1.5562973022460938,6545600,568,818200
0.0005524781881831586,0.9708522707223892,1.5003960132598877,6546400,568,818300
0.001777498982846737,0.9889828767627478,1.4542721509933472,6547200,568,818400
0.0011569076450541615,0.9926340486854315,1.4239931106567383,6548000,568,818500
0.00010464464139658958,0.9984068060293794,1.4385695457458496,6548800,568,818600
0.001695841085165739,0.9833278078585863,1.729001522064209,6549600,568,818700
0.0005414002807810903,0.981681365519762,1.6850409507751465,6550400,568,818800
0.0004356134159024805,0.9982196085620672,1.570449948310852,6551200,568,818900
0.0002737652393989265,0.994946904014796,1.7505133152008057,6552000,568,819000
0.0006374014774337411,0.996942660305649,1.4926996231079102,6552800,568,819100
0.007372208405286074,0.5123513638973236,1.4666671752929688,6553600,568,819200
0.0009462463203817606,0.9942422905005515,1.7181627750396729,6554400,568,819300
0.00022257289674598724,0.998751119710505,1.6982167959213257,6555200,568,819400
0.0023996608797460794,0.8313437402248383,1.741675853729248,6556000,568,819500
0.0008000496309250593,0.9983705533668399,1.5266848802566528,6556800,568,819600
0.00238329847343266,0.9744858834892511,1.5919874906539917,6557600,568,819700
0.0005918479291722178,0.99306914024055,1.5110063552856445,6558400,568,819800
0.0008199133444577456,0.9802480712532997,1.3817462921142578,6559200,568,819900
0.001269578468054533,0.9380643144249916,1.5035290718078613,6560000,568,820000
0.013953238725662231,0.8622999638319016,1.4620120525360107,6560800,568,820100
0.00047535309568047523,0.9889674931764603,1.3865818977355957,6561600,568,820200
0.02950950339436531,0.8420228809118271,1.4818768501281738,6562400,569,820300
0.0006561604677699506,0.9483095891773701,1.5187554359436035,6563200,569,820400
0.00030072504887357354,0.9956383616663516,1.7528083324432373,6564000,569,820500
0.0002879774838220328,0.9915393451228738,1.3551275730133057,6564800,569,820600
0.00011465283023426309,0.9982096401508898,1.779653787612915,6565600,569,820700
0.0001674131053732708,0.9926463533192873,1.686363697052002,6566400,569,820800
0.0003595301532186568,0.8893313258886337,1.4127538204193115,6567200,569,820900
0.0002458715462125838,0.9963139670435339,1.642612338066101,6568000,569,821000
0.000770634098444134,0.9732830468565226,1.3732972145080566,6568800,569,821100
0.0025948407128453255,0.7742433249950409,1.7640591859817505,6569600,569,821200
0.001211657770909369,0.976183544844389,1.4993116855621338,6570400,569,821300
0.00012715236516669393,0.966110534965992,1.7656245231628418,6571200,569,821400
0.001173057476989925,0.9904455980286002,1.3468921184539795,6572000,569,821500
0.000297535618301481,0.9948301403783262,1.5210012197494507,6572800,569,821600
0.010965355671942234,0.8136895149946213,1.5908088684082031,6573600,569,821700
0.002005652291700244,0.9639470092952251,1.4748456478118896,6574400,569,821800
0.016752885654568672,0.8834679797291756,1.6642372608184814,6575200,569,821900
0.002710967557504773,0.5430667996406555,1.4958218336105347,6576000,569,822000
0.0027405880391597748,0.982824519276619,1.5014464855194092,6576800,569,822100
0.0008060372201725841,0.9710885193198919,1.7141319513320923,6577600,569,822200
0.0006070492090657353,0.9915929352864623,1.38510000705719,6578400,569,822300
0.0010438901372253895,0.9277055338025093,1.7312167882919312,6579200,569,822400
0.0002643694751895964,0.9964181592222303,1.4983196258544922,6580000,569,822500
0.000647125649265945,0.9324337393045425,1.6089155673980713,6580800,569,822600
0.0008593510719947517,0.9942267728038132,1.7232933044433594,6581600,569,822700
0.00031571800354868174,0.9975909888744354,1.7081464529037476,6582400,569,822800
0.0007208758615888655,0.858756422996521,1.4704768657684326,6583200,569,822900
0.000595820602029562,0.9928153217770159,1.7142338752746582,6584000,569,823000
0.00028244161512702703,0.9841493759304285,1.461169958114624,6584800,569,823100
0.0002128074993379414,0.9669191353023052,1.7636488676071167,6585600,569,823200
0.0004772362008225173,0.9952439544722438,1.4811447858810425,6586400,569,823300
0.0002307405084138736,0.9953789901919663,1.5202884674072266,6587200,569,823400
0.0008747020037844777,0.9600022472441196,1.16497004032135,6588000,569,823500
0.00299711711704731,-0.5726231336593628,1.72662353515625,6588800,569,823600
0.0012644397793337703,0.9753794055432081,1.384537696838379,6589600,569,823700
0.0004809090751223266,0.9856417663395405,1.114909291267395,6590400,569,823800
7.496608304791152e-05,0.998054297757335,1.3955862522125244,6591200,569,823900
0.010363281704485416,0.9382884800434113,1.5607858896255493,6592000,569,824000
0.0005206800415180624,0.9940328039228916,1.7547531127929688,6592800,569,824100
0.001637606299482286,0.9937965925782919,1.746885061264038,6593600,569,824200
0.00034196965862065554,0.9977216059342027,1.7435994148254395,6594400,569,824300
0.02905292809009552,0.74580118060112,1.6867215633392334,6595200,569,824400
0.0001640712725929916,0.9849940296262503,1.4008402824401855,6596000,569,824500
0.00045874243369325995,0.9914885647594929,1.7430356740951538,6596800,569,824600
0.006356833036988974,0.7413345277309418,1.3704437017440796,6597600,569,824700
0.00012040846195304766,0.9977729110978544,1.7618403434753418,6598400,569,824800
0.00030033400980755687,0.9835331328213215,1.7112717628479004,6599200,569,824900
0.001997728366404772,0.9948895499110222,1.7311136722564697,6600000,569,825000
0.0003282411489635706,0.9888928383588791,1.7621148824691772,6600800,569,825100
0.00018011416250374168,0.9843660853803158,1.7743453979492188,6601600,569,825200
0.03470051288604736,0.863590195775032,1.526698350906372,6602400,569,825300
0.0001048729827743955,0.9935856610536575,1.2421996593475342,6603200,569,825400
0.00010253524669678882,0.9831226766109467,1.7680885791778564,6604000,569,825500
0.00665302574634552,0.8786925002932549,1.472092628479004,6604800,569,825600
0.0011133674997836351,0.9627335667610168,1.4974294900894165,6605600,569,825700
0.001915943343192339,0.9009504318237305,1.4806917905807495,6606400,569,825800
0.00036048953188583255,0.9841046631336212,1.7740142345428467,6607200,569,825900
0.011840119026601315,0.817675307393074,1.7680391073226929,6608000,569,826000
5.7973833463620394e-05,0.9998215746891219,1.7521464824676514,6608800,569,826100
0.00019838454318232834,0.9843832217156887,1.7463493347167969,6609600,569,826200
0.0001667503674980253,0.9976080628111959,1.4997049570083618,6610400,569,826300
0.0019466239027678967,0.977489972487092,1.561532974243164,6611200,569,826400
0.001400887267664075,0.9812394455075264,1.7449461221694946,6612000,569,826500
0.0007725241594016552,0.9830245859920979,1.5447185039520264,6612800,569,826600
7.688184996368363e-05,0.9983666838379577,1.5507923364639282,6613600,569,826700
0.0003325698780827224,0.9981315393233672,1.5957036018371582,6614400,569,826800
0.0005301915807649493,0.9782829079777002,1.606546401977539,6615200,569,826900
0.0008339840569533408,0.9883834831416607,1.5823301076889038,6616000,569,827000
0.0006744542624801397,0.9891797481104732,1.6929774284362793,6616800,569,827100
0.025104450061917305,0.8022569119930267,1.73758864402771,6617600,569,827200
0.0007132133468985558,0.9953868635930121,1.7078421115875244,6618400,569,827300
0.00026014039758592844,0.9935838803648949,1.4494152069091797,6619200,569,827400
0.0003551542176865041,0.9704965874552727,1.3833736181259155,6620000,569,827500
0.0005824323743581772,0.9978660573251545,1.7714422941207886,6620800,569,827600
0.0002722537028603256,0.9936010953970253,1.7126853466033936,6621600,569,827700
0.00026461808010935783,0.9983570127515122,1.5378470420837402,6622400,569,827800
0.0002690299297682941,0.991536095738411,1.4787523746490479,6623200,569,827900
0.0018813409842550755,0.975754763931036,1.7384343147277832,6624000,569,828000
0.00011346286191837862,0.9951409753412008,1.2700088024139404,6624800,569,828100
0.00019113589951302856,0.9970019608736038,1.7685527801513672,6625600,569,828200
0.00032175355590879917,0.9936962658539414,1.492666482925415,6626400,569,828300
5.2018069254700094e-05,0.997616333886981,1.6260793209075928,6627200,569,828400
0.0007669362239539623,0.9743429664522409,1.3589065074920654,6628000,569,828500
0.00030438523390330374,0.9929182264022529,1.5083415508270264,6628800,569,828600
0.00012405452434904873,0.9993203623453155,1.7605210542678833,6629600,569,828700
0.0018356419168412685,0.9330020099878311,1.775146484375,6630400,569,828800
0.00011629775690380484,0.9920361554250121,1.7813223600387573,6631200,569,828900
0.00032007184927351773,0.9982903326163068,1.682510256767273,6632000,569,829000
0.00027035249513573945,0.8879866451025009,1.3254265785217285,6632800,569,829100
0.0009614374139346182,0.9774856604635715,1.7239599227905273,6633600,569,829200
0.004889604635536671,0.9719939362257719,1.0057278871536255,6634400,569,829300
0.0003661088412627578,0.8973756656050682,1.6080349683761597,6635200,569,829400
0.009705845266580582,0.6857086420059204,1.765272855758667,6636000,569,829500
0.00032610062044113874,0.9970296062529087,1.4639633893966675,6636800,569,829600
0.0005559708806686103,0.9964770413935184,1.7308831214904785,6637600,569,829700
0.00058326730504632,0.9890087051317096,1.7742266654968262,6638400,569,829800
0.001216249424032867,0.99258096748963,1.5572224855422974,6639200,569,829900
0.025523409247398376,0.29249727725982666,1.5018310546875,6640000,569,830000
0.003770833369344473,0.5231281816959381,1.7050087451934814,6640800,569,830100
0.0007770257070660591,0.9967953700106591,1.7278203964233398,6641600,569,830200
0.0008346635149791837,0.9053569436073303,1.679169774055481,6642400,569,830300
0.0002489873149897903,0.9967975346371531,1.7410609722137451,6643200,569,830400
0.0012455133255571127,0.9419856481254101,1.5497477054595947,6644000,569,830500
0.015315333381295204,0.9291388392448425,1.7056127786636353,6644800,569,830600
0.11212126910686493,0.7169074714183807,1.3054180145263672,6645600,569,830700
0.00027843430871143937,0.8910292312502861,1.7014241218566895,6646400,569,830800
0.0014654704136773944,0.9817467387765646,1.3351991176605225,6647200,569,830900
0.002520994283258915,0.6328283548355103,1.6665650606155396,6648000,569,831000
0.0008647583890706301,0.983522878959775,1.488784670829773,6648800,569,831100
0.00016044553194660693,0.9946120646782219,1.4187235832214355,6649600,569,831200
0.00037809551577083766,0.9952136385254562,1.5973411798477173,6650400,569,831300
0.0003887788043357432,0.9961355885025114,1.4895660877227783,6651200,569,831400
0.0007816738216206431,0.9646490290760994,1.1883107423782349,6652000,569,831500
0.0008778102928772569,0.7792702913284302,1.6851410865783691,6652800,569,831600
0.0002600248553790152,0.9950152570381761,1.7206090688705444,6653600,569,831700
5.350237915990874e-05,0.9989227809710428,1.76443350315094,6654400,569,831800
0.0014250241219997406,0.9784479569643736,1.7029783725738525,6655200,569,831900
6.187140388647094e-05,0.9985601741354913,1.5024003982543945,6656000,569,832000
0.0002910112962126732,0.995372440200299,1.5454554557800293,6656800,569,832100
0.001584193087182939,0.8294055908918381,1.4912734031677246,6657600,569,832200
0.0008044816786423326,0.985723352059722,1.4636284112930298,6658400,569,832300
0.0007336612325161695,0.9917668672278523,1.714332938194275,6659200,569,832400
0.0032891961745917797,0.9753922931849957,1.728114366531372,6660000,569,832500
0.0028885884676128626,0.966171607375145,1.7773264646530151,6660800,569,832600
0.0031953519210219383,0.5590767562389374,1.7142956256866455,6661600,569,832700
0.005665402393788099,0.979133190587163,1.7714420557022095,6662400,569,832800
0.003905425313860178,0.9734663665294647,1.5041439533233643,6663200,569,832900
0.000651713868137449,0.9854774074628949,1.761333703994751,6664000,569,833000
0.0007708435878157616,0.98182781226933,1.7680127620697021,6664800,569,833100
0.003637846792116761,0.8352138847112656,1.4209996461868286,6665600,569,833200
0.0006752311601303518,0.9857357079163194,1.5188449621200562,6666400,569,833300
4.53700267826207e-05,0.996183059643954,1.5955666303634644,6667200,569,833400
0.0004050343995913863,0.9932441031560302,1.7555720806121826,6668000,569,833500
0.003957947716116905,0.9757362753152847,1.6587951183319092,6668800,569,833600
0.00041833525756374,0.9784496054053307,1.5914785861968994,6669600,569,833700
0.00029266581987030804,0.9955446827225387,1.4898743629455566,6670400,569,833800
0.009880952537059784,0.7648448944091797,1.6496522426605225,6671200,569,833900
0.00687989080324769,0.8751320689916611,1.6485059261322021,6672000,569,834000
0.010753093287348747,0.015717923641204834,1.3910021781921387,6672800,569,834100
0.0018495800904929638,0.9544006548821926,1.5884162187576294,6673600,569,834200
8.152546070050448e-05,0.9911597296595573,1.6562440395355225,6674400,569,834300
0.0011971717467531562,0.9913603588938713,1.587087631225586,6675200,569,834400
0.0005332693108357489,0.9881436247378588,1.5736403465270996,6676000,569,834500
0.00027332486934028566,0.996783030917868,1.6702102422714233,6676800,569,834600
0.0036459253169596195,0.9874783344566822,1.5873260498046875,6677600,569,834700
0.00111674633808434,0.8694593161344528,1.744410514831543,6678400,569,834800
0.0009708908619359136,0.9769142959266901,1.2038260698318481,6679200,569,834900
0.0027136418502777815,0.9882617658004165,1.287203073501587,6680000,569,835000
0.0001862686185631901,0.996285492554307,1.773252248764038,6680800,569,835100
0.00020969977776985615,0.9926598486490548,1.7270418405532837,6681600,569,835200
0.0030723281670361757,0.9881147099658847,1.6345961093902588,6682400,569,835300
0.00017112898058257997,0.9986147300805897,1.766222357749939,6683200,569,835400
0.0010129527654498816,0.9946970259770751,1.7588772773742676,6684000,569,835500
0.0006630877614952624,0.9969899475108832,1.7427434921264648,6684800,569,835600
0.0026210215874016285,0.9746810849756002,1.5111842155456543,6685600,569,835700
0.07152244448661804,-3.948338031768799,1.5401732921600342,6686400,569,835800
0.0007889037951827049,0.9429606460034847,1.735771894454956,6687200,569,835900
0.0032706349156796932,0.9768824987113476,1.5591402053833008,6688000,569,836000
0.00021296612976584584,0.9971991926431656,1.7691516876220703,6688800,569,836100
0.0002427134895697236,0.996554241515696,1.668025016784668,6689600,569,836200
0.009255613200366497,0.44004613161087036,1.6536526679992676,6690400,569,836300
0.000439756695413962,0.9961771524976939,1.7328155040740967,6691200,569,836400
0.0004770472296513617,0.9828152470290661,1.2256979942321777,6692000,569,836500
0.00047886453103274107,0.9978670631535351,1.7408652305603027,6692800,569,836600
0.0002026137080974877,0.9993955827085301,1.7496020793914795,6693600,569,836700
0.00017983728321269155,0.9748462438583374,1.7463488578796387,6694400,569,836800
0.014832241460680962,0.5504821240901947,1.353434681892395,6695200,569,836900
0.0004196945228613913,0.998659577453509,1.4285542964935303,6696000,569,837000
0.00018370547331869602,0.9980248699430376,1.7515196800231934,6696800,569,837100
0.006177384871989489,0.9688560161739588,1.0991612672805786,6697600,569,837200
0.0007168298470787704,0.9879598207771778,1.677596926689148,6698400,569,837300
0.005124514456838369,0.9888533968478441,1.4125874042510986,6699200,569,837400
7.377631845884025e-05,0.9969403641298413,1.4739753007888794,6700000,569,837500
0.0014222366735339165,0.9881811626255512,1.6683893203735352,6700800,569,837600
0.0013185655698180199,0.9877320528030396,1.5704176425933838,6701600,569,837700
0.001323675038293004,0.9836983606219292,1.588821530342102,6702400,569,837800
0.0015492064412683249,0.9903488308191299,1.2525475025177002,6703200,569,837900
0.004853906575590372,0.9734735488891602,1.535918951034546,6704000,569,838000
0.00478963740170002,0.9694211315363646,1.4421378374099731,6704800,569,838100
0.00027295234031043947,0.8488741368055344,1.7349004745483398,6705600,569,838200
0.0007531570736318827,0.9920427557080984,1.569044828414917,6706400,569,838300
0.00037927302764728665,0.946949977427721,1.5063717365264893,6707200,569,838400
0.00030353566398844123,0.996824647532776,1.3890581130981445,6708000,569,838500
0.0009633514564484358,0.9970528231933713,1.5865519046783447,6708800,569,838600
0.00020090327598154545,0.9980678707361221,1.6559239625930786,6709600,569,838700
0.011087918654084206,0.9141780585050583,1.741323471069336,6710400,569,838800
0.000567350653000176,0.6948198080062866,1.7337627410888672,6711200,569,838900
0.0009286872227676213,0.9926568418741226,1.686493992805481,6712000,569,839000
0.0011073648929595947,0.8925642371177673,1.6444807052612305,6712800,569,839100
6.242189556360245e-05,0.9992786238435656,1.703834056854248,6713600,569,839200
0.0004643117426894605,0.9957397701218724,1.3801991939544678,6714400,569,839300
4.678583354689181e-05,0.9995908145501744,1.6784194707870483,6715200,569,839400
0.0006864826427772641,0.9954558364115655,1.6432726383209229,6716000,569,839500
0.0002201352472184226,0.9952059248462319,1.5436408519744873,6716800,569,839600
0.0004490010906010866,0.9873068332672119,1.399415373802185,6717600,569,839700
0.0028058155439794064,0.9625666961073875,1.7598435878753662,6718400,569,839800
0.001139592844992876,0.9872878408059478,1.7298619747161865,6719200,569,839900
0.00012724415864795446,0.9869964364916086,1.764402985572815,6720000,569,840000
0.0004717195697594434,0.9972100981976837,1.463405966758728,6720800,569,840100
0.0008352866279892623,0.9825199265033007,1.7656035423278809,6721600,569,840200
0.00023589946795254946,0.997244184371084,1.571014642715454,6722400,569,840300
0.0002404735132586211,0.9863260071724653,1.719785451889038,6723200,569,840400
0.0005754422745667398,0.9848499186336994,1.621530294418335,6724000,569,840500
0.0011477409861981869,0.9838092736899853,1.2199089527130127,6724800,569,840600
0.0003811203350778669,0.9970323408488184,1.226337194442749,6725600,569,840700
0.0006382977007888258,0.9975980971939862,1.630876064300537,6726400,569,840800
0.00015563503256998956,0.9979362571612,1.677647352218628,6727200,569,840900
0.0009269636939279735,0.9481811672449112,1.4607425928115845,6728000,569,841000
0.0009019915014505386,0.9681486673653126,1.3699777126312256,6728800,569,841100
0.0008202059543691576,0.9835255816578865,1.7441089153289795,6729600,569,841200
0.00037817092379555106,0.9954446800984442,1.6973762512207031,6730400,569,841300
0.0002804012910928577,0.9942836640402675,1.408858060836792,6731200,569,841400
0.01049394253641367,0.8659611195325851,1.378311276435852,6732000,569,841500
9.468945063417777e-05,0.9977205514442176,1.5463576316833496,6732800,569,841600
0.00021267746342346072,0.9990023865830153,1.7164325714111328,6733600,569,841700
0.00040928085218183696,0.9764730911701918,1.4606095552444458,6734400,569,841800
0.0003676564956549555,0.979684891179204,1.2446569204330444,6735200,569,841900
0.001489152549766004,0.9937115437351167,1.4787827730178833,6736000,569,842000
0.0009735393687151372,0.9926327182911336,1.380376935005188,6736800,569,842100
0.0001292273955186829,0.9986348816892132,1.6761078834533691,6737600,569,842200
0.000500866852235049,0.9884176095947623,1.2688591480255127,6738400,569,842300
0.00015772994083818048,0.9992316217394546,1.4879162311553955,6739200,569,842400
0.00014650748926214874,0.9996187446231488,1.7733287811279297,6740000,569,842500
0.0002865283749997616,0.9980369687546045,1.7464118003845215,6740800,569,842600
0.0005587140331044793,0.9951492748223245,1.6514779329299927,6741600,569,842700
0.0003667615819722414,0.9937940356321633,1.657827377319336,6742400,569,842800
0.0004578940279316157,0.9957854426465929,1.4990934133529663,6743200,569,842900
0.001145004527643323,0.9733061194419861,1.7564191818237305,6744000,569,843000
0.0003130363184027374,0.9851373871788383,1.16079580783844,6744800,569,843100
0.0033347290009260178,0.9543043076992035,1.4470067024230957,6745600,569,843200
0.0039263623766601086,0.9339151233434677,1.3218770027160645,6746400,569,843300
0.0010516931070014834,0.9737420082092285,1.387887716293335,6747200,569,843400
0.0011579727288335562,0.9803745876997709,1.4976530075073242,6748000,569,843500
0.0015393674839287996,0.9832691587507725,1.3181064128875732,6748800,569,843600
0.0004295492544770241,0.9502713158726692,1.495408058166504,6749600,569,843700
0.0009975185384973884,0.988615139387548,1.7293918132781982,6750400,569,843800
0.0002927783061750233,0.9746302720159292,1.3926734924316406,6751200,569,843900
0.0006726306746713817,0.9601257145404816,1.7261592149734497,6752000,569,844000
0.00024385226424783468,0.9761606175452471,1.5632308721542358,6752800,569,844100
0.00022020036703906953,0.9757534805685282,1.6719460487365723,6753600,569,844200
0.0016630655154585838,0.9795668832957745,1.4547679424285889,6754400,569,844300
0.00010423582716612145,0.9951692330650985,1.4074763059616089,6755200,569,844400
0.004589174874126911,0.946968212723732,1.3655604124069214,6756000,569,844500
3.984660725109279e-05,0.9966846199240535,1.489088535308838,6756800,569,844600
0.00014085958537179977,0.9972477881237864,1.7626293897628784,6757600,569,844700
0.00012161755148554221,0.9978861880954355,1.4978134632110596,6758400,569,844800
0.0014725831570103765,0.9937322321347892,1.5483293533325195,6759200,569,844900
0.0002845259732566774,0.9057264998555183,1.7410476207733154,6760000,569,845000
0.00018985415226779878,0.8405239135026932,1.778914451599121,6760800,569,845100
0.0018088347278535366,0.9868083419278264,1.7742451429367065,6761600,569,845200
0.0012523101177066565,0.9858747748658061,1.5283564329147339,6762400,569,845300
0.00034494613646529615,0.9953184127807617,1.3472354412078857,6763200,569,845400
0.00017427258717361838,0.998591344919987,1.6222729682922363,6764000,569,845500
0.00014139969425741583,0.9979812828823924,1.3197473287582397,6764800,569,845600
0.00031381426379084587,0.9936915654689074,1.3965815305709839,6765600,569,845700
0.0003723144473042339,0.9979282165877521,1.5748332738876343,6766400,569,845800
0.0002193206164520234,0.9982139618368819,1.7464184761047363,6767200,569,845900
0.0008490838808938861,0.9948123400099576,1.7650864124298096,6768000,569,846000
0.00016686411981936544,0.9989180796546862,1.639836072921753,6768800,569,846100
0.00032991034095175564,0.9977542106062174,1.7042102813720703,6769600,569,846200
0.0011981903808191419,0.9748814217746258,1.7481930255889893,6770400,569,846300
0.0008468524902127683,0.9879582282155752,1.5414314270019531,6771200,569,846400
0.002453416818752885,0.968128927052021,1.5047768354415894,6772000,569,846500
0.0003893605899065733,0.9975227185059339,1.769910454750061,6772800,569,846600
0.0009774856735020876,0.9858831940218806,1.4267818927764893,6773600,569,846700
0.0004359440936241299,0.9972116402350366,1.677526831626892,6774400,569,846800
0.0005270888213999569,0.9980481393868104,1.318854570388794,6775200,569,846900
0.055069293826818466,-2.0787723064422607,1.5050605535507202,6776000,569,847000
0.0002315431775059551,0.9963373020291328,1.3791143894195557,6776800,569,847100
0.0002687200321815908,0.9929219679906964,1.740933895111084,6777600,569,847200
0.0005821143859066069,0.9960335395298898,1.7304587364196777,6778400,569,847300
0.0013787029311060905,0.938824001699686,1.4877969026565552,6779200,569,847400
0.0006133861606940627,0.961200762540102,1.704379677772522,6780000,569,847500
0.0004143215774092823,0.9875246845185757,1.4823758602142334,6780800,569,847600
0.00045102249714545906,0.9543635621666908,1.4754024744033813,6781600,569,847700
0.0011197072453796864,0.9915897697210312,1.7584880590438843,6782400,569,847800
0.0005237201694399118,0.9888055128976703,1.5199261903762817,6783200,569,847900
0.0042917607352137566,0.8810450285673141,1.7765676975250244,6784000,569,848000
0.004743078723549843,0.9412467554211617,1.489991545677185,6784800,569,848100
0.0005220934981480241,0.9914543144404888,1.74697744846344,6785600,569,848200
0.0006534966523759067,0.9881144054234028,1.6699405908584595,6786400,569,848300
0.00018277537310495973,0.9733584970235825,1.7771035432815552,6787200,569,848400
0.00036010847543366253,0.9956377926282585,1.270843744277954,6788000,569,848500
0.00017063260020222515,0.9964594433549792,1.7690364122390747,6788800,569,848600
0.0004893089062534273,0.9899523006752133,1.4854717254638672,6789600,569,848700
0.0006467228522524238,0.9957857797853649,1.4927122592926025,6790400,569,848800
0.00030432979110628366,0.9360648766160011,1.5259157419204712,6791200,569,848900
0.0004570760065689683,0.9932145159691572,1.7605087757110596,6792000,569,849000
0.0004613848577719182,0.972363542765379,1.2194101810455322,6792800,569,849100
6.476376438513398e-05,0.9989188819890842,1.4413769245147705,6793600,569,849200
0.004088586196303368,0.9601139239966869,1.5153499841690063,6794400,569,849300
0.0003908771323040128,0.9907519407570362,1.6461204290390015,6795200,569,849400
0.00025758714764378965,0.9925010479055345,1.5163664817810059,6796000,569,849500
0.001165947993285954,0.9852683106437325,1.7675819396972656,6796800,569,849600
0.004305564798414707,0.9050067067146301,1.4858767986297607,6797600,569,849700
0.0007700903224758804,0.9853126108646393,1.730401873588562,6798400,569,849800
0.0008518614340573549,0.9905281169340014,1.275513768196106,6799200,569,849900
4.4635315134655684e-05,0.9980858295457438,1.476820945739746,6800000,569,850000
0.00018839559925254434,0.9923953474499285,1.587511658668518,6800800,569,850100
0.000307010137476027,0.9859227472916245,1.7779359817504883,6801600,569,850200
0.00022034943685866892,0.9968905413988978,1.772603988647461,6802400,569,850300
2.9327549782465212e-05,0.9988786429166794,1.7674086093902588,6803200,569,850400
9.102490730583668e-05,0.99841440806631,1.7848751544952393,6804000,569,850500
0.0015029116766527295,0.9958199383690953,1.4278442859649658,6804800,569,850600
0.000532737176399678,0.9709038957953453,1.3820326328277588,6805600,569,850700
0.0002076076780213043,0.9670927971601486,1.6921018362045288,6806400,569,850800
0.00015696967602707446,0.998762002796866,1.186462163925171,6807200,569,850900
0.000277191458735615,0.9899050369858742,1.5387768745422363,6808000,569,851000
0.00044094177428632975,0.9957968657836318,1.7380478382110596,6808800,569,851100
0.0006341275293380022,0.9693289920687675,1.6111644506454468,6809600,569,851200
0.0002639048616401851,0.9952142830006778,1.4938039779663086,6810400,569,851300
0.0003866900224238634,0.9951044307090342,1.7177313566207886,6811200,569,851400
0.0004687577311415225,0.9958127164281905,1.7654058933258057,6812000,569,851500
0.006426900625228882,0.8218534141778946,1.551550269126892,6812800,569,851600
0.00021270851721055806,0.8948290571570396,1.4762276411056519,6813600,569,851700
0.0036294162273406982,0.9869347354397178,1.7630220651626587,6814400,569,851800
0.00020085280993953347,0.9852937422692776,1.4931087493896484,6815200,569,851900
0.000701709883287549,0.933563269674778,1.7031323909759521,6816000,569,852000
0.0017202416202053428,0.9888803334906697,1.3853344917297363,6816800,569,852100
0.00027609002427197993,0.9764467496424913,1.7636898756027222,6817600,569,852200
0.008496241644024849,0.8750154301524162,1.5871365070343018,6818400,569,852300
0.00021393285715021193,0.9990870102774352,1.7731844186782837,6819200,569,852400
0.0007933165761642158,0.9947288362309337,1.7040324211120605,6820000,569,852500
0.0001796842843759805,0.9943315275013447,1.662246823310852,6820800,569,852600
0.0009788504103198647,0.9749482907354832,1.4800732135772705,6821600,569,852700
0.0007238044636324048,0.9873671596869826,1.5450547933578491,6822400,569,852800
0.000244389520958066,0.9985956988530234,1.6038153171539307,6823200,569,852900
0.0010741767473518848,0.9947100770659745,1.5365986824035645,6824000,569,853000
0.0002595352416392416,0.9979812896344811,1.6265242099761963,6824800,569,853100
0.0003070735838264227,0.9926004563458264,1.502697467803955,6825600,569,853200
0.001159225357696414,0.9938640305772424,1.6237709522247314,6826400,569,853300
0.00038615171797573566,0.9953438509255648,1.4207412004470825,6827200,569,853400
0.0005086853634566069,0.9973077927716076,1.5773437023162842,6828000,569,853500
0.0001307952043134719,0.901644803583622,1.7559785842895508,6828800,569,853600
0.00011531723430380225,0.999693052523071,1.7064708471298218,6829600,569,853700
0.0008183886529877782,0.989165673032403,1.7661235332489014,6830400,569,853800
0.0008859820663928986,0.9970355392433703,1.7326714992523193,6831200,569,853900
0.0009308917797170579,0.9768360666930676,1.4439308643341064,6832000,569,854000
0.0003199026104994118,0.9729578904807568,1.7240536212921143,6832800,569,854100
0.0001601843541720882,0.999198799720034,1.700397253036499,6833600,569,854200
0.0002345761749893427,0.9855401944369078,1.7679165601730347,6834400,569,854300
0.0001185010842164047,0.9987747876439244,1.7682451009750366,6835200,569,854400
9.1661793703679e-05,0.9963968938682228,1.3189473152160645,6836000,569,854500
0.00022872131376061589,0.9950821502134204,1.5704739093780518,6836800,569,854600
0.0016356317792087793,0.9832968935370445,1.7634022235870361,6837600,569,854700
0.000305611320072785,0.992308494169265,1.7022747993469238,6838400,569,854800
0.0012120776809751987,0.9703562129288912,1.51801598072052,6839200,569,854900
0.0016063875518739223,0.9771891087293625,1.5342551469802856,6840000,569,855000
0.0004487443366087973,0.9854411035776138,1.5255826711654663,6840800,569,855100
0.0003101312613580376,0.9933119043707848,1.0703600645065308,6841600,569,855200
8.932942728279158e-05,0.9983729561790824,1.7440540790557861,6842400,569,855300
0.005222246050834656,0.9300621449947357,1.71821129322052,6843200,569,855400
0.0012277369387447834,0.9921626271679997,1.2372496128082275,6844000,569,855500
0.00019751882064156234,0.9987556599080563,1.7166578769683838,6844800,569,855600
6.07748152106069e-05,0.998921682476066,1.725285291671753,6845600,569,855700
0.0002964065643027425,0.9968200749717653,1.7382845878601074,6846400,569,855800
0.0003586180682759732,0.9946531681343913,1.3459157943725586,6847200,569,855900
0.0003625066892709583,0.9973501067142934,1.7567501068115234,6848000,569,856000
0.00015601205814164132,0.9963927972130477,1.777048110961914,6848800,569,856100
0.0014713918790221214,0.9728671759366989,1.425866723060608,6849600,569,856200
0.0011597044067457318,0.9851083038374782,1.7476009130477905,6850400,569,856300
0.0002651594113558531,0.9969157988671213,1.7251771688461304,6851200,569,856400
0.0012294442858546972,0.9897988010197878,1.5482416152954102,6852000,569,856500
0.002144046826288104,0.8965808525681496,1.2450439929962158,6852800,569,856600
0.005401898641139269,0.975199393928051,1.6460517644882202,6853600,569,856700
0.00045138990390114486,0.9986303098266944,1.412137508392334,6854400,569,856800
0.00038048916030675173,0.9937663404271007,1.7369320392608643,6855200,569,856900
0.00014182645827531815,0.9961321214213967,1.7592582702636719,6856000,569,857000
0.00037450267700478435,0.9821432512253523,1.6406105756759644,6856800,569,857100
0.006922462489455938,0.9688282664865255,1.1303691864013672,6857600,569,857200
0.0003020058502443135,0.9951935955323279,1.645394206047058,6858400,569,857300
0.001889051403850317,0.9873776538297534,1.4554635286331177,6859200,569,857400
0.0014284647768363357,0.8083555698394775,1.7366458177566528,6860000,569,857500
0.17422045767307281,0.1954306960105896,1.591327428817749,6860800,569,857600
0.004742641933262348,0.7088001668453217,1.6271170377731323,6861600,569,857700
0.007234469056129456,0.5207496285438538,1.6158995628356934,6862400,569,857800
0.000980909331701696,0.9964731431100518,1.5608525276184082,6863200,569,857900
0.0005862334510311484,0.9968137943651527,1.7532312870025635,6864000,569,858000
0.0002374233299633488,0.9937836732715368,1.549149751663208,6864800,569,858100
0.0004972724127583206,0.9833563473075628,1.6865191459655762,6865600,569,858200
0.0001326208293903619,0.9940142268314958,1.4982198476791382,6866400,569,858300
0.023450147360563278,0.642969936132431,1.4249179363250732,6867200,569,858400
0.002341371262446046,-0.6598520278930664,1.6330922842025757,6868000,569,858500
0.0009202902438119054,0.9867938598617911,1.5237113237380981,6868800,569,858600
0.0007010338013060391,0.9824058152735233,1.5358831882476807,6869600,569,858700
0.0011803896632045507,0.9868369391188025,1.728440761566162,6870400,569,858800
0.0005495930672623217,0.9976240964606404,1.7642593383789062,6871200,569,858900
9.221876825904474e-05,0.9989303224720061,1.7613787651062012,6872000,569,859000
0.000587018090300262,0.9729522168636322,1.6745247840881348,6872800,569,859100
7.817229197826236e-05,0.9984515730757266,1.6010661125183105,6873600,569,859200
0.06484092772006989,-0.5564225912094116,1.5120508670806885,6874400,569,859300
0.0001839333272073418,0.9913942525163293,1.5672900676727295,6875200,569,859400
0.056443192064762115,0.6759196817874908,1.178114652633667,6876000,569,859500
0.007992451079189777,0.9115174934267998,1.7671252489089966,6876800,569,859600
0.00032403081422671676,0.9931192779913545,1.7625210285186768,6877600,569,859700
0.0013113811146467924,0.9912128783762455,0.9982349872589111,6878400,569,859800
0.00015901480219326913,0.9961332683451474,1.728337049484253,6879200,569,859900
0.04782012104988098,0.16579192876815796,1.4753576517105103,6880000,569,860000
0.0003596429596655071,0.9980726625071838,1.6497454643249512,6880800,569,860100
0.00039841956458985806,0.9962777758482844,1.746126651763916,6881600,569,860200
0.0002885604335460812,0.9865780854597688,1.4593229293823242,6882400,569,860300
0.0006650561699643731,0.9802792686969042,1.7225868701934814,6883200,569,860400
0.004581081680953503,0.8761403784155846,1.4914743900299072,6884000,569,860500
2.6023513783002272e-05,0.999662772344891,1.7192548513412476,6884800,569,860600
0.00039698850014247,0.9975134446285665,1.179694652557373,6885600,569,860700
0.0005314815789461136,0.9911142624914646,1.7418922185897827,6886400,569,860800
0.00024210885749198496,0.9946864377707243,1.3999258279800415,6887200,569,860900
6.869553908472881e-05,0.9988209618022665,1.7645230293273926,6888000,569,861000
0.000377332151401788,0.9967042473144829,1.7216966152191162,6888800,569,861100
0.00030596909346058965,0.9906030055135489,1.6370058059692383,6889600,569,861200
0.0004127038118895143,0.9954625787213445,1.6771271228790283,6890400,569,861300
0.0006416622782126069,0.9878370426595211,1.119180679321289,6891200,569,861400
0.002689517103135586,0.8656889945268631,1.7405850887298584,6892000,569,861500
0.0012708001304417849,0.9806281141936779,1.159332513809204,6892800,569,861600
0.00021222388022579253,0.9972581919282675,1.6146913766860962,6893600,569,861700
0.00041651565697975457,0.9924822896718979,1.258710265159607,6894400,569,861800
0.00034762086579576135,0.9989158781245351,1.6700797080993652,6895200,569,861900
0.0004176852817181498,0.9976840254385024,1.4954571723937988,6896000,569,862000
0.0021271074656397104,0.981026865541935,1.2626783847808838,6896800,569,862100
0.0002665460924617946,0.9968235655687749,1.6584692001342773,6897600,569,862200
0.00010456101881572977,0.9724764227867126,1.548041820526123,6898400,569,862300
0.0006220940267667174,0.9741904996335506,1.7532031536102295,6899200,569,862400
0.0025412668474018574,0.9478116221725941,1.0454742908477783,6900000,569,862500
0.00016807684733066708,0.9932989780791104,1.5102463960647583,6900800,569,862600
0.0012360322289168835,0.9892404032871127,1.647447109222412,6901600,569,862700
7.22044933354482e-05,0.9973226666916162,1.5006773471832275,6902400,569,862800
0.0002291690034326166,0.9977735644206405,1.7560667991638184,6903200,569,862900
0.0001578221854288131,0.9990720273344778,1.7603480815887451,6904000,569,863000
0.00011214990809094161,0.9968426944687963,1.4262704849243164,6904800,569,863100
8.24898379505612e-05,0.9972344639245421,1.5321552753448486,6905600,569,863200
0.0007519720820710063,0.9904767042025924,1.5881967544555664,6906400,569,863300
0.00026953607448376715,0.993273779284209,1.767925500869751,6907200,569,863400
0.0051012225449085236,0.9053718447685242,1.764272928237915,6908000,569,863500
0.0008045647409744561,0.9940744466148317,1.593505859375,6908800,569,863600
0.00021088318317197263,0.9669017381966114,1.7724761962890625,6909600,569,863700
0.016747621819376945,0.9026760309934616,1.378872275352478,6910400,569,863800
0.0001786407665349543,0.9979596296325326,1.7433631420135498,6911200,569,863900
8.299998444272205e-05,0.9990598310250789,1.7257261276245117,6912000,569,864000
0.01451280526816845,0.7819949239492416,1.2282872200012207,6912800,569,864100
0.0005340775242075324,0.995468954090029,1.5283095836639404,6913600,569,864200
0.00046443816972896457,0.9929711003787816,1.7041212320327759,6914400,569,864300
0.000542384572327137,0.9504293613135815,1.7703382968902588,6915200,569,864400
0.001605217345058918,0.9928036672063172,1.6340569257736206,6916000,569,864500
0.0003118577878922224,0.9976197222713381,1.6554852724075317,6916800,569,864600
0.0009913071990013123,0.9954877672716975,1.500981330871582,6917600,569,864700
0.00047633927897550166,0.9669544659554958,1.6472059488296509,6918400,569,864800
0.0001720983418636024,0.998485243297182,1.726719856262207,6919200,569,864900
0.0007006379310041666,0.9366617053747177,1.0958349704742432,6920000,569,865000
8.656409045215696e-05,0.9990938294795342,1.683521032333374,6920800,569,865100
0.008552095852792263,0.9690338913351297,1.1147058010101318,6921600,569,865200
3.000939432240557e-05,0.9978685656096786,1.786449670791626,6922400,569,865300
0.04618991166353226,0.8924831673502922,1.3361663818359375,6923200,569,865400
0.00027262329240329564,0.9966732969041914,1.7684062719345093,6924000,569,865500
0.0005539946723729372,0.9703616686165333,1.498819351196289,6924800,569,865600
0.0007182004628702998,0.9701533447951078,1.4308987855911255,6925600,569,865700
0.0022659627720713615,0.960773941129446,1.6844980716705322,6926400,569,865800
0.0003859971766360104,0.9968864270485938,1.6162042617797852,6927200,569,865900
0.001239282893948257,0.9891481725499034,1.490976333618164,6928000,569,866000
0.0004783752956427634,0.9590073376893997,1.7690469026565552,6928800,569,866100
0.00026455637998878956,0.9969861649442464,1.5299534797668457,6929600,569,866200
0.0008389412541873753,0.9959523701108992,1.4610464572906494,6930400,569,866300
0.00020141919958405197,0.9984124628826976,1.7742198705673218,6931200,569,866400
0.0004883568035438657,0.9886459056288004,1.745072364807129,6932000,569,866500
0.010257557965815067,0.9617416821420193,1.2146618366241455,6932800,569,866600
0.0010242683347314596,0.9897398222237825,1.5779366493225098,6933600,569,866700
0.003024146193638444,0.9636179506778717,1.5804626941680908,6934400,569,866800
0.00010214549547526985,0.9973163993563503,1.429539442062378,6935200,569,866900
0.0014963049907237291,0.9750990439206362,1.3642319440841675,6936000,569,867000
0.00032678357092663646,0.9099549055099487,1.6654493808746338,6936800,569,867100
0.00012055848492309451,0.9975675998721272,1.7408831119537354,6937600,569,867200
0.008536742068827152,0.9443412497639656,1.7411009073257446,6938400,569,867300
0.003644296433776617,0.953479241579771,1.4949032068252563,6939200,569,867400
0.00011950935004279017,0.9979085868690163,1.6572339534759521,6940000,569,867500
0.010150457732379436,0.9443972632288933,1.4217593669891357,6940800,569,867600
0.0003646813565865159,0.9900895748287439,1.444157361984253,6941600,569,867700
0.00016534325550310314,0.997925070580095,1.4976072311401367,6942400,569,867800
0.00011660360178211704,0.9960218351334333,1.284038782119751,6943200,569,867900
0.0005289835971780121,0.9870570134371519,1.605400562286377,6944000,569,868000
0.0007331235101446509,0.9927492751739919,1.5550715923309326,6944800,569,868100
0.001129385083913803,0.9908249629661441,1.7513048648834229,6945600,569,868200
0.015405639074742794,0.6534397602081299,1.7418746948242188,6946400,569,868300
0.0002312923315912485,0.9963274996262044,1.747530460357666,6947200,569,868400
0.0005156006664037704,0.9906780431047082,1.3746955394744873,6948000,569,868500
0.00033186416840180755,0.9971234279219061,1.5766950845718384,6948800,569,868600
0.0005188398063182831,0.9952605203725398,1.717768669128418,6949600,569,868700
0.00010467582615092397,0.9951608683913946,1.6622235774993896,6950400,569,868800
0.00018488863133825362,0.9922276264987886,1.565223217010498,6951200,569,868900
0.0006349329487420619,0.9956957930698991,1.392698049545288,6952000,569,869000
0.00047652714420109987,0.977626571431756,1.420554518699646,6952800,569,869100
0.0017863104585558176,0.9838674981147051,1.6951220035552979,6953600,569,869200
0.00011844879190903157,0.9992435720632784,1.6172268390655518,6954400,569,869300
0.00017937194206751883,0.9981064792955294,1.7318122386932373,6955200,569,869400
0.000159207615070045,0.9989959520753473,1.489457607269287,6956000,569,869500
5.872276233276352e-05,0.9986882333178073,1.7776169776916504,6956800,569,869600
0.0002453688357491046,0.9912779266014695,1.5076076984405518,6957600,569,869700
8.300151966977865e-05,0.9977048414293677,1.783693790435791,6958400,569,869800
0.000104012135125231,0.9993998313439079,1.7683148384094238,6959200,569,869900
0.0016128651332110167,0.9404187984764576,1.497670292854309,6960000,569,870000
0.028367655351758003,0.7505354285240173,1.4652810096740723,6960800,569,870100
0.0062906439416110516,0.9708727616816759,1.5880837440490723,6961600,569,870200
0.00024814694188535213,0.99863639799878,1.6540982723236084,6962400,569,870300
0.0033727253321558237,0.9848694643005729,1.7555491924285889,6963200,569,870400
0.0004142486141063273,-1.9195277690887451,1.7811241149902344,6964000,569,870500
0.00040274515049532056,0.6584068238735199,1.7645478248596191,6964800,569,870600
0.11250779032707214,0.038549840450286865,1.7181679010391235,6965600,569,870700
0.00185376254376024,0.6832795441150665,1.7490261793136597,6966400,569,870800
0.01320644561201334,0.9451898969709873,1.5252845287322998,6967200,569,870900
0.002584792673587799,0.9839838948100805,1.7579638957977295,6968000,569,871000
0.0012434842064976692,0.993606154806912,1.469200611114502,6968800,569,871100
0.037419356405735016,0.31823229789733887,1.6894309520721436,6969600,569,871200
0.0008860735106281936,0.9920395975932479,1.729673981666565,6970400,569,871300
0.00023858807981014252,0.9973275917582214,1.711127758026123,6971200,569,871400
0.002461310476064682,0.9148739650845528,1.625654935836792,6972000,569,871500
0.000881869753357023,0.9899524850770831,1.5174891948699951,6972800,569,871600
0.0035820731427520514,0.9710209518671036,1.469458818435669,6973600,569,871700
0.01649361662566662,0.5294143259525299,1.6202456951141357,6974400,569,871800
0.0003169144911225885,0.9370343685150146,1.3846487998962402,6975200,569,871900
0.03642706200480461,-1.0719435214996338,1.3096667528152466,6976000,569,872000
0.0017416595946997404,0.9897727472707629,1.5346972942352295,6976800,569,872100
0.00015253062883857638,0.9972699810750782,1.777786135673523,6977600,569,872200
0.00011668531806208193,0.9947887780144811,1.7474617958068848,6978400,569,872300
0.0002509132609702647,0.9934936962090433,1.5595693588256836,6979200,569,872400
0.00048802210949361324,0.9739768914878368,1.459949254989624,6980000,569,872500
0.0009134770953096449,0.9863075269386172,1.7018591165542603,6980800,569,872600
0.00045533382217399776,0.991180575452745,1.7361698150634766,6981600,569,872700
0.005213223863393068,0.9852183982729912,1.7586097717285156,6982400,569,872800
0.00014582239964511245,0.9989879069617018,1.7552597522735596,6983200,569,872900
0.0004812962142750621,0.9975199264008552,1.4146324396133423,6984000,569,873000
0.0008142548613250256,0.9877563631162047,1.709730625152588,6984800,569,873100
0.00048769969725981355,0.9933547233231366,1.526153564453125,6985600,569,873200
0.0013831930700689554,0.9903451632708311,1.6204357147216797,6986400,569,873300
0.00012849652557633817,0.9980528071755543,1.768054723739624,6987200,569,873400
0.0008424859843216836,0.9976002688053995,1.592850685119629,6988000,569,873500
0.0008819187059998512,0.9932248145341873,1.752089500427246,6988800,569,873600
0.0005183579633012414,0.9965639414731413,1.7451107501983643,6989600,569,873700
0.0012813527137041092,0.9704475477337837,1.7491154670715332,6990400,569,873800
0.008567382581532001,0.9711575675755739,1.2906060218811035,6991200,569,873900
0.0006183261866681278,0.9951137090101838,1.7538542747497559,6992000,569,874000
0.00016317240078933537,0.9958742926828563,1.489395260810852,6992800,569,874100
0.00044041185174137354,0.9872409962117672,1.6532191038131714,6993600,569,874200
0.0003434385871514678,0.9978577047586441,1.5181529521942139,6994400,569,874300
0.0016706519527360797,0.9868162171915174,1.4688770771026611,6995200,569,874400
0.002864818088710308,0.9823659844696522,1.5041675567626953,6996000,569,874500
0.0005121344001963735,0.9984721436630934,1.7634263038635254,6996800,569,874600
0.00037127654650248587,0.995696465484798,1.4854812622070312,6997600,569,874700
0.0006567712989635766,0.9894834971055388,1.2209142446517944,6998400,569,874800
0.00012850196799263358,0.9973028968088329,1.784143090248108,6999200,569,874900
3.1507333915214986e-05,0.9558701999485493,1.7627769708633423,7000000,569,875000
0.00028906032093800604,0.9965582883451134,1.76715886592865,7000800,569,875100
0.004544562194496393,0.9340538680553436,1.2931221723556519,7001600,569,875200
0.00015552050899714231,0.9985974844312295,1.7584693431854248,7002400,569,875300
0.0016191285103559494,0.9281050786376,1.138645887374878,7003200,569,875400
0.00016614625928923488,0.9902998171746731,1.7645177841186523,7004000,569,875500
0.0003337612724862993,0.9968403291422874,1.5620639324188232,7004800,569,875600
0.00021158819436095655,0.9977844404056668,1.2755801677703857,7005600,569,875700
0.0001626953890081495,0.9933568979613483,1.7028502225875854,7006400,569,875800
0.0002899516257457435,0.9909450812265277,1.3416200876235962,7007200,569,875900
0.020616566762328148,0.6601280570030212,1.6174755096435547,7008000,569,876000
0.0004125461564399302,0.9893917758017778,1.76253342628479,7008800,569,876100
0.003472499782219529,0.9832012467086315,1.7324262857437134,7009600,569,876200
0.001284813741222024,0.7305864095687866,1.5609281063079834,7010400,569,876300
2.5749379346962087e-05,0.9996410746243782,1.772106409072876,7011200,569,876400
9.87009407253936e-05,0.9992243574233726,1.719570517539978,7012000,569,876500
0.003047873731702566,0.9874511687085032,1.7163379192352295,7012800,569,876600
0.0007796488935127854,0.9846158027648926,1.703765630722046,7013600,569,876700
0.0013181136455386877,0.964866142719984,1.7413824796676636,7014400,569,876800
0.00017442996613681316,0.9936807239428163,1.253291368484497,7015200,569,876900
0.00043374457163736224,0.9937846618704498,1.5043768882751465,7016000,569,877000
0.0038789839018136263,0.900806799530983,1.7717039585113525,7016800,569,877100
0.003371253376826644,0.9669072106480598,1.3540046215057373,7017600,569,877200
0.0003447876952122897,0.9953984776511788,1.698740005493164,7018400,569,877300
0.00020426054834388196,0.996611291076988,1.4879982471466064,7019200,569,877400
0.00041603532736189663,0.9969412840437144,1.412553071975708,7020000,569,877500
0.004345686174929142,0.7830684632062912,1.642922282218933,7020800,569,877600
0.00013403812772594392,0.9990928332554176,1.5695929527282715,7021600,569,877700
0.0005526274326257408,0.9897664319723845,1.5164597034454346,7022400,569,877800
0.0027038585394620895,0.9650822803378105,1.7167747020721436,7023200,569,877900
0.001490757567808032,0.9727696273475885,1.5352897644042969,7024000,569,878000
0.0003824872837867588,0.945293452590704,1.6167237758636475,7024800,569,878100
0.00033295564935542643,0.98198426887393,1.423627495765686,7025600,569,878200
0.00012994474673178047,0.9804660677909851,1.773263931274414,7026400,569,878300
0.0011606989428400993,-6.569068908691406,0.9488598704338074,7027200,569,878400
7.721039582975209e-05,0.9856529831886292,1.6537485122680664,7028000,569,878500
0.002660587662830949,0.9900264265015721,1.7623648643493652,7028800,569,878600
0.0004915363388136029,0.9788829199969769,1.3401999473571777,7029600,569,878700
0.00018039114365819842,0.9476006403565407,1.7644450664520264,7030400,569,878800
0.0002870311727747321,0.9624806493520737,1.341901421546936,7031200,569,878900
0.00035717873834073544,0.7821998745203018,1.769167423248291,7032000,569,879000
9.274217882193625e-05,0.9991674518096261,1.7769548892974854,7032800,569,879100
0.0008942267159000039,0.9873200282454491,1.561182975769043,7033600,569,879200
0.000562945322599262,0.900517113506794,1.6726983785629272,7034400,569,879300
0.0021411306224763393,0.9705842807888985,1.0923199653625488,7035200,569,879400
0.00016394701378885657,0.9959016810171306,1.7750853300094604,7036000,569,879500
0.00014112412463873625,0.9988409009529278,1.7527074813842773,7036800,569,879600
0.00047433743020519614,0.9956200737506151,1.7121375799179077,7037600,569,879700
0.0004668103065341711,0.991529917344451,1.5132532119750977,7038400,569,879800
0.0005309352418407798,0.9957119254395366,1.6058769226074219,7039200,569,879900
0.00011753661965485662,0.9970789300277829,1.1147921085357666,7040000,569,880000
0.00011430790618760511,0.9969351484905928,1.503485918045044,7040800,569,880100
0.0001111319288611412,0.997237792937085,1.7595298290252686,7041600,569,880200
0.000373637187294662,0.986585134640336,1.7452441453933716,7042400,569,880300
0.00032628170447424054,0.9970798266585916,1.4723604917526245,7043200,569,880400
7.682400610065088e-05,0.9990389894228429,1.6654186248779297,7044000,569,880500
0.00010618665692163631,0.9980282469186932,1.7551263570785522,7044800,569,880600
0.00038705545011907816,0.997682556277141,1.560243844985962,7045600,569,880700
0.003302893601357937,0.861454039812088,1.670377254486084,7046400,569,880800
0.00044296614942140877,0.9946206388995051,1.432664394378662,7047200,569,880900
5.872356632607989e-05,0.991549426689744,1.7846626043319702,7048000,569,881000
0.0013233828358352184,0.9897844111546874,1.506199836730957,7048800,569,881100
0.013680010102689266,0.9009298607707024,1.6465420722961426,7049600,569,881200
0.0012989728711545467,0.9936121799983084,1.432002305984497,7050400,569,881300
0.0008280141046270728,0.9825709518045187,1.6373049020767212,7051200,569,881400
0.0009945295751094818,0.9654912352561951,1.663883090019226,7052000,569,881500
0.00014672422548756003,0.9962976437527686,1.7505841255187988,7052800,569,881600
0.0009986651130020618,0.9251450672745705,1.2212711572647095,7053600,569,881700
8.890270692063496e-05,0.9987862152047455,1.7784967422485352,7054400,569,881800
0.0006160212797112763,0.9640810191631317,1.5684586763381958,7055200,569,881900
0.0011995877139270306,0.982370438054204,1.7740901708602905,7056000,569,882000
0.0015625221421942115,0.9708391260355711,1.0110429525375366,7056800,569,882100
0.0004912856384180486,0.9972230615094304,1.763627052307129,7057600,569,882200
0.00015450028877239674,0.9980901442468166,1.7806144952774048,7058400,569,882300
0.0003912246320396662,0.9918858325108886,1.2329418659210205,7059200,569,882400
8.181271550711244e-05,0.9990230129333213,1.72490394115448,7060000,569,882500
0.00010990614828187972,0.9981888631591573,1.4594775438308716,7060800,569,882600
9.369078179588541e-05,0.9950079824775457,1.502967119216919,7061600,569,882700
0.0018933600513264537,0.9722743686288595,1.3105378150939941,7062400,569,882800
0.0017982646822929382,0.9594204165041447,1.7475733757019043,7063200,569,882900
0.00015832646749913692,0.9968686643987894,1.3171260356903076,7064000,569,883000
0.0006738619413226843,0.9965111145284027,1.492695927619934,7064800,569,883100
0.005818292964249849,0.9593957215547562,1.5669293403625488,7065600,569,883200
0.0013975320616737008,0.9891372192651033,1.2683916091918945,7066400,569,883300
8.250578684965149e-05,0.9767567869275808,1.648695945739746,7067200,569,883400
0.00012095639249309897,0.9993177888100035,1.7603291273117065,7068000,569,883500
0.0005990925710648298,0.9771879017353058,1.5342097282409668,7068800,569,883600
0.0003551348054315895,0.9937889073044062,1.4261339902877808,7069600,569,883700
0.00032788669341243804,0.9955053222365677,1.7696566581726074,7070400,569,883800
0.0013122361851856112,0.9907440599054098,1.3797173500061035,7071200,569,883900
0.0012933510588482022,0.9930250300094485,1.434627890586853,7072000,569,884000
0.000649981782771647,0.6980200111865997,1.5422964096069336,7072800,569,884100
0.00014095174265094101,0.9802137352526188,1.4696131944656372,7073600,569,884200
0.0013806030619889498,0.9869097247719765,1.7249221801757812,7074400,569,884300
0.008235232904553413,0.9795750994235277,1.684147596359253,7075200,569,884400
0.01333862915635109,0.9041025936603546,1.3350560665130615,7076000,569,884500
0.0004618411767296493,0.9871688485145569,1.6446009874343872,7076800,569,884600
0.007821936160326004,0.896460086107254,1.1442584991455078,7077600,569,884700
0.001283428631722927,0.9698140993714333,1.7551435232162476,7078400,569,884800
0.0004150938766542822,0.9959096359089017,1.3986594676971436,7079200,569,884900
0.00017075937648769468,0.9879829874262214,1.4452391862869263,7080000,569,885000
0.0015898061683401465,0.9723134785890579,1.7497538328170776,7080800,569,885100
0.0004658734251279384,0.9961875672452152,1.1877596378326416,7081600,569,885200
0.033540330827236176,0.9019796997308731,1.2955330610275269,7082400,569,885300
0.0004786376084666699,0.9911000542342663,1.7684332132339478,7083200,569,885400
0.0004579903616104275,0.9825601689517498,1.5146231651306152,7084000,569,885500
0.00014699410530738533,0.9967242882121354,1.518377661705017,7084800,569,885600
0.00017688976367935538,0.9844533512368798,1.7514255046844482,7085600,569,885700
0.00048730705748312175,0.9955636109225452,1.4817628860473633,7086400,569,885800
0.0010333205573260784,0.928445428609848,1.4202396869659424,7087200,569,885900
0.00013483603834174573,0.9968916175421327,1.776525616645813,7088000,569,886000
0.00041683390736579895,0.986395575106144,1.2365295886993408,7088800,569,886100
0.0005081855342723429,0.9971966426819563,1.6558283567428589,7089600,569,886200
0.00022390806407202035,0.9920935463160276,1.7320590019226074,7090400,569,886300
0.00037333741784095764,0.9918589340522885,1.7803610563278198,7091200,569,886400
0.0004563002148643136,0.9916422655805945,1.7666089534759521,7092000,569,886500
0.0003735370119102299,0.9965544859878719,1.7595967054367065,7092800,569,886600
0.002485832432284951,0.9652246348559856,1.718947172164917,7093600,569,886700
0.0009086329955607653,0.9943085270933807,1.427582025527954,7094400,569,886800
0.00016610414604656398,0.9982429052470252,1.5767302513122559,7095200,569,886900
0.0008638151339255273,0.9848199645057321,1.6708760261535645,7096000,569,887000
0.000430106621934101,0.9975930291693658,1.6208229064941406,7096800,569,887100
6.553424464073032e-05,0.9985840501030907,1.7696492671966553,7097600,569,887200
0.010633817873895168,0.6018365323543549,1.380179524421692,7098400,569,887300
0.00018428987823426723,0.9784935805946589,1.7331178188323975,7099200,569,887400
0.0014626518823206425,0.9744232203811407,1.3303078413009644,7100000,569,887500
7.045207894407213e-05,0.9991934465942904,1.6197302341461182,7100800,569,887600
0.00035727082286030054,0.8563985377550125,1.501948595046997,7101600,569,887700
0.00022004597121849656,0.8418690860271454,1.7798787355422974,7102400,569,887800
0.0006045554182492197,0.98362379334867,1.7589775323867798,7103200,569,887900
3.242609091103077e-05,0.9963768168818206,1.782153606414795,7104000,569,888000
0.00034879305167123675,0.9945013886317611,1.5442590713500977,7104800,569,888100
0.0005746522801928222,0.994927198626101,1.6932613849639893,7105600,569,888200
0.024682067334651947,0.6232600510120392,1.7279092073440552,7106400,569,888300
0.0003265078994445503,0.9826646167784929,1.5380899906158447,7107200,569,888400
0.00019718331168405712,0.9946248061023653,1.5507696866989136,7108000,569,888500
0.0044711921364068985,0.9606222920119762,1.4510245323181152,7108800,569,888600
0.003573163878172636,0.9656074941158295,1.111983299255371,7109600,569,888700
0.002107507549226284,0.9863002663478255,1.76317298412323,7110400,569,888800
0.00015860366693232208,0.9993410215829499,1.4440679550170898,7111200,569,888900
0.0011835780460387468,0.906265489757061,1.5041877031326294,7112000,569,889000
4.7540805098833516e-05,0.9992703967145644,1.5809080600738525,7112800,569,889100
0.0007676435634493828,0.9828867726027966,1.7388701438903809,7113600,569,889200
0.0004229542682878673,0.9976709624752402,1.7280360460281372,7114400,569,889300
0.0005843816907145083,0.9896440813317895,1.75065016746521,7115200,569,889400
0.0007894861046224833,0.9784492012113333,1.2810282707214355,7116000,569,889500
0.00040913766133598983,0.9689971450716257,1.7832392454147339,7116800,569,889600
0.001650587422773242,0.9854590697214007,1.5575929880142212,7117600,569,889700
0.0005983447190374136,0.9619705863296986,1.778597354888916,7118400,569,889800
0.0007152336183935404,0.9957565753720701,1.7640154361724854,7119200,569,889900
0.00029303354676812887,0.9817558974027634,1.7371301651000977,7120000,569,890000
9.223124652635306e-05,0.9980910944286734,1.7368179559707642,7120800,569,890100
0.0003081574395764619,0.9992537219077349,1.6471166610717773,7121600,569,890200
2.5525074306642637e-05,0.9951408691704273,1.7758371829986572,7122400,569,890300
0.00012371411139611155,0.9981715189060196,1.7255942821502686,7123200,569,890400
0.0001301773590967059,0.9891958991065621,1.4024200439453125,7124000,569,890500
0.0008608469506725669,0.6959286332130432,1.753084659576416,7124800,569,890600
0.0005342711810953915,0.9875642228871584,1.1989290714263916,7125600,569,890700
0.0004539552319329232,0.9824174996465445,1.7596858739852905,7126400,569,890800
0.00015429673658218235,0.996259234379977,1.4590239524841309,7127200,569,890900
4.010094198747538e-05,0.9986285821069032,1.7433032989501953,7128000,569,891000
0.0005594189860858023,0.9904914777725935,1.7726929187774658,7128800,569,891100
0.0006141009507700801,0.9616114422678947,1.3235445022583008,7129600,569,891200
0.00026543985586613417,0.9944523787125945,1.7378337383270264,7130400,569,891300
0.00037051612162031233,0.9836512375622988,1.4874144792556763,7131200,569,891400
0.0008216556161642075,0.9742392413318157,1.6272189617156982,7132000,569,891500
0.003509987611323595,0.9734369069337845,1.2948317527770996,7132800,569,891600
0.019931569695472717,0.9404558129608631,1.685610055923462,7133600,569,891700
0.0009796334197744727,0.9863770138472319,1.6528387069702148,7134400,569,891800
0.0012926009949296713,0.9896437469869852,1.7349460124969482,7135200,569,891900
0.0016607113648205996,0.9698840081691742,1.7301833629608154,7136000,569,892000
0.001159249572083354,0.9796407911926508,1.7599825859069824,7136800,569,892100
0.0009654310997575521,0.9882507612928748,1.5138607025146484,7137600,569,892200
0.00027855730149894953,0.9873103471472859,1.4675616025924683,7138400,569,892300
0.0009030747460201383,0.9909342359751463,1.4181445837020874,7139200,569,892400
0.0026821186766028404,0.9738057591021061,1.4796749353408813,7140000,569,892500
0.010907948017120361,0.7938658595085144,1.3537830114364624,7140800,569,892600
0.001738351071253419,0.9897686131298542,1.622349500656128,7141600,569,892700
0.013372824527323246,0.873811200261116,1.476999282836914,7142400,569,892800
0.00866323709487915,0.9284365996718407,1.17427396774292,7143200,569,892900
0.001373120117932558,0.9793609045445919,1.6491146087646484,7144000,569,893000
0.043163690716028214,0.12430161237716675,1.1865142583847046,7144800,569,893100
0.00019934194278903306,0.9940381315536797,1.733891248703003,7145600,569,893200
7.066442049108446e-05,0.9992262285668403,1.6290321350097656,7146400,569,893300
0.00018517939315643162,0.997036189539358,1.6307308673858643,7147200,569,893400
0.0002482486015651375,0.9902782356366515,1.773775577545166,7148000,569,893500
0.0026237196289002895,0.9512928687036037,1.7635279893875122,7148800,569,893600
0.015389184467494488,0.9556243494153023,1.308590054512024,7149600,569,893700
0.0004293587408028543,0.9952073213644326,1.768432378768921,7150400,569,893800
0.0038691351655870676,0.4951857328414917,1.491234540939331,7151200,569,893900
0.00030834859353490174,0.9905957458540797,0.9943934679031372,7152000,569,894000
9.953681728802621e-05,0.9978956326376647,1.7699286937713623,7152800,569,894100
0.00019860696920659393,0.9918108778074384,1.3983919620513916,7153600,569,894200
0.0003655263571999967,0.9956841398961842,1.725602626800537,7154400,569,894300
0.0013198810629546642,0.9767142422497272,1.6938376426696777,7155200,569,894400
0.0004229675978422165,0.9967587059363723,1.7496178150177002,7156000,569,894500
0.00044494372559711337,0.9934177971445024,1.689924716949463,7156800,569,894600
0.0003018320130649954,0.9984042494324967,1.6011497974395752,7157600,569,894700
0.00019830730161629617,0.9975987847428769,1.7740228176116943,7158400,569,894800
0.00019758481357712299,0.9938831781037152,1.4504752159118652,7159200,569,894900
7.441155321430415e-05,0.9968069195747375,1.5099972486495972,7160000,569,895000
0.00011407480633351952,0.9986606534803286,1.6057367324829102,7160800,569,895100
0.0008630823576822877,0.9640325903892517,1.4027721881866455,7161600,569,895200
0.0010814779670909047,0.9961343603208661,1.76344633102417,7162400,569,895300
0.008548149839043617,0.9543373547494411,1.51576566696167,7163200,569,895400
0.00020445793052203953,0.9858555197715759,1.735358476638794,7164000,569,895500
0.0006707795546390116,0.9953682208433747,1.5774805545806885,7164800,569,895600
0.0005658233421854675,0.9724508635699749,1.7395176887512207,7165600,569,895700
0.00029041891684755683,0.9947445886209607,1.7480988502502441,7166400,569,895800
0.00017498346278443933,0.9897518288344145,1.505733609199524,7167200,569,895900
0.001259202603250742,0.990180722437799,1.4575634002685547,7168000,569,896000
0.000624598644208163,0.9925950234755874,1.5054610967636108,7168800,569,896100
5.7129924243781716e-05,0.9997144727676641,1.7291266918182373,7169600,569,896200
0.0002339589991606772,0.9900858933106065,1.6463754177093506,7170400,569,896300
0.00023940902610775083,0.9908020403236151,1.5067318677902222,7171200,569,896400
0.006170617416501045,0.9354590103030205,1.4164663553237915,7172000,569,896500
0.0002584487374406308,0.9983898327918723,1.376017451286316,7172800,569,896600
0.00030410982435569167,0.9994588743429631,1.7608740329742432,7173600,569,896700
0.00012833575601689517,0.9979411424137652,1.4413803815841675,7174400,569,896800
0.0006318351370282471,0.986128194257617,1.5536293983459473,7175200,570,896900
9.73931237240322e-05,0.9994754773797467,1.7608656883239746,7176000,570,897000
0.008906010538339615,0.8820255175232887,1.744740605354309,7176800,570,897100
0.0003982229973189533,0.9948339201509953,1.349790334701538,7177600,570,897200
0.0003349442849867046,0.9905511029064655,1.7308825254440308,7178400,570,897300
0.0002442213299218565,0.9976886995136738,1.7347385883331299,7179200,570,897400
0.0014242144534364343,0.9890859359875321,1.4512462615966797,7180000,570,897500
7.356244168477133e-05,0.9989128869492561,1.6449501514434814,7180800,570,897600
9.720281377667561e-05,0.9961416209116578,1.6997039318084717,7181600,570,897700
0.00021614214347209781,0.9943871637806296,1.749314308166504,7182400,570,897800
0.001164394081570208,0.9907514406368136,1.5540924072265625,7183200,570,897900
0.0008003418333828449,0.9841004181653261,1.3722634315490723,7184000,570,898000
0.00042079301783815026,0.9890926815569401,1.7728880643844604,7184800,570,898100
4.4795502617489547e-05,0.9992251327494159,1.7418482303619385,7185600,570,898200
0.00019916761084459722,0.9965442533139139,1.564769983291626,7186400,570,898300
0.0010881006019189954,0.9446923844516277,1.6686453819274902,7187200,570,898400
0.00021756345813628286,0.9974047774448991,1.7014670372009277,7188000,570,898500
0.0003803788567893207,0.9949231706559658,1.7499005794525146,7188800,570,898600
0.003226012457162142,0.9600650779902935,1.698866367340088,7189600,570,898700
0.0003932086983695626,0.9889734955504537,1.5731688737869263,7190400,570,898800
0.00038818494067527354,0.9961752200033516,1.685077428817749,7191200,570,898900
0.0002539247798267752,0.9849718697369099,1.5686016082763672,7192000,570,899000
0.00013547671551350504,0.9976146114058793,1.565972924232483,7192800,570,899100
0.0008838801877573133,0.9862488936632872,1.2905099391937256,7193600,570,899200
0.0003322465345263481,0.9807582329958677,1.4245169162750244,7194400,570,899300
0.00013975500769447535,0.9975393174681813,1.7745455503463745,7195200,570,899400
0.0002514342195354402,0.9880594694986939,1.4125778675079346,7196000,570,899500
0.0007650212501175702,0.9954991163685918,1.484633445739746,7196800,570,899600
0.00014587625628337264,0.9976117364130914,1.755910873413086,7197600,570,899700
0.0004655005759559572,0.9974465845152736,1.6258407831192017,7198400,570,899800
0.0012278440408408642,0.9096128791570663,1.7019538879394531,7199200,570,899900
0.00022368818463291973,0.9916427433490753,1.6445719003677368,7200000,570,900000
0.0006197516340762377,0.996363942977041,1.692163348197937,7200800,570,900100
0.0012817044043913484,0.9301654547452927,1.7253339290618896,7201600,570,900200
0.0036242303904145956,0.9251285344362259,1.1481726169586182,7202400,570,900300
0.00022961436479818076,0.9964630291797221,1.7439017295837402,7203200,570,900400
0.0018495270051062107,0.9906838890165091,1.452552080154419,7204000,570,900500
0.0001600661053089425,0.9965635582339019,1.7653367519378662,7204800,570,900600
0.00038421788485720754,0.991712175309658,1.667206048965454,7205600,570,900700
0.0008265353972092271,0.9868809385225177,1.7739049196243286,7206400,570,900800
0.00015788742166478187,0.991717392578721,1.7726287841796875,7207200,570,900900
0.0063098398968577385,0.8919964507222176,1.6531143188476562,7208000,570,901000
0.0011334833689033985,0.995517014991492,1.4281067848205566,7208800,570,901100
0.0001989812299143523,0.9803299810737371,1.7775707244873047,7209600,570,901200
0.04378768429160118,0.8789748325943947,1.6678142547607422,7210400,570,901300
0.0005152447847649455,0.997810164000839,1.296762466430664,7211200,570,901400
0.00020800612401217222,0.9982727768365294,1.4774748086929321,7212000,570,901500
0.0004685966414399445,0.9761821795254946,1.4794228076934814,7212800,570,901600
0.02022778056561947,0.7557281255722046,1.7227859497070312,7213600,570,901700
0.0025119222700595856,0.9684608057141304,1.5872936248779297,7214400,570,901800
0.0004906067624688148,0.9920827737078071,1.3165644407272339,7215200,570,901900
0.027682263404130936,0.7969391942024231,1.5801525115966797,7216000,570,902000
6.446662882808596e-05,0.9986639322014526,1.6241567134857178,7216800,570,902100
0.0014409706927835941,0.9785612989217043,1.2288861274719238,7217600,570,902200
0.0001684336893958971,0.998991338419728,1.744011402130127,7218400,570,902300
8.39108761283569e-05,0.9983071690658107,1.7572531700134277,7219200,570,902400
7.395926513709128e-05,0.9985471393447369,1.5570878982543945,7220000,570,902500
0.0001411812991136685,0.9969884499441832,1.7425289154052734,7220800,570,902600
2.257265805383213e-05,0.9995323853509035,1.4169600009918213,7221600,570,902700
0.0011956199305132031,0.9115385711193085,1.432115077972412,7222400,570,902800
0.0015988205559551716,0.9944437644444406,1.2933896780014038,7223200,570,902900
0.0012891438091173768,0.872076153755188,1.7640048265457153,7224000,570,903000
0.00028444131021387875,0.9965042737312615,1.7620841264724731,7224800,570,903100
0.0006097694858908653,0.9971595830284059,1.6690024137496948,7225600,570,903200
0.0004703940649051219,0.9951464287005365,1.7242563962936401,7226400,570,903300
0.0005225497880019248,0.9874066980555654,1.4863379001617432,7227200,570,903400
0.0027342913672327995,0.8998631238937378,1.7676670551300049,7228000,570,903500
0.0003597870818339288,0.9946549534797668,1.5378851890563965,7228800,570,903600
0.0006648910348303616,0.9937031674198806,1.2803680896759033,7229600,570,903700
0.0006157089374028146,0.9629244357347488,1.4825634956359863,7230400,570,903800
0.00034770264755934477,0.9603533521294594,1.7699058055877686,7231200,570,903900
0.0005328680854290724,0.9824865404516459,1.516039490699768,7232000,570,904000
7.99205299699679e-05,0.9933567047119141,1.7452795505523682,7232800,570,904100
0.00012555319699458778,0.9981486493488774,1.276638150215149,7233600,570,904200
0.0001725420297589153,0.9838505126535892,1.6109598875045776,7234400,570,904300
0.00042284620576538146,0.9977795155718923,1.7506756782531738,7235200,570,904400
0.00025861404719762504,0.9920559199526906,1.583499550819397,7236000,570,904500
0.002277709310874343,0.9320654049515724,1.4970777034759521,7236800,570,904600
0.0028620795346796513,0.9724592659622431,1.7388081550598145,7237600,570,904700
0.0001791188115021214,0.9976195087656379,1.4414067268371582,7238400,570,904800
0.00029656890546903014,0.9984236215241253,1.7520192861557007,7239200,570,904900
0.0012444385793060064,0.993854349013418,1.7644604444503784,7240000,570,905000
0.0012804078869521618,0.9865088779479265,1.6601109504699707,7240800,570,905100
0.0013465677620843053,0.9806518107652664,1.5266084671020508,7241600,570,905200
0.0002958574623335153,0.9983171346830204,1.5075633525848389,7242400,570,905300
0.00044280756264925003,0.9723935127258301,1.7195861339569092,7243200,570,905400
0.015281782485544682,0.5320146083831787,1.5012590885162354,7244000,570,905500
8.38987180031836e-05,0.9863761477172375,1.468104362487793,7244800,570,905600
0.001374380080960691,0.9748779647052288,1.7348854541778564,7245600,570,905700
0.0009545315988361835,0.9905976550653577,1.1831998825073242,7246400,570,905800
0.0006705229752697051,0.9955426370725036,1.7163149118423462,7247200,570,905900
0.00020910677267238498,0.9951107525266707,1.4672532081604004,7248000,570,906000
0.0001305317709920928,0.9859687546268106,1.726867914199829,7248800,570,906100
0.000142681848956272,0.998295740573667,1.5344126224517822,7249600,570,906200
0.00013617542572319508,0.9934084760025144,1.6441248655319214,7250400,570,906300
0.0013453788124024868,0.9925343538634479,1.6215622425079346,7251200,570,906400
0.00022695990628562868,0.9954222729429603,1.7578092813491821,7252000,570,906500
0.0001168489980045706,0.999136772530619,1.5236352682113647,7252800,570,906600
0.0002329738053958863,0.9987629090901464,1.723030924797058,7253600,570,906700
0.28878849744796753,-0.9299620389938354,1.0073421001434326,7254400,570,906800
0.0001152355398517102,0.9979272207710892,1.4480109214782715,7255200,570,906900
0.0006623659282922745,0.9793582521378994,1.5585484504699707,7256000,570,907000
0.0020323905628174543,0.9318574368953705,1.7044341564178467,7256800,570,907100
0.00014193812967278063,0.999736946541816,1.776749610900879,7257600,570,907200
0.0023407195694744587,0.9651778750121593,1.5601071119308472,7258400,570,907300
0.0005433521000668406,0.9965436647180468,1.7572284936904907,7259200,570,907400
0.0002897246740758419,0.9727299567312002,1.4741439819335938,7260000,570,907500
0.00012596845044754446,0.9989899124484509,1.766189455986023,7260800,570,907600
0.00013956525071989745,0.9991369558847509,1.7262048721313477,7261600,570,907700
0.00016052024147938937,0.9768341314047575,1.7718610763549805,7262400,570,907800
0.015731709077954292,0.904970720410347,1.3391315937042236,7263200,570,907900
5.703161150449887e-05,0.9907435551285744,1.7487375736236572,7264000,570,908000
0.00018716836348176003,0.9976336886174977,1.4776411056518555,7264800,570,908100
0.00010323355672881007,0.9958041314966977,1.6621067523956299,7265600,570,908200
0.00010339672007830814,0.9992055406910367,1.7271472215652466,7266400,570,908300
0.0007433235878124833,0.9939257157966495,1.6199288368225098,7267200,570,908400
4.131262903683819e-05,0.9998016066092532,1.758908748626709,7268000,570,908500
0.003843045560643077,0.9886496318504214,1.354596734046936,7268800,570,908600
7.306407496798784e-05,0.9974635208491236,1.7131836414337158,7269600,570,908700
0.0027079416904598475,0.9589907638728619,1.6449934244155884,7270400,570,908800
0.0003111715195700526,0.996605439344421,1.3775663375854492,7271200,570,908900
0.0006758766248822212,0.9939061682671309,1.5387144088745117,7272000,570,909000
0.0007131917518563569,0.9948841347359121,1.5354105234146118,7272800,570,909100
0.0006335905054584146,0.9834843222051859,1.3487639427185059,7273600,570,909200
0.0001087241544155404,0.9935469110496342,1.4837334156036377,7274400,570,909300
0.00012934932601638138,0.9984846244333312,1.7760552167892456,7275200,570,909400
0.00018162096966989338,0.9954606625251472,1.7344157695770264,7276000,570,909500
8.320692722918466e-05,0.9991830058861524,1.5480568408966064,7276800,570,909600
0.000307206209981814,0.9945216355845332,1.596805453300476,7277600,570,909700
0.00012207792315166444,0.9964040499180555,1.4452524185180664,7278400,570,909800
0.0004697758995462209,0.9899345869198442,1.5221660137176514,7279200,570,909900
0.00010044044756796211,0.9993237860035151,1.6880995035171509,7280000,570,910000
0.0007032266585156322,0.9776846915483475,1.627346396446228,7280800,570,910100
4.2269621189916506e-05,0.9986445385729894,1.4037010669708252,7281600,570,910200
0.0007788800867274404,0.9980451406445354,1.7623670101165771,7282400,570,910300
0.006662954110652208,0.7382411658763885,1.7648680210113525,7283200,570,910400
0.00012034113751724362,0.9989588882308453,1.224461317062378,7284000,570,910500
9.818423131946474e-05,0.985985366627574,1.6966288089752197,7284800,570,910600
0.00014963076682761312,0.9986015503527597,1.4130074977874756,7285600,570,910700
2.522101567592472e-05,0.9985351915238425,1.303997278213501,7286400,570,910800
0.00031493921414949,0.9978001259732991,1.542182445526123,7287200,570,910900
0.00018491814262233675,0.9925198522396386,1.761033296585083,7288000,570,911000
0.0002857064246200025,0.9977434193715453,1.7594313621520996,7288800,570,911100
0.0005530398921109736,0.9937848849222064,1.4460482597351074,7289600,570,911200
0.004178335890173912,0.9310413226485252,1.7342718839645386,7290400,570,911300
0.00025646088761277497,0.9788458961993456,1.2592778205871582,7291200,570,911400
0.00017365178791806102,0.9528108350932598,1.7364593744277954,7292000,570,911500
0.0010104632237926126,0.9803820326924324,1.6804333925247192,7292800,570,911600
6.996745651122183e-05,0.9994101219344884,1.52899169921875,7293600,570,911700
0.0026876709889620543,0.9786732941865921,1.7250635623931885,7294400,570,911800
6.403993756975979e-05,0.9944110023789108,1.3965739011764526,7295200,570,911900
0.0002548607299104333,0.99058938305825,1.7216932773590088,7296000,570,912000
0.0011754021979868412,0.9846015414223075,1.3705534934997559,7296800,570,912100
0.0007846947992220521,0.9963843219447881,1.5823407173156738,7297600,570,912200
0.0005113176885060966,0.9895695727318525,1.7568399906158447,7298400,570,912300
0.00016466648958157748,0.9963582172058523,1.7549314498901367,7299200,570,912400
0.0003975414438173175,0.9963338528759778,1.504197120666504,7300000,570,912500
0.0006558426539413631,0.9944914220832288,1.7180612087249756,7300800,570,912600
0.0006572326528839767,0.9978685108944774,1.5049917697906494,7301600,570,912700
8.474606147501618e-05,0.9985667339060456,1.706404685974121,7302400,570,912800
7.012727292021737e-05,0.9992814745055512,1.3267698287963867,7303200,570,912900
0.00012287301069591194,0.9984764427645132,1.646010398864746,7304000,570,913000
0.004274342674762011,0.9562293514609337,1.482365608215332,7304800,570,913100
0.0005551439244300127,0.9938001660630107,1.7002968788146973,7305600,570,913200
0.0001795411662897095,0.9970141006633639,1.4472476243972778,7306400,570,913300
7.104427641024813e-05,0.9887254182249308,1.6772129535675049,7307200,570,913400
0.0009884509490802884,0.8601050227880478,1.6564624309539795,7308000,570,913500
0.0003059486043639481,0.99843856820371,1.6009106636047363,7308800,570,913600
0.001598029164597392,0.9250266551971436,1.2667450904846191,7309600,570,913700
0.00013510629651136696,0.9965875197667629,1.1963051557540894,7310400,570,913800
0.002899645594879985,0.9859305256977677,1.7480088472366333,7311200,570,913900
0.0009664024109952152,0.9736810829490423,1.7259385585784912,7312000,570,914000
0.000505611882545054,0.993826488032937,1.1662702560424805,7312800,570,914100
0.0009945313213393092,0.9824508130550385,1.7218691110610962,7313600,570,914200
0.00078562181442976,0.9827294237911701,0.9719409942626953,7314400,570,914300
0.0007838670862838626,-0.831000566482544,1.5127805471420288,7315200,570,914400
0.0009545101784169674,0.9757393058389425,1.4126989841461182,7316000,570,914500
0.0009903534082695842,0.9687571730464697,1.5013684034347534,7316800,570,914600
0.0009074870031327009,0.9904037918895483,1.7419344186782837,7317600,570,914700
0.00559355691075325,0.8207014054059982,1.6260170936584473,7318400,570,914800
0.0008138971752487123,0.9922253647819161,1.5855519771575928,7319200,570,914900
0.00047286023618653417,0.9902478950098157,1.3854268789291382,7320000,570,915000
0.0020371798891574144,0.9601363874971867,1.4895901679992676,7320800,570,915100
0.001711148303002119,0.977531936019659,1.706857442855835,7321600,570,915200
0.00018868337792810053,0.9920013081282377,1.7495489120483398,7322400,570,915300
0.0006861619767732918,0.9881142107769847,1.380619764328003,7323200,570,915400
0.0004544565745163709,0.9715145863592625,1.4003260135650635,7324000,570,915500
0.0001416954619344324,0.9981262555811554,1.465242862701416,7324800,570,915600
0.023729177191853523,0.5599025785923004,1.4497768878936768,7325600,570,915700
0.00017885873967316002,0.9989924787078053,1.7676384449005127,7326400,570,915800
0.015134837478399277,0.4489266276359558,1.2166117429733276,7327200,570,915900
0.00032480910886079073,0.9967149971053004,1.7488656044006348,7328000,570,916000
0.0012107404181733727,0.9790270663797855,1.5153865814208984,7328800,570,916100
0.0001280007418245077,0.9802001118659973,1.7260746955871582,7329600,570,916200
0.00020080120884813368,0.994921721983701,1.108331561088562,7330400,570,916300
0.00020064176351297647,0.9969042157754302,1.753955364227295,7331200,570,916400
6.021825538482517e-05,0.9980347245000303,1.3800218105316162,7332000,570,916500
0.00020741306070704013,0.9904701244086027,1.573952555656433,7332800,570,916600
0.00048153498210012913,0.9985909162787721,1.3599441051483154,7333600,570,916700
0.00026150577468797565,0.9941390515305102,1.527448058128357,7334400,570,916800
4.3353364162612706e-05,0.9972295891493559,1.597080945968628,7335200,570,916900
0.0005375623586587608,0.99847147683613,1.7489891052246094,7336000,570,917000
0.00025778377312235534,0.9955388000234962,1.7816059589385986,7336800,570,917100
0.0003421946312300861,0.994123600423336,1.7513827085494995,7337600,570,917200
9.714390034787357e-05,0.999246192688588,1.7341585159301758,7338400,570,917300
0.00038977814256213605,0.9887353964149952,1.503157138824463,7339200,570,917400
0.00012078874715371057,0.998931091860868,1.3831653594970703,7340000,570,917500
0.00013597861106973141,0.9965995862148702,1.7809255123138428,7340800,570,917600
0.00029476667987182736,0.9983655414544046,1.750354528427124,7341600,570,917700
0.00042547681368887424,0.9740460552275181,1.5572237968444824,7342400,570,917800
0.0014670477248728275,0.9698404520750046,1.7538840770721436,7343200,570,917900
0.0005575095419771969,0.9619522877037525,0.9299628734588623,7344000,570,918000
0.00437755323946476,0.9452787488698959,1.4263434410095215,7344800,570,918100
0.0003963217604905367,0.9829146042466164,1.6987967491149902,7345600,570,918200
0.00011101349082309753,0.9835666865110397,1.769880771636963,7346400,570,918300
0.002506610471755266,0.9810158610343933,1.6386866569519043,7347200,570,918400
0.0017078795935958624,0.9880083268508315,1.488736867904663,7348000,570,918500
0.0002572850789874792,0.9917440125718713,1.747422695159912,7348800,570,918600
0.0015343399718403816,0.9681203067302704,1.542029857635498,7349600,570,918700
9.002928709378466e-05,0.9989940758096054,1.7083990573883057,7350400,570,918800
0.0004178669478278607,0.9914622157812119,1.7698314189910889,7351200,570,918900
0.0018394620856270194,0.9857253590598702,1.4799411296844482,7352000,570,919000
0.00034465172211639583,0.9979860226158053,1.5691330432891846,7352800,570,919100
0.00024414152721874416,0.997513949405402,1.7507117986679077,7353600,570,919200
0.0025311517529189587,0.987857036292553,1.6275602579116821,7354400,570,919300
0.00010339515574742109,0.9987903459696099,1.754952311515808,7355200,570,919400
0.0003250177833251655,0.989184882491827,1.561203956604004,7356000,570,919500
0.0002789102145470679,0.9974534150678664,1.5311551094055176,7356800,570,919600
0.010220336727797985,0.9104999005794525,1.3261399269104004,7357600,570,919700
0.0001509249268565327,0.9677810370922089,1.7670581340789795,7358400,570,919800
0.0025908041279762983,0.9851542320102453,1.4488574266433716,7359200,570,919900
0.0001156325452029705,0.9982753191143274,1.7853102684020996,7360000,570,920000
0.0010756462579593062,0.9928104276768863,1.6725044250488281,7360800,570,920100
0.0006187722901813686,0.9958619815297425,1.7453677654266357,7361600,570,920200
0.0017660176381468773,0.9933160915970802,1.4401400089263916,7362400,570,920300
0.007280917838215828,0.9531686678528786,1.5330854654312134,7363200,570,920400
0.0007064853562042117,0.9968226270284504,1.7769352197647095,7364000,570,920500
0.0001165883440990001,0.9966244061943144,1.7578511238098145,7364800,570,920600
0.0004220136033836752,0.9991009464138187,1.7274398803710938,7365600,570,920700
0.004493118263781071,0.9545426368713379,1.5676074028015137,7366400,570,920800
0.005652057006955147,0.854852944612503,1.7287293672561646,7367200,570,920900
0.0007080640643835068,0.9904624689370394,1.3009989261627197,7368000,570,921000
4.9901667807716876e-05,0.9941018181852996,1.754591464996338,7368800,570,921100
0.0007542315870523453,0.9740456193685532,1.7676689624786377,7369600,570,921200
0.0025493046268820763,0.9901805110275745,1.6246373653411865,7370400,570,921300
0.0016647628508508205,0.9579577781260014,1.4971132278442383,7371200,570,921400
0.00030588218942284584,0.9986047100974247,1.7238683700561523,7372000,570,921500
0.0002733317669481039,0.9932042369619012,1.4945869445800781,7372800,570,921600
0.0009489013464190066,0.9477530419826508,1.679770827293396,7373600,570,921700
0.00016971920558717102,0.9971275590360165,1.612082600593567,7374400,570,921800
0.0013267005560919642,0.9909411920234561,1.6735122203826904,7375200,570,921900
0.0002245888754259795,0.9731141235679388,1.7783446311950684,7376000,570,922000
0.0004385488573461771,0.994925803039223,1.5157979726791382,7376800,570,922100
6.226843106560409e-05,0.9883676441386342,1.7748565673828125,7377600,570,922200
0.000519866356626153,0.9940669196657836,1.7371596097946167,7378400,570,922300
0.00013434707943815738,0.9986741715110838,1.6010322570800781,7379200,570,922400
0.00033716490725055337,0.9975941048469394,1.7313041687011719,7380000,570,922500
0.00021043390734121203,0.9932664497755468,1.5073909759521484,7380800,570,922600
0.0003909936058335006,0.9750632122159004,1.7675436735153198,7381600,570,922700
6.966661021579057e-05,0.9988777867984027,1.7432012557983398,7382400,570,922800
0.00029794545844197273,0.9877051059156656,1.280522108078003,7383200,570,922900
0.00043400784488767385,0.9789956584572792,1.584169864654541,7384000,570,923000
2.9270804589032196e-05,0.9996871274488512,1.7789267301559448,7384800,570,923100
0.00017564321751706302,0.9968813608866185,1.6257078647613525,7385600,570,923200
0.0020013158209621906,0.9829549696296453,1.7721996307373047,7386400,570,923300
0.001652473583817482,0.9416137598454952,1.5318262577056885,7387200,570,923400
0.000149358413182199,0.996765997260809,1.5079478025436401,7388000,570,923500
0.001103692571632564,0.9874294959008694,1.3153595924377441,7388800,570,923600
0.0022925371304154396,0.9654761329293251,1.5747483968734741,7389600,570,923700
7.174088386818767e-05,0.9989903273526579,1.689941644668579,7390400,570,923800
0.00485224137082696,0.9575599171221256,1.5581251382827759,7391200,570,923900
0.0008816001936793327,0.9896751055493951,1.6537535190582275,7392000,570,924000
8.399427315453067e-05,0.9987055296078324,1.763512372970581,7392800,570,924100
0.0015441541327163577,0.9867612710222602,1.1246109008789062,7393600,570,924200
0.0002778821508400142,0.98847870901227,1.7383153438568115,7394400,570,924300
7.340218871831894e-05,0.9990037239622325,1.7058204412460327,7395200,570,924400
0.0043936618603765965,0.8150816112756729,1.2776329517364502,7396000,570,924500
5.1707145757973194e-05,0.9985317456303164,1.4662903547286987,7396800,570,924600
0.0006982249906286597,0.9921145690605044,1.5929579734802246,7397600,570,924700
0.0005035390495322645,0.9753258097916842,1.260019302368164,7398400,570,924800
7.98201872385107e-05,0.9984280313365161,1.7716574668884277,7399200,570,924900
0.00027441876591183245,0.9978283576201648,1.5752665996551514,7400000,570,925000
0.0012277166824787855,0.9162979125976562,1.4862443208694458,7400800,570,925100
0.0002679028548300266,0.9989720729645342,1.7059993743896484,7401600,570,925200
0.0038221506401896477,0.8713511824607849,1.2155280113220215,7402400,570,925300
0.0004750235821120441,0.9961712041404098,1.7746918201446533,7403200,570,925400
0.00016629703168291599,0.9933586861006916,1.5133657455444336,7404000,570,925500
0.0008077587699517608,0.9805647414177656,1.7770943641662598,7404800,570,925600
0.00036459515104070306,0.9936502617783844,1.6984834671020508,7405600,570,925700
0.00034995205351151526,0.9956695283763111,1.7366290092468262,7406400,570,925800
5.181575397728011e-05,0.9996005073771812,1.7804421186447144,7407200,570,925900
0.00010974988981615752,0.9974502520635724,1.7699711322784424,7408000,570,926000
0.0004356886784080416,0.9908825410529971,1.4886250495910645,7408800,570,926100
0.0001521327649243176,0.9975877432152629,1.7820892333984375,7409600,570,926200
0.0006251908489502966,0.8937112614512444,1.7752097845077515,7410400,570,926300
4.800272290594876e-05,0.9888114929199219,1.7447080612182617,7411200,570,926400
0.0004084261308889836,0.988297838717699,1.1281362771987915,7412000,570,926500
0.0003807928878813982,0.9609727188944817,1.7770555019378662,7412800,570,926600
0.0005187704227864742,0.9915853338316083,1.5200848579406738,7413600,570,926700
8.277247252408415e-05,0.9980376975145191,1.6389999389648438,7414400,570,926800
0.0011159731075167656,0.9915821999311447,1.7623555660247803,7415200,570,926900
0.0001003887300612405,0.9991272196057253,1.7306900024414062,7416000,570,927000
0.00026310046087019145,0.9975258505437523,1.7704613208770752,7416800,570,927100
0.0001429936964996159,0.9978557957801968,1.493135929107666,7417600,570,927200
0.00011572590301511809,0.9987017110688612,1.7463257312774658,7418400,570,927300
0.00024776702048256993,0.9931842689402401,1.495168924331665,7419200,570,927400
0.0005989979254081845,0.9858148088678718,1.7088134288787842,7420000,570,927500
0.0004671876667998731,0.9850797280669212,1.203409194946289,7420800,570,927600
0.00043471474782563746,0.992376443464309,1.4788248538970947,7421600,570,927700
0.00020650302758440375,0.9942714744247496,1.5624326467514038,7422400,570,927800
0.00016317208064720035,0.9989508537109941,1.7307759523391724,7423200,570,927900
0.0013481962960213423,0.9860700089484453,1.5161707401275635,7424000,570,928000
0.00044258651905693114,0.9777217898517847,1.7081327438354492,7424800,570,928100
0.0018760114908218384,0.9873574087396264,1.3251533508300781,7425600,570,928200
0.00042975449468940496,0.9927037446759641,1.747363805770874,7426400,570,928300
0.00035674055106937885,0.9942050538957119,1.7133827209472656,7427200,570,928400
0.0005013999762013555,0.9961287064943463,1.4912724494934082,7428000,570,928500
0.0001727826165733859,0.995259893592447,1.620100498199463,7428800,570,928600
0.00023470711312256753,0.996009083930403,1.4757392406463623,7429600,570,928700
6.346224108710885e-05,0.999249647196848,1.5063605308532715,7430400,570,928800
0.0006493944092653692,0.9219318479299545,1.6040807962417603,7431200,570,928900
0.0010289006168022752,0.9921037945896387,1.3979629278182983,7432000,570,929000
0.00020722203771583736,0.9923587357625365,1.394338607788086,7432800,570,929100
0.0006570221157744527,0.9847160596400499,1.7636969089508057,7433600,570,929200
0.0029009950812906027,0.9692466091364622,1.7330902814865112,7434400,570,929300
0.00017250125529244542,0.9797594211995602,1.7788153886795044,7435200,570,929400
0.0001337729045189917,0.9975316224154085,1.4168345928192139,7436000,570,929500
3.30059920088388e-05,0.9988734008511528,1.723504900932312,7436800,570,929600
0.0010373161640018225,0.9923445577733219,1.4739450216293335,7437600,570,929700
7.494341116398573e-05,0.9969204990193248,1.5686739683151245,7438400,570,929800
0.0003345599106978625,0.9901419077068567,1.19478440284729,7439200,570,929900
0.0006456371047534049,0.9944690144620836,1.7659578323364258,7440000,570,930000
0.0001491318253101781,0.9984919370617718,1.757047414779663,7440800,570,930100
0.0002300742780789733,0.9744201209396124,1.4991530179977417,7441600,570,930200
0.0003432000521570444,0.9954817229881883,1.5770436525344849,7442400,570,930300
0.00028049113461747766,0.9951847014017403,1.7574193477630615,7443200,570,930400
0.0003428537747822702,0.9983730362728238,1.49941885471344,7444000,570,930500
8.515186345903203e-05,0.9973791525699198,1.6129531860351562,7444800,570,930600
7.816865399945527e-05,0.9987489661434665,1.416139841079712,7445600,570,930700
6.731670146109536e-05,0.9962548778858036,1.5565228462219238,7446400,570,930800
0.00022346110199578106,0.9961905342061073,1.494697093963623,7447200,570,930900
0.00027040476561523974,0.9907358149066567,1.4355018138885498,7448000,570,931000
0.0007354756817221642,0.9777938798069954,1.4771376848220825,7448800,570,931100
0.0058114537969231606,0.9637173041701317,1.780203104019165,7449600,570,931200
0.00029493242618627846,0.995276072062552,1.6272028684616089,7450400,570,931300
0.004681299440562725,0.8966818079352379,1.485973596572876,7451200,570,931400
0.0008065925794653594,0.9969513374380767,1.7311837673187256,7452000,570,931500
0.0003075328713748604,0.9977789612021297,1.4872715473175049,7452800,570,931600
0.00038184013101272285,0.8310680538415909,1.7514979839324951,7453600,570,931700
0.001221538637764752,0.8653713017702103,1.668399453163147,7454400,570,931800
0.00036495280801318586,0.9933751006610692,1.7603884935379028,7455200,570,931900
0.0010138012003153563,0.9819293171167374,1.4727373123168945,7456000,570,932000
0.0001471704599680379,0.9968222926836461,1.7555921077728271,7456800,570,932100
0.0003760017571039498,0.9977191917132586,1.7653238773345947,7457600,570,932200
4.1183830035151914e-05,0.9978077099658549,1.7405548095703125,7458400,570,932300
0.00015002502186689526,0.997672141995281,1.768723726272583,7459200,570,932400
0.00036767293931916356,0.9897040212526917,1.7691293954849243,7460000,570,932500
0.0003386268799658865,0.9583310149610043,1.7588388919830322,7460800,570,932600
0.0001923738163895905,0.9972911968361586,1.7832202911376953,7461600,570,932700
0.00015548574447166175,0.9990570101654157,1.5483068227767944,7462400,570,932800
6.62676575302612e-06,0.9993401501560584,1.7732925415039062,7463200,570,932900
8.78539212862961e-05,0.9988579058554024,1.2905796766281128,7464000,570,933000
0.00015375028306152672,0.9887918205931783,1.7391096353530884,7464800,570,933100
0.002608842682093382,0.959291223436594,1.623406171798706,7465600,570,933200
0.00043345827725715935,0.9960651407018304,1.3584849834442139,7466400,570,933300
0.0001556520874146372,0.9968926210422069,1.6677894592285156,7467200,570,933400
0.00011473104677861556,0.9964692394714803,1.7739126682281494,7468000,570,933500
0.0006592522258870304,0.9900031974539161,1.7588435411453247,7468800,570,933600
0.00021661381470039487,0.9612424522638321,1.5592308044433594,7469600,570,933700
0.000278371648164466,0.997954020742327,1.773970603942871,7470400,570,933800
0.0002173815155401826,0.9753354974091053,1.1416878700256348,7471200,570,933900
0.00010464055958436802,0.9984541545854881,1.7663192749023438,7472000,570,934000
0.00018960899615194649,0.9937356635928154,1.3622561693191528,7472800,570,934100
0.002050693379715085,0.9898804891854525,1.772755742073059,7473600,570,934200
0.0004670419730246067,0.9987916374811903,1.551642656326294,7474400,570,934300
7.904667290858924e-05,0.9990146143827587,1.7804070711135864,7475200,570,934400
0.00026075865025632083,0.9967637618537992,1.7645915746688843,7476000,570,934500
0.0011123459553346038,0.9725548811256886,1.7194344997406006,7476800,570,934600
0.002664285944774747,0.7597705125808716,1.76233971118927,7477600,570,934700
0.0010083932429552078,0.9933719858527184,1.649397373199463,7478400,570,934800
0.0006679974612779915,0.9969018229749054,1.7536969184875488,7479200,570,934900
0.0010871895356103778,0.9855125779286027,1.6205530166625977,7480000,570,935000
0.010466992855072021,0.609803318977356,1.6921675205230713,7480800,570,935100
0.00038812760612927377,0.9853604985401034,1.483054518699646,7481600,570,935200
0.00022274223738349974,0.9977685844060034,1.5732431411743164,7482400,570,935300
0.00037865922786295414,0.9975309818983078,1.627133846282959,7483200,570,935400
0.00011747553071472794,0.9947005310095847,1.5981639623641968,7484000,570,935500
6.444241444114596e-05,0.998000088147819,1.7644681930541992,7484800,570,935600
0.00025408485089428723,0.9983557045925409,1.529378890991211,7485600,570,935700
0.0005044328863732517,0.9939456395804882,1.6225929260253906,7486400,570,935800
0.00041780879837460816,0.997392381541431,1.7802554368972778,7487200,570,935900
0.0003815153904724866,0.9950513737276196,1.2993632555007935,7488000,570,936000
0.00030737018096260726,0.9989137656521052,1.7774271965026855,7488800,570,936100
0.0002680027682799846,0.9954059552401304,1.6594728231430054,7489600,570,936200
0.00019103975500911474,0.9888629596680403,1.415815830230713,7490400,570,936300
0.000430532090831548,0.9917518459260464,1.7749173641204834,7491200,570,936400
0.00011508888565003872,0.9995615344669204,1.7489666938781738,7492000,570,936500
8.9912602561526e-05,0.9970419423189014,1.756862759590149,7492800,570,936600
0.0017481540562584996,0.9908542670309544,1.1849182844161987,7493600,570,936700
0.00013158767251297832,0.9796982761472464,1.7482495307922363,7494400,570,936800
0.00014719052705913782,0.9976582545787096,1.768505334854126,7495200,570,936900
0.0020686232019215822,0.9311746656894684,1.3884828090667725,7496000,570,937000
0.0008838258218020201,0.982182489708066,1.6923514604568481,7496800,570,937100
0.00020792096620425582,0.9951323852874339,1.6801073551177979,7497600,570,937200
0.0002548949560150504,0.9949039560742676,1.7629203796386719,7498400,570,937300
0.0003724534763023257,0.9953660289756954,1.7624298334121704,7499200,570,937400
2.7723774110199884e-05,0.9992785485228524,1.610581874847412,7500000,570,937500
0.0006434778333641589,0.9666871130466461,1.7110400199890137,7500800,570,937600
0.00029296247521415353,0.960249338299036,1.7601568698883057,7501600,570,937700
0.00010295265383319929,0.9972173718269914,1.4866894483566284,7502400,570,937800
0.0022243375424295664,0.9710777644068003,1.7269115447998047,7503200,570,937900
0.0007246420718729496,0.9961579635273665,1.7498314380645752,7504000,570,938000
0.000983410980552435,0.9955533784814179,1.586403727531433,7504800,570,938100
0.0002527118194848299,0.9975972552783787,1.7555549144744873,7505600,570,938200
0.0014973434153944254,0.987285821698606,1.5420002937316895,7506400,570,938300
0.00039669303805567324,0.9947008457966149,1.6653234958648682,7507200,570,938400
0.0021911284420639277,0.98364526219666,1.730536937713623,7508000,570,938500
0.0027513913810253143,0.9924536226317286,1.7719964981079102,7508800,570,938600
0.0004963471437804401,0.8629159182310104,1.7556530237197876,7509600,570,938700
0.00021550191740971059,0.9965141317807138,1.3965423107147217,7510400,570,938800
0.0004056527104694396,0.9959707884117961,1.4861440658569336,7511200,570,938900
0.0010691096540540457,0.9752371162176132,1.5015008449554443,7512000,570,939000
4.026692477054894e-05,0.9979972201399505,1.2465662956237793,7512800,570,939100
0.00018727559654507786,0.996845236979425,1.7648102045059204,7513600,570,939200
0.00013789751392323524,0.9987734234891832,1.566695213317871,7514400,570,939300
0.0007653487264178693,0.9973053748253733,1.4397058486938477,7515200,570,939400
2.3621279979124665e-05,0.9997680080850841,1.7699451446533203,7516000,570,939500
0.0005763438530266285,0.9969853681977838,1.7326133251190186,7516800,570,939600
0.0003658997593447566,0.9886709107086062,1.4236500263214111,7517600,570,939700
0.0001385127688990906,0.9972246279940009,1.6897222995758057,7518400,570,939800
0.0004048225819133222,0.96992371045053,1.7054035663604736,7519200,570,939900
0.00016257300740107894,0.9896604912355542,1.7500224113464355,7520000,570,940000
0.000309147872030735,0.99594537448138,1.4863042831420898,7520800,570,940100
0.0007373859407380223,0.994812814053148,1.6692821979522705,7521600,570,940200
0.00011520775296958163,0.9988082780037075,1.774017095565796,7522400,570,940300
0.0004704481107182801,0.9990823177504353,1.6912345886230469,7523200,570,940400
0.0001290416985284537,0.9963514255359769,1.744828224182129,7524000,570,940500
0.00017158487753476948,0.9971328035462648,1.736932635307312,7524800,570,940600
0.00021237893088255078,0.9918120969086885,1.3069448471069336,7525600,570,940700
0.00035756221041083336,0.9986340831965208,1.7691941261291504,7526400,570,940800
0.00010851735714823008,0.9938579192385077,1.6877785921096802,7527200,570,940900
0.00018690865545067936,0.9969945575576276,1.7335543632507324,7528000,570,941000
0.003451306838542223,0.976972633972764,1.4707345962524414,7528800,570,941100
0.0007816702127456665,0.9902498610317707,1.75465726852417,7529600,570,941200
0.0005249659880064428,0.9601536430418491,1.3181862831115723,7530400,570,941300
0.0007058941991999745,0.9879032596945763,1.769838571548462,7531200,570,941400
0.0005381926312111318,0.9978013334330171,1.4510917663574219,7532000,570,941500
0.0002742730430327356,0.985380663536489,1.5355544090270996,7532800,570,941600
5.03225382999517e-05,0.99869852559641,1.7526898384094238,7533600,570,941700
0.00012008337216684595,0.9956089756451547,1.424861192703247,7534400,570,941800
0.00016377304564230144,0.9892923878505826,1.7507195472717285,7535200,570,941900
6.601766654057428e-05,0.9995326832868159,1.6387131214141846,7536000,570,942000
0.0013798674335703254,0.9919368894770741,1.6190524101257324,7536800,570,942100
6.811865023337305e-05,0.9982891322579235,1.6356821060180664,7537600,570,942200
0.0007998484652489424,0.9966309631709009,1.6109488010406494,7538400,570,942300
9.800706175155938e-05,0.9982469632523134,1.7782588005065918,7539200,570,942400
0.0001515958138043061,0.9982377160340548,1.7407958507537842,7540000,570,942500
0.00020276497525628656,0.9900122107937932,1.6747980117797852,7540800,570,942600
0.0003429497010074556,0.996925943531096,1.6466020345687866,7541600,570,942700
7.03326440998353e-05,0.9977059289813042,1.7402498722076416,7542400,570,942800
0.0003818398981820792,0.996989727485925,1.604919672012329,7543200,570,942900
0.011396260000765324,0.8761555179953575,1.5402069091796875,7544000,570,943000
0.0002715666778385639,0.9928059973753989,1.4960606098175049,7544800,570,943100
0.00024335717898793519,0.9987085247412324,1.7248594760894775,7545600,570,943200
0.0005718019092455506,0.9714757967740297,1.4677808284759521,7546400,570,943300
0.0003031976812053472,0.9964681877754629,1.7738686800003052,7547200,570,943400
0.00024099298752844334,0.9944352894090116,1.3297151327133179,7548000,570,943500
0.0001373578270431608,0.9935092790983617,1.673964500427246,7548800,570,943600
0.00026918190997093916,0.9935661731287837,1.692426323890686,7549600,570,943700
0.03889765217900276,0.11027544736862183,1.5322401523590088,7550400,570,943800
0.018444862216711044,0.9138975217938423,1.5064595937728882,7551200,570,943900
0.00039243619539774954,0.9933901727199554,1.7727289199829102,7552000,570,944000
0.00011203548638150096,0.9996374426409602,1.5309109687805176,7552800,570,944100
0.0007552142487838864,0.9632703214883804,1.6732988357543945,7553600,570,944200
0.0011305194348096848,0.9841762967407703,1.5453120470046997,7554400,570,944300
0.000891887117177248,0.9474071301519871,1.316420078277588,7555200,570,944400
0.0001701183064142242,0.9971729458775371,1.758860468864441,7556000,570,944500
0.00018012049258686602,0.9924783511087298,1.7569127082824707,7556800,570,944600
0.00027131690876558423,0.9990365348639898,1.7551488876342773,7557600,570,944700
0.0004981785896234214,0.9945523841306567,1.512412190437317,7558400,570,944800
0.0005200536106713116,0.9933492867276073,1.7541100978851318,7559200,570,944900
0.0002884526620618999,0.9634197764098644,1.7644202709197998,7560000,570,945000
0.0001871834392659366,0.997251748573035,1.7716670036315918,7560800,570,945100
0.0003349703038111329,0.9956202902831137,1.77103853225708,7561600,570,945200
7.453333091689274e-05,0.9979339689016342,1.4529547691345215,7562400,570,945300
0.0002370147267356515,0.9977435059845448,1.7251187562942505,7563200,570,945400
0.0003861662989947945,0.9917119285091758,1.7329235076904297,7564000,570,945500
0.00012716320634353906,0.9975675924215466,1.3679182529449463,7564800,570,945600
8.213172986870632e-05,0.9922442636452615,1.740427851676941,7565600,570,945700
0.00030711840372532606,0.9966646768152714,1.6711242198944092,7566400,570,945800
0.00032816597376950085,0.9860093602910638,1.4083123207092285,7567200,570,945900
0.00021779115195386112,0.9961780451703817,1.4296544790267944,7568000,570,946000
0.00011590604117373005,0.9977693906985223,1.4833030700683594,7568800,570,946100
0.00021113100228831172,0.9984098728746176,1.7470442056655884,7569600,570,946200
0.0006725391722284257,0.9928294075652957,1.5200896263122559,7570400,570,946300
0.00016483970102854073,0.9869735790416598,1.7334764003753662,7571200,570,946400
0.0012183430371806026,0.9805667772889137,1.7419843673706055,7572000,570,946500
0.000315089215291664,0.9940954060293734,1.4221910238265991,7572800,570,946600
0.0005047571612522006,0.9545385837554932,1.7332029342651367,7573600,570,946700
0.00027188073727302253,0.9958993438631296,1.3428782224655151,7574400,570,946800
0.0001451654825359583,0.9649623446166515,1.733971118927002,7575200,570,946900
0.0003336299560032785,0.9585915580391884,0.9680191278457642,7576000,570,947000
0.0001497305347584188,0.9547303095459938,1.7885242700576782,7576800,570,947100
6.574310828000307e-05,0.99882583739236,1.783936619758606,7577600,570,947200
0.0018295893678441644,0.9911644235253334,1.5415449142456055,7578400,570,947300
0.00034955531009472907,0.9557797461748123,1.4894161224365234,7579200,570,947400
0.0003559983160812408,0.997619716450572,1.5096111297607422,7580000,570,947500
0.0004182826087344438,0.9736505430191755,1.7109304666519165,7580800,570,947600
0.0004967075656168163,0.4196608066558838,1.7698619365692139,7581600,570,947700
6.642630614805967e-05,0.9761365484446287,1.7733371257781982,7582400,570,947800
6.79260992910713e-05,0.92808698117733,1.7773542404174805,7583200,570,947900
9.997060988098383e-05,0.9989129051100463,1.7702827453613281,7584000,570,948000
0.00040574558079242706,0.9933203370310366,1.3587119579315186,7584800,570,948100
0.00041271804366260767,0.9961470377165824,1.7439038753509521,7585600,570,948200
0.00028357343398965895,0.9898858591914177,1.5009665489196777,7586400,570,948300
0.00039886636659502983,0.997141299303621,1.6845200061798096,7587200,570,948400
0.00040563163929618895,0.9801831841468811,1.7718207836151123,7588000,570,948500
0.00045223115012049675,0.9938242435455322,1.3579728603363037,7588800,570,948600
0.00012490652443375438,0.993210936896503,1.6338999271392822,7589600,570,948700
0.00018057352281175554,0.9933337955735624,1.6228530406951904,7590400,570,948800
0.0002982594887726009,0.9935804852284491,1.7715461254119873,7591200,570,948900
0.000724234152585268,0.9971544640138745,1.761519193649292,7592000,570,949000
0.00028228125302121043,0.9934616186656058,1.623536229133606,7592800,570,949100
0.0010836957953870296,0.9923160234466195,1.7018119096755981,7593600,570,949200
0.0003913617692887783,0.9921746356412768,1.4984813928604126,7594400,570,949300
0.000398803036659956,0.9967069232370704,1.147353172302246,7595200,570,949400
0.00018759049999061972,0.9983902140520513,1.7232052087783813,7596000,570,949500
0.00029711576644331217,0.9943599440157413,1.7580254077911377,7596800,570,949600
0.0010982798412442207,0.9664932750165462,1.740070104598999,7597600,570,949700
0.002068081870675087,0.9892072305083275,1.7530709505081177,7598400,570,949800
0.00011562954750843346,0.9981616144068539,1.369140625,7599200,570,949900
0.00047550624003633857,0.9911713059991598,1.431572437286377,7600000,570,950000
0.0001773149415384978,0.9958724421449006,1.7455723285675049,7600800,570,950100
6.159002077765763e-05,0.998619640013203,1.4842209815979004,7601600,570,950200
0.000166823054314591,0.9941334617324173,1.3626494407653809,7602400,570,950300
0.00987351592630148,0.9696884844452143,1.5481269359588623,7603200,570,950400
0.00030513398814946413,0.9864871893078089,1.5532939434051514,7604000,570,950500
0.00018293671018909663,0.9631179720163345,1.774596095085144,7604800,570,950600
3.983176065958105e-05,0.9992753192782402,1.5167216062545776,7605600,570,950700
4.542349051916972e-05,0.9990492147626355,1.7409698963165283,7606400,570,950800
0.00014787672262173146,0.9995438898622524,1.7737255096435547,7607200,570,950900
0.002217699773609638,0.9901876468211412,1.3454750776290894,7608000,570,951000
5.409874574979767e-05,0.9942719810642302,1.6954548358917236,7608800,570,951100
0.0008673828560858965,0.9899056842550635,1.682618498802185,7609600,570,951200
0.0003535711148288101,0.997168431058526,1.710640788078308,7610400,570,951300
0.00016750639770179987,0.9952924367971718,1.5851250886917114,7611200,570,951400
0.00012532348046079278,0.9955131155438721,1.7257148027420044,7612000,570,951500
0.000133863853989169,0.9982310708146542,1.7790638208389282,7612800,570,951600
0.00040164883830584586,0.9974795032758266,1.7158386707305908,7613600,570,951700
0.0002750366984400898,0.9944491498172283,1.703035831451416,7614400,570,951800
0.00031263622804544866,0.9905141284689307,1.5830349922180176,7615200,570,951900
0.00022308995539788157,0.9981008262839168,1.439889669418335,7616000,570,952000
0.0008694676798768342,0.9922148478217423,1.7451090812683105,7616800,570,952100
0.000295492063742131,0.9979766132310033,1.747248649597168,7617600,570,952200
0.0004055847821291536,0.9929784201085567,1.7415236234664917,7618400,570,952300
0.0012224751990288496,0.9890579525381327,1.4083185195922852,7619200,570,952400
0.00017862410459201783,0.9976300389971584,1.7511317729949951,7620000,570,952500
0.007256008218973875,0.897198960185051,1.4029581546783447,7620800,570,952600
0.00013219018001109362,0.9967138920910656,1.565670132637024,7621600,570,952700
6.431633664760739e-05,0.9983707977226004,1.7741800546646118,7622400,570,952800
0.0011102433782070875,0.9904660070315003,1.7779791355133057,7623200,570,952900
0.0005137021653354168,0.9948483067564666,1.6633517742156982,7624000,570,953000
0.00019009826064575464,0.9954609093256295,1.535433053970337,7624800,570,953100
5.6629502068972215e-05,0.9854863183572888,1.7745589017868042,7625600,570,953200
0.00027909595519304276,0.992978174239397,1.7179735898971558,7626400,570,953300
0.00010867929086089134,0.9459156468510628,1.7575113773345947,7627200,570,953400
0.0010305066825821996,0.9866468952968717,1.754591703414917,7628000,570,953500
0.0007539719808846712,0.9840762708336115,1.4701199531555176,7628800,570,953600
0.00011976616224274039,0.9970798261929303,1.7749335765838623,7629600,570,953700
0.00019853355479426682,0.9959287978708744,1.4162344932556152,7630400,570,953800
0.0002779206552077085,0.9931600545533001,1.686625599861145,7631200,570,953900
0.00040816946420818567,0.9968392814043909,1.7641195058822632,7632000,570,954000
0.0003819640842266381,0.9974930095486343,1.45316481590271,7632800,570,954100
0.00048428881564177573,0.9876865986734629,1.6898759603500366,7633600,570,954200
2.87572529487079e-05,0.9495002925395966,1.7670679092407227,7634400,570,954300
0.00047995528439059854,0.29425734281539917,1.7641289234161377,7635200,570,954400
0.00041089917067438364,0.9991628145216964,1.4910094738006592,7636000,570,954500
0.0004888768889941275,0.9945602342486382,1.6981191635131836,7636800,570,954600
8.346876711584628e-05,0.9980860908981413,1.7324497699737549,7637600,570,954700
0.00012746620632242411,0.9966155386064202,1.3238227367401123,7638400,570,954800
0.0007807872025296092,0.9794899858534336,1.7163009643554688,7639200,570,954900
0.0003642758820205927,0.9982459507882595,1.691824197769165,7640000,570,955000
0.0010853804415091872,0.9576681591570377,1.4782679080963135,7640800,570,955100
0.0001234727242263034,0.9991362915025093,1.7592127323150635,7641600,570,955200
5.17813787155319e-05,0.9968367095571011,1.593940019607544,7642400,570,955300
0.0002302186912856996,0.9986117933876812,1.7762410640716553,7643200,570,955400
0.00027898960979655385,0.9970691676717252,1.7156097888946533,7644000,570,955500
0.0013085105456411839,0.9308312088251114,1.4639241695404053,7644800,570,955600
0.0001551035966258496,0.998183879069984,1.7739896774291992,7645600,570,955700
0.00017749758262652904,0.9990488483454101,1.7658004760742188,7646400,570,955800
0.0003023645549546927,0.996994846034795,1.2987977266311646,7647200,570,955900
4.807144250662532e-06,0.99991833230888,1.7306591272354126,7648000,570,956000
0.00017498541274107993,0.9960035029798746,1.7836313247680664,7648800,570,956100
7.354505942203104e-05,0.9991097531747073,1.3972712755203247,7649600,570,956200
0.0004503855889197439,0.9932858841493726,1.7410991191864014,7650400,570,956300
0.00028524722438305616,0.9959369362331927,1.7526681423187256,7651200,570,956400
0.00011413529136916623,0.9928002813830972,1.767431616783142,7652000,570,956500
0.00015926174819469452,0.9991654842160642,1.7140768766403198,7652800,570,956600
0.00012331735342741013,0.9944267803803086,1.7658350467681885,7653600,570,956700
0.00019712321227416396,0.998990268795751,1.5071665048599243,7654400,570,956800
0.00012659792264457792,0.9961952697485685,1.6786229610443115,7655200,570,956900
0.002178730210289359,0.9886908587068319,1.6719330549240112,7656000,570,957000
0.0009249637951143086,0.9769522231072187,1.761389136314392,7656800,570,957100
0.00011699808965204284,0.9927097065374255,0.9669585227966309,7657600,570,957200
0.0002081547281704843,0.9556546695530415,1.775371789932251,7658400,570,957300
0.0006610082928091288,0.9958589882589877,1.7382793426513672,7659200,570,957400
0.0021102167665958405,0.9724155366420746,1.677668809890747,7660000,570,957500
0.00035877173650078475,0.989679922349751,1.765558123588562,7660800,570,957600
0.0007811322575435042,0.9126235842704773,1.5830368995666504,7661600,570,957700
0.00025488532264716923,0.9486061967909336,1.766209363937378,7662400,570,957800
0.0001863721845438704,0.9972074613906443,1.4994093179702759,7663200,570,957900
9.421998402103782e-05,0.9917355589568615,1.673546552658081,7664000,570,958000
0.0004791809187736362,0.9951299047097564,1.5679526329040527,7664800,570,958100
0.000936145253945142,0.9881354961544275,1.7663400173187256,7665600,570,958200
0.0002199298469349742,0.9977539067622274,1.4452245235443115,7666400,570,958300
0.0011514080688357353,0.9739983640611172,1.4850436449050903,7667200,570,958400
0.0011551034403964877,0.9927288983017206,1.416025996208191,7668000,570,958500
0.0011379782808944583,0.9922931045293808,1.7508440017700195,7668800,570,958600
0.00024962020688690245,0.9991419455618598,1.750282883644104,7669600,570,958700
0.001046391436830163,0.987897532992065,1.6954822540283203,7670400,570,958800
0.0016295958776026964,0.9428985230624676,1.5214784145355225,7671200,570,958900
0.033776454627513885,-19.179311752319336,1.7764596939086914,7672000,570,959000
0.0006066159112378955,0.995046223513782,1.4199539422988892,7672800,570,959100
3.6244633520254865e-05,0.9877904690802097,1.7665783166885376,7673600,570,959200
0.00014405639376491308,0.9978456497192383,1.1978744268417358,7674400,570,959300
0.02831508405506611,0.7705738395452499,1.5318810939788818,7675200,570,959400
0.004275464918464422,0.8182082623243332,1.7735984325408936,7676000,570,959500
0.0004998689983040094,0.9903272408992052,1.2963900566101074,7676800,570,959600
0.0002250938705401495,0.9519565217196941,1.765624761581421,7677600,570,959700
0.000661463534925133,0.995616034604609,1.3981760740280151,7678400,570,959800
0.00018512021051719785,0.9934369092807174,1.5889043807983398,7679200,570,959900
0.0009291924070566893,0.9937184485606849,1.6342730522155762,7680000,570,960000
0.012237615883350372,0.9173783138394356,1.7023396492004395,7680800,570,960100
0.0013291699578985572,0.9823229536414146,1.7625232934951782,7681600,570,960200
0.0012384768342599273,0.9298181235790253,1.336122751235962,7682400,570,960300
0.0015668401028960943,0.9932764261029661,1.7205770015716553,7683200,570,960400
0.001929432270117104,0.9879528125748038,1.1958222389221191,7684000,570,960500
0.0009537976584397256,0.9762680903077126,1.5887041091918945,7684800,570,960600
0.0005305415252223611,0.9870827784761786,1.6658438444137573,7685600,570,960700
0.0003128093376290053,0.9935848112218082,1.771618127822876,7686400,570,960800
9.442229202250019e-05,0.9980001274961978,1.7320144176483154,7687200,570,960900
0.00011399238428566605,0.9986618689727038,1.6781655550003052,7688000,570,961000
0.0003950305108446628,0.993107772897929,1.7561299800872803,7688800,570,961100
0.00014600978465750813,0.9862559689208865,1.599299669265747,7689600,570,961200
0.0001670939673203975,0.9958653682842851,1.651366949081421,7690400,570,961300
0.00146728556137532,0.9818015098571777,1.6270699501037598,7691200,570,961400
0.00028771444340236485,0.9984808821463957,1.62092924118042,7692000,570,961500
0.0009960171300917864,0.9885236406698823,1.7697439193725586,7692800,570,961600
0.0005561407888308167,0.9928064420819283,1.6172795295715332,7693600,570,961700
0.0012204368831589818,0.9764084871858358,1.4632067680358887,7694400,570,961800
0.00024240869970526546,0.9976703696884215,1.7641050815582275,7695200,570,961900
0.00020702186156995595,0.9924659887328744,1.5534155368804932,7696000,570,962000
0.0015366529114544392,0.9766105189919472,1.7468596696853638,7696800,570,962100
0.00044004147639498115,0.9933585179969668,1.5147552490234375,7697600,570,962200
0.000452640961157158,0.8455574214458466,1.7572449445724487,7698400,570,962300
0.0006647341069765389,0.9978740059304982,1.5012857913970947,7699200,570,962400
0.000654909701552242,0.9910193597897887,1.4620211124420166,7700000,570,962500
0.00246389745734632,0.9733091965317726,1.5247009992599487,7700800,570,962600
0.00012874201638624072,0.9962265531066805,1.7447171211242676,7701600,570,962700
0.00043365289457142353,0.992766470182687,1.6911537647247314,7702400,570,962800
0.0004314800025895238,0.9945611436851323,1.7746496200561523,7703200,570,962900
7.271350477822125e-05,0.9974082412663847,1.3718905448913574,7704000,570,963000
5.920744297327474e-05,0.9992560123791918,1.6990468502044678,7704800,570,963100
0.00033969280775636435,0.9975090906955302,1.41389000415802,7705600,570,963200
0.00025324520538561046,0.996974388603121,1.7146813869476318,7706400,570,963300
0.0012765141436830163,0.9910562690347433,1.7410423755645752,7707200,570,963400
0.001399833126924932,0.9458250664174557,1.4112321138381958,7708000,570,963500
2.3605021851835772e-05,0.9976725769229233,1.7382779121398926,7708800,570,963600
0.0001713620004011318,0.9985870611853898,1.5942155122756958,7709600,570,963700
8.784674719208851e-05,0.9927764390595257,1.5171399116516113,7710400,570,963800
6.587625830434263e-05,0.9988823017338291,1.6878962516784668,7711200,570,963900
0.0005477291415445507,0.9944654125720263,1.6313045024871826,7712000,570,964000
0.005508428439497948,0.961689505726099,1.499922275543213,7712800,570,964100
0.007056414615362883,0.704494297504425,1.6027905941009521,7713600,570,964200
0.0009955903515219688,0.9858269039541483,1.6067500114440918,7714400,570,964300
0.00014836169430054724,0.996221846435219,1.1270349025726318,7715200,570,964400
0.00015031240764074028,0.9792972952127457,1.7608935832977295,7716000,570,964500
0.00040345313027501106,0.9925491367466748,1.3785498142242432,7716800,570,964600
4.2288760596420616e-05,0.9960979605093598,1.7757365703582764,7717600,570,964700
0.0004816307337023318,0.9978024137672037,1.7052706480026245,7718400,570,964800
0.0007690996862947941,0.9541847892105579,1.6934455633163452,7719200,570,964900
0.0006447642226703465,0.912669725716114,1.6767154932022095,7720000,570,965000
0.00308836973272264,0.8369898647069931,0.8725848197937012,7720800,570,965100
0.027768509462475777,0.1428084373474121,1.474496603012085,7721600,570,965200
0.0015378771349787712,0.9882368361577392,1.1011143922805786,7722400,570,965300
0.00011772848665714264,0.9867076771333814,1.760740876197815,7723200,570,965400
0.00027231371495872736,0.9753066394478083,1.7226550579071045,7724000,570,965500
0.0007674271473661065,0.9800591059029102,1.5230450630187988,7724800,570,965600
0.001334071159362793,0.9943781537003815,1.5083394050598145,7725600,570,965700
0.00010141629900317639,0.998333734809421,1.7794203758239746,7726400,570,965800
0.0001838335592765361,0.9971775850281119,1.7332416772842407,7727200,570,965900
0.00020731544645968825,0.9986635609529912,1.5937591791152954,7728000,570,966000
0.0007508425042033195,0.987760279327631,1.761389970779419,7728800,570,966100
0.00010599038796499372,0.9904245482757688,1.7403693199157715,7729600,570,966200
0.00023529501049779356,0.9941534646786749,1.2813525199890137,7730400,570,966300
0.00010088767885463312,0.9870551684871316,1.4076504707336426,7731200,570,966400
0.00011719323083525524,0.9984976470004767,1.7605249881744385,7732000,570,966500
0.0007022913778200746,0.997074275277555,1.057831883430481,7732800,570,966600
5.608690116787329e-05,0.9834315236657858,1.7631200551986694,7733600,570,966700
0.00010479055345058441,0.9983803920913488,1.7694292068481445,7734400,570,966800
0.00046857603592798114,0.9988406818592921,1.7405503988265991,7735200,570,966900
0.00043261557584628463,0.9971659244038165,1.608750581741333,7736000,570,967000
0.001365265459753573,0.9630724750459194,1.3180643320083618,7736800,570,967100
0.0001385918294545263,0.9959106747992337,1.5398365259170532,7737600,570,967200
0.00015850085765123367,0.9959838883951306,1.7679734230041504,7738400,570,967300
0.00010862819181056693,0.9988263929262757,1.7736754417419434,7739200,570,967400
8.88535869307816e-05,0.9990957387490198,1.7795000076293945,7740000,570,967500
0.0002886786824092269,0.9967919690534472,1.762284517288208,7740800,570,967600
0.0028838214930146933,0.9632473699748516,1.4123642444610596,7741600,570,967700
0.0003126882656943053,0.9968514330685139,1.7122218608856201,7742400,570,967800
0.0010001735063269734,0.9951047087088227,1.7487809658050537,7743200,570,967900
0.0014731728006154299,0.9926756145432591,1.780117392539978,7744000,570,968000
0.0076172747649252415,0.4018123149871826,1.7798100709915161,7744800,570,968100
0.0007160025998018682,0.41398388147354126,1.4297327995300293,7745600,570,968200
0.0004780295421369374,0.9903429504483938,1.7420986890792847,7746400,570,968300
0.011123139411211014,0.43230050802230835,1.1819534301757812,7747200,570,968400
0.000365931773558259,0.9979381617158651,1.7643213272094727,7748000,570,968500
0.0004803423071280122,0.9474610015749931,1.4180126190185547,7748800,570,968600
0.0001629134640097618,0.9709384329617023,1.6907256841659546,7749600,570,968700
0.0003414147940929979,0.998573005432263,1.7144794464111328,7750400,570,968800
0.00013424226199276745,0.9962965149898082,1.6806763410568237,7751200,570,968900
0.0001233077491633594,0.9983371207490563,1.767621397972107,7752000,570,969000
0.002484144177287817,0.9826472103595734,1.4829736948013306,7752800,570,969100
6.217130430741236e-05,0.9987487600883469,1.747291088104248,7753600,570,969200
0.0009914953261613846,0.9817112367600203,1.4330742359161377,7754400,570,969300
0.00027169621898792684,0.9939048900268972,1.746079683303833,7755200,570,969400
0.0002708682441152632,0.9887427678331733,1.481181263923645,7756000,570,969500
0.0002699150354601443,0.9980257444549352,1.419997215270996,7756800,570,969600
0.00010764968465082347,0.9987094264943153,1.7336421012878418,7757600,570,969700
0.0009231429430656135,0.9752597436308861,1.4264161586761475,7758400,570,969800
0.0005678815068677068,0.9870298495516181,1.7433754205703735,7759200,570,969900
0.00010455162555444986,0.9735560268163681,1.214922547340393,7760000,570,970000
9.406461322214454e-05,0.9407903775572777,1.7505748271942139,7760800,570,970100
0.0018047684570774436,0.9929772247560322,1.7586843967437744,7761600,570,970200
0.0007396173314191401,0.904287189245224,1.6763036251068115,7762400,570,970300
0.00013867304369341582,0.9986619642004371,1.7654058933258057,7763200,570,970400
0.00019219414389226586,0.9984145878115669,1.7155845165252686,7764000,570,970500
0.00038907566340640187,0.9954361044801772,1.76009202003479,7764800,570,970600
0.005997735075652599,0.896165557205677,1.4201756715774536,7765600,570,970700
2.548425254644826e-05,0.9962746670935303,1.7122297286987305,7766400,570,970800
0.00024024452432058752,0.9981973817339167,1.732783317565918,7767200,570,970900
0.00026647248887456954,0.9757819399237633,1.2273613214492798,7768000,570,971000
0.00014134321827441454,0.9804935175925493,1.7637031078338623,7768800,570,971100
0.00014335181913338602,0.9978563874028623,1.4415687322616577,7769600,570,971200
0.0001163125634775497,0.9980107063893229,1.7153396606445312,7770400,570,971300
0.0002689265529625118,0.9960828586481512,1.7456130981445312,7771200,570,971400
0.0031207664869725704,0.9014793261885643,1.1953717470169067,7772000,570,971500
0.00019120397337246686,0.990729033946991,1.6844565868377686,7772800,570,971600
8.502404671162367e-05,0.9992362490738742,1.7804434299468994,7773600,570,971700
0.0001265632308786735,0.995687207672745,1.7659481763839722,7774400,570,971800
0.00016923880320973694,0.9988058269955218,1.7712504863739014,7775200,570,971900
0.0003680983209051192,0.9952708366326988,1.771045207977295,7776000,570,972000
0.00015636954049114138,0.996730052633211,1.5142345428466797,7776800,570,972100
0.00016501735080964863,0.9948278246447444,1.6079744100570679,7777600,570,972200
0.0021117841824889183,0.9816482476890087,1.5073989629745483,7778400,570,972300
0.0029426547698676586,0.9663042314350605,1.5029406547546387,7779200,570,972400
0.021164003759622574,0.7227395474910736,1.2806222438812256,7780000,570,972500
0.00038243894232437015,0.9961611740291119,1.776430368423462,7780800,570,972600
0.00019628214067779481,0.9957719184458256,1.7460711002349854,7781600,570,972700
0.0003058146103285253,0.991079363040626,1.759427785873413,7782400,570,972800
0.0001729601644910872,0.9982596887275577,1.7608298063278198,7783200,570,972900
0.00020722163026221097,0.9403037466108799,1.6366755962371826,7784000,570,973000
0.00020098427194170654,0.9987577096326277,1.7512471675872803,7784800,570,973100
0.00013775966363027692,0.9927059109322727,1.373309850692749,7785600,570,973200
0.00017081531404983252,0.9829682763665915,1.7264525890350342,7786400,570,973300
0.0009165178053081036,0.9869753383100033,1.5625098943710327,7787200,570,973400
9.694878099253401e-05,0.9972488104831427,1.6341471672058105,7788000,570,973500
0.0005474148201756179,0.988014810718596,1.744436264038086,7788800,570,973600
0.0071081677451729774,0.9613334126770496,1.384303331375122,7789600,570,973700
0.003198133083060384,0.9813133981078863,1.6878342628479004,7790400,570,973800
0.00017048389418050647,0.9960639895871282,1.7221075296401978,7791200,570,973900
0.00010087092232424766,0.9991867651115172,1.7250897884368896,7792000,570,974000
3.09356146317441e-05,0.9996875591168646,1.6023757457733154,7792800,570,974100
0.00018984085181728005,0.9900059411302209,1.7419147491455078,7793600,570,974200
0.00013976312766317278,0.9975255785975605,1.5236445665359497,7794400,570,974300
9.160779154626653e-05,0.9937502103857696,1.5712025165557861,7795200,570,974400
0.00014007669233251363,0.9973227544687688,1.7410014867782593,7796000,570,974500
8.87196438270621e-05,0.9974543140269816,1.4852731227874756,7796800,570,974600
0.000226522286538966,0.9983598432736471,1.7551243305206299,7797600,570,974700
0.000971481844317168,0.9959069737233222,1.4703586101531982,7798400,570,974800
0.029917344450950623,0.5584723651409149,1.5191395282745361,7799200,570,974900
0.0004573235346470028,0.9929995834827423,1.6110377311706543,7800000,570,975000
0.00012332879123277962,0.9979541951324791,1.734527349472046,7800800,570,975100
0.00037782336585223675,0.9953032922931015,1.3230040073394775,7801600,570,975200
0.00018189479305874556,0.9933279938995838,1.4660353660583496,7802400,570,975300
0.0005920098046772182,0.9944239659234881,1.5298312902450562,7803200,570,975400
9.139903704635799e-05,0.9980646112235263,1.5718598365783691,7804000,570,975500
0.000834850303363055,0.9944533053785563,1.6386773586273193,7804800,570,975600
0.0007119210786186159,0.9864688403904438,1.2951054573059082,7805600,570,975700
8.817669004201889e-05,0.997990275034681,1.7315726280212402,7806400,570,975800
0.00038937831413932145,0.9949217955581844,1.6964309215545654,7807200,570,975900
0.00042664114153012633,0.9892704132944345,1.431883692741394,7808000,570,976000
0.0001688870252110064,0.9977073806803674,1.6012815237045288,7808800,570,976100
0.00011099804396508262,0.9991329200565815,1.7771472930908203,7809600,570,976200
8.411824092036113e-05,0.9860179889947176,1.5704132318496704,7810400,570,976300
0.0004913172451779246,0.9920536419376731,1.735241413116455,7811200,570,976400
0.00016330607468262315,0.9666170440614223,1.1031417846679688,7812000,570,976500
8.525776502210647e-05,0.9441870674490929,1.716599464416504,7812800,570,976600
0.0021421220153570175,0.9869707319885492,1.016479253768921,7813600,570,976700
3.639635178842582e-05,0.9994178662309423,1.775933861732483,7814400,570,976800
0.0005472998018376529,0.9941622861661017,1.6203445196151733,7815200,570,976900
0.00025605972041375935,0.9984288363484666,1.7623990774154663,7816000,570,977000
0.00033351522870361805,0.9987185510108247,1.7329418659210205,7816800,570,977100
0.0006157498573884368,0.989224461838603,1.6640491485595703,7817600,570,977200
0.0013858244055882096,0.9736980088055134,1.7464321851730347,7818400,570,977300
0.0003469504590611905,0.9882667604833841,1.7695863246917725,7819200,570,977400
8.037987572606653e-05,0.9984203400090337,1.6184636354446411,7820000,570,977500
0.0002157353301299736,0.9939214852638543,1.683866024017334,7820800,570,977600
0.000824475777335465,0.9978840490803123,1.660930871963501,7821600,570,977700
0.0007584119448438287,0.9891179632395506,1.7089884281158447,7822400,570,977800
0.00041697247070260346,0.9939414267428219,1.6506140232086182,7823200,570,977900
0.00014820226351730525,0.9982948284596205,1.6532070636749268,7824000,570,978000
0.0018243200611323118,0.9877566816285253,1.223162055015564,7824800,570,978100
0.0006226356490515172,0.8627559244632721,1.7750829458236694,7825600,570,978200
0.00027152386610396206,0.997932989615947,1.6590445041656494,7826400,570,978300
0.00011957348033320159,0.9966882704757154,1.600314974784851,7827200,570,978400
0.0004365494824014604,0.9901254940778017,1.7195041179656982,7828000,570,978500
0.000634124968200922,0.9927592892199755,1.768843412399292,7828800,570,978600
4.775570414494723e-05,0.9986054438631982,1.5165107250213623,7829600,570,978700
0.00011812822776846588,0.998359773424454,1.778765320777893,7830400,570,978800
0.00029235263355076313,0.9961502633523196,1.6655033826828003,7831200,570,978900
0.016061054542660713,-18.19646453857422,1.5579324960708618,7832000,570,979000
0.0017234159167855978,0.990149237215519,1.3486323356628418,7832800,570,979100
0.00035512837348505855,0.9970923212822527,1.723171353340149,7833600,570,979200
0.00029902285314165056,0.9992002683575265,1.4636330604553223,7834400,570,979300
0.0003717008512467146,0.9913738407194614,1.760483980178833,7835200,570,979400
0.0004072156152687967,0.9942644666880369,1.5504014492034912,7836000,570,979500
9.897317795548588e-05,0.9992734243860468,1.7542723417282104,7836800,570,979600
0.000308550545014441,0.9930498730391264,1.6808435916900635,7837600,570,979700
0.0007203247514553368,0.9893737128004432,1.6455652713775635,7838400,570,979800
0.000537914049346,0.9830099977552891,1.0545918941497803,7839200,570,979900
0.0003147249517496675,0.9954210878349841,1.7439533472061157,7840000,570,980000
0.0002770958235487342,0.9969281458761543,1.5188665390014648,7840800,570,980100
0.00020137026149313897,0.9989774930290878,1.7503728866577148,7841600,570,980200
0.0002155518886866048,0.9984642252093181,1.3644556999206543,7842400,570,980300
0.00010454763832967728,0.9924099962227046,1.7284706830978394,7843200,570,980400
0.00010692314390325919,0.9975403221324086,1.7585164308547974,7844000,570,980500
0.0002219218877144158,0.9850196000188589,1.4843355417251587,7844800,570,980600
0.001319839502684772,0.9936057915911078,1.2213102579116821,7845600,570,980700
0.0005572077352553606,0.9892386710271239,1.47770357131958,7846400,570,980800
0.0013207073789089918,0.9804009962826967,1.7112972736358643,7847200,570,980900
5.9790214436361566e-05,0.9991938259918243,1.7474826574325562,7848000,570,981000
0.00021037440455984324,0.9627226553857327,1.5554802417755127,7848800,570,981100
0.08944542706012726,0.5063083171844482,1.73861563205719,7849600,570,981200
0.031715165823698044,0.6216476857662201,1.5955889225006104,7850400,570,981300
0.0003829353372566402,0.9862257754430175,1.7315692901611328,7851200,570,981400
0.0004137962241657078,0.9921762086451054,1.477951169013977,7852000,570,981500
0.02110745571553707,0.8628412485122681,1.7724428176879883,7852800,570,981600
0.0006713976617902517,0.9644262343645096,1.5323619842529297,7853600,570,981700
0.0003757367958314717,0.9973552608862519,1.7656733989715576,7854400,570,981800
0.012186909094452858,0.37706732749938965,1.4669034481048584,7855200,570,981900
0.0010553435422480106,0.9927070732228458,1.7439907789230347,7856000,570,982000
0.0001850898115662858,0.9947005836293101,1.2737102508544922,7856800,570,982100
0.00014223142352420837,0.9956545368768275,1.7544662952423096,7857600,570,982200
0.00013262232823763043,0.9979592568706721,1.7085535526275635,7858400,570,982300
0.0002725007652770728,0.9845644440501928,1.4955174922943115,7859200,570,982400
0.00021135374845471233,0.9950993699021637,1.4746184349060059,7860000,570,982500
0.0002924153523053974,0.9980247179046273,1.509282112121582,7860800,570,982600
0.00018493502284400165,0.9985499263275415,1.760465383529663,7861600,570,982700
0.013564043678343296,0.9252946749329567,1.7254760265350342,7862400,570,982800
0.0011332874419167638,0.9898632615804672,1.6940511465072632,7863200,570,982900
0.0004520489019341767,0.9979861013125628,1.5013957023620605,7864000,570,983000
0.00023922434775158763,0.9980769657995552,1.499488115310669,7864800,570,983100
2.962893631774932e-05,0.999188608082477,1.7612957954406738,7865600,570,983200
0.0002631303505040705,0.9915899531915784,1.5802795886993408,7866400,570,983300
0.00042982306331396103,0.996993531472981,1.773213505744934,7867200,570,983400
0.0012810465414077044,0.9836767986416817,1.7635717391967773,7868000,570,983500
0.00034383751335553825,0.9980428258422762,1.7297616004943848,7868800,570,983600
0.0006054887780919671,0.99847053992562,1.5974843502044678,7869600,570,983700
3.8813323044450954e-05,0.9994940255419351,1.7650117874145508,7870400,570,983800
6.454120011767372e-05,0.9960000929422677,1.7391712665557861,7871200,570,983900
0.00016342601156793535,0.9958788799121976,1.753068447113037,7872000,570,984000
0.0006898082210682333,0.993365865200758,1.5459632873535156,7872800,570,984100
0.002467123791575432,0.9895778084173799,1.3148295879364014,7873600,570,984200
0.0006937335128895938,0.987899212166667,1.3818178176879883,7874400,570,984300
0.0001599535025889054,0.9956258186139166,1.6803884506225586,7875200,570,984400
1.5161411283770576e-05,0.997209687018767,1.763653039932251,7876000,570,984500
0.005783270113170147,0.9293763861060143,1.7046737670898438,7876800,570,984600
0.00012248677376192063,0.9969587412197143,1.7474842071533203,7877600,570,984700
0.00017004764231387526,0.9960028827190399,1.6538423299789429,7878400,570,984800
0.00011455485946498811,0.9946516053751111,1.7463709115982056,7879200,570,984900
0.00013604335254058242,0.9987066288013011,1.690312147140503,7880000,570,985000
0.00037546982639469206,0.9906055452302098,1.4958305358886719,7880800,570,985100
0.0024623163044452667,0.9761963561177254,1.4686603546142578,7881600,570,985200
9.960010356735438e-05,0.9954852657392621,1.4583275318145752,7882400,570,985300
9.376488742418587e-05,0.9998741202580277,1.499027967453003,7883200,570,985400
0.00012800954573322088,0.9967355518601835,1.7498142719268799,7884000,570,985500
4.353218537289649e-05,0.9994882760802284,1.7592649459838867,7884800,570,985600
0.00029236561385914683,0.9913363941013813,1.7151570320129395,7885600,570,985700
0.00014782106154598296,0.9979989549610764,1.7768173217773438,7886400,570,985800
0.0004288873169571161,0.9943991103209555,1.4126936197280884,7887200,570,985900
4.4011852878611535e-05,0.9988540447084233,1.701231837272644,7888000,570,986000
0.0025870390236377716,0.9908574800938368,1.7486982345581055,7888800,570,986100
0.014860805124044418,0.839287206530571,1.3939597606658936,7889600,570,986200
0.00021372463379520923,0.9985153222223744,1.769892930984497,7890400,570,986300
8.71016236487776e-05,0.9991365505266003,1.7121689319610596,7891200,570,986400
0.012162002734839916,0.8658013343811035,1.7678083181381226,7892000,570,986500
0.00040770351188257337,0.99827066634316,1.7439441680908203,7892800,570,986600
0.0001228174369316548,0.9986805089283735,1.7661398649215698,7893600,570,986700
0.00010028118413174525,0.997913537081331,1.7736402750015259,7894400,570,986800
0.00048030001926235855,0.9869558224454522,1.7819273471832275,7895200,570,986900
0.0008026740979403257,0.9963579021859914,1.6752229928970337,7896000,570,987000
0.00030994528788141906,0.997813512571156,1.5247061252593994,7896800,570,987100
0.00048323185183107853,0.9943354837596416,1.7797660827636719,7897600,570,987200
5.315929593052715e-05,0.9990852258051746,1.766613483428955,7898400,570,987300
0.00011752110731322318,0.9993185970233753,1.6600215435028076,7899200,570,987400
0.0006402989383786917,0.9970342058222741,1.4447894096374512,7900000,570,987500
0.00016046017117332667,0.9828807543963194,1.70182204246521,7900800,570,987600
0.002514889929443598,0.9683248810470104,1.504819393157959,7901600,570,987700
0.0005678325542248785,0.988737809471786,1.7765315771102905,7902400,570,987800
0.0003367747995071113,0.9955159719102085,1.6654446125030518,7903200,570,987900
0.00013344315811991692,0.9978381420951337,1.725537657737732,7904000,570,988000
0.0004408101085573435,0.9941134424880147,1.762580156326294,7904800,570,988100
0.0008391762967221439,0.9677278697490692,1.50980544090271,7905600,570,988200
0.00013985528494231403,0.9976708358153701,1.7629274129867554,7906400,570,988300
0.0008701701881363988,0.9948280407115817,1.7505431175231934,7907200,570,988400
0.0002083838335238397,0.987177680246532,1.763472080230713,7908000,570,988500
9.766206494532526e-05,0.9993238400784321,1.5007495880126953,7908800,570,988600
0.0002076902601402253,0.995727192144841,1.7624149322509766,7909600,570,988700
0.001873060711659491,0.9645216204226017,1.7507109642028809,7910400,570,988800
8.348588744411245e-05,0.9990296918549575,1.4987967014312744,7911200,570,988900
0.0004510930157266557,0.9891653014346957,1.7311210632324219,7912000,570,989000
0.0004074876196682453,0.9974653632380068,1.7279504537582397,7912800,570,989100
0.001017118920572102,0.9886617753654718,1.4658863544464111,7913600,570,989200
0.0021702833473682404,0.9285164996981621,1.3215982913970947,7914400,570,989300
2.3851705918787047e-05,0.9993983149179257,1.7621930837631226,7915200,570,989400
0.00021830733749084175,0.9993419034290127,1.5012942552566528,7916000,570,989500
0.00019841117318719625,0.9960737093351781,1.7479749917984009,7916800,570,989600
0.0037336042150855064,0.9789123423397541,1.470754861831665,7917600,570,989700
0.00021147585357539356,0.9739780947566032,1.6658062934875488,7918400,570,989800
0.000336242257617414,0.996788831660524,1.7663121223449707,7919200,570,989900
0.0002911541669163853,0.9951639617793262,1.6833263635635376,7920000,570,990000
0.0003251730522606522,0.9949908223934472,1.5307199954986572,7920800,570,990100
0.00020806415705010295,0.9935873528011143,1.7460647821426392,7921600,570,990200
9.325754945166409e-05,0.9971239508595318,1.764078140258789,7922400,570,990300
0.000858345883898437,0.9923104350455105,1.5068055391311646,7923200,570,990400
0.0001566968421684578,0.9905941085889935,1.7590398788452148,7924000,570,990500
0.00011667589569697157,0.9967827890068293,1.7202666997909546,7924800,570,990600
7.88894176366739e-05,0.9968897895887494,1.5795040130615234,7925600,570,990700
0.0010414525168016553,0.993146460969001,1.405828595161438,7926400,570,990800
0.0006290320889092982,0.9956254730932415,1.592785120010376,7927200,570,990900
0.00038966312422417104,0.9976410372182727,1.5565510988235474,7928000,570,991000
0.0003555782896000892,0.8511078059673309,1.7799067497253418,7928800,570,991100
0.0010673115029931068,0.98405871540308,1.6938843727111816,7929600,570,991200
8.965664892457426e-05,0.996816253522411,1.779994010925293,7930400,570,991300
0.00010516746260691434,0.9987899925326928,1.5169615745544434,7931200,570,991400
3.9445938455173746e-05,0.9997152351425029,1.7339322566986084,7932000,570,991500
0.0002039438986685127,0.9965345021337271,1.7748457193374634,7932800,570,991600
0.0008387085981667042,0.9954481138847768,1.3092527389526367,7933600,570,991700
0.0007430748664774001,0.9947030497714877,1.7706494331359863,7934400,570,991800
0.00549202598631382,0.9515535794198513,1.3850557804107666,7935200,570,991900
0.00011938127863686532,0.9941297499462962,1.616991639137268,7936000,570,992000
0.00021631474373862147,0.9858557963743806,1.7665666341781616,7936800,570,992100
0.01349772047251463,0.6691609919071198,1.5143744945526123,7937600,570,992200
0.0020569399930536747,0.9605620950460434,1.6287480592727661,7938400,570,992300
0.00016840184980537742,0.9977381227072328,1.617424726486206,7939200,570,992400
0.00014634642866440117,0.9899577274918556,1.7537754774093628,7940000,570,992500
0.00023414479801431298,0.9934420902282,1.6463963985443115,7940800,570,992600
0.0001694933307589963,0.9965437490027398,1.5324240922927856,7941600,570,992700
0.0027529760263860226,0.9818452522158623,1.1986470222473145,7942400,570,992800
0.006090832408517599,0.7495892941951752,1.7850842475891113,7943200,570,992900
0.00028954731533303857,0.995054891332984,1.745637059211731,7944000,570,993000
0.000139911804581061,0.9947025841102004,1.7807221412658691,7944800,570,993100
0.00027918050182051957,0.9904751945286989,1.68149995803833,7945600,570,993200
0.01860690861940384,0.9717790260910988,1.1799850463867188,7946400,570,993300
0.00029808623366989195,0.9929655706509948,1.7763385772705078,7947200,570,993400
0.00014913835912011564,0.9978518744464964,1.7664604187011719,7948000,570,993500
9.784430585568771e-05,0.9984933858504519,1.535419225692749,7948800,570,993600
0.001707973424345255,0.9421486109495163,1.5198472738265991,7949600,570,993700
0.002837933599948883,0.987207273952663,1.4883317947387695,7950400,570,993800
8.512049680575728e-05,0.9989353895653039,1.7455297708511353,7951200,570,993900
0.0002027461159741506,0.9963888435158879,1.7620950937271118,7952000,570,994000
0.0003338117094244808,0.9919121451675892,1.1474463939666748,7952800,570,994100
0.00047535868361592293,0.9937316211871803,1.649820327758789,7953600,570,994200
7.62242270866409e-05,0.9991741557023488,1.7809202671051025,7954400,570,994300
0.0007958727073855698,0.9813043531030416,1.2323075532913208,7955200,570,994400
0.00023357650206889957,0.9928141441196203,1.5670750141143799,7956000,570,994500
0.0018182527273893356,0.9892757963389158,1.687997817993164,7956800,570,994600
0.0002480612020008266,0.9887864654883742,1.2258905172348022,7957600,570,994700
3.0099068681010976e-05,0.9885680228471756,1.7634243965148926,7958400,570,994800
0.00012012234947178513,0.9884832613170147,1.6142215728759766,7959200,570,994900
0.0007305891485884786,0.7427381277084351,1.7731845378875732,7960000,570,995000
6.998869503149763e-05,0.9984898442635313,1.3904612064361572,7960800,570,995100
0.00011552972864592448,0.9793349485844374,1.6623605489730835,7961600,570,995200
0.0001867658575065434,0.9966036630794406,1.4755263328552246,7962400,570,995300
0.0007092956220731139,0.993474930524826,1.4876770973205566,7963200,570,995400
0.001083782291971147,0.9939400120638311,1.2947361469268799,7964000,570,995500
0.00038508648867718875,0.9911778215318918,1.6519672870635986,7964800,570,995600
0.0019402941688895226,0.9846270652487874,1.7364182472229004,7965600,570,995700
7.93841973063536e-05,0.9974979844409972,1.7603251934051514,7966400,570,995800
0.0010122662642970681,0.9758855625987053,1.4612983465194702,7967200,570,995900
0.0012048776261508465,0.9831779692322016,1.5844991207122803,7968000,570,996000
0.0002108320186380297,0.9961719033308327,1.757575273513794,7968800,570,996100
0.0003233413153793663,0.9990313371527009,1.4345457553863525,7969600,570,996200
0.0007233452051877975,0.9617014303803444,1.7663898468017578,7970400,570,996300
0.00011121558054583147,0.963361706584692,1.1954349279403687,7971200,570,996400
0.000885447021573782,0.9901126325130463,1.7846543788909912,7972000,570,996500
0.00015009933849796653,0.9306854829192162,1.767158031463623,7972800,570,996600
0.000442870135884732,0.9714713748544455,1.04416024684906,7973600,570,996700
5.938879621680826e-05,0.9986659270944074,1.7775439023971558,7974400,570,996800
0.0003620624484028667,0.9953959849663079,1.2999317646026611,7975200,570,996900
0.00013009394751861691,0.7797008901834488,1.7673572301864624,7976000,570,997000
0.00011526566959219053,0.9996842982654925,1.757713794708252,7976800,570,997100
6.712668982800096e-05,0.9994014401454479,1.7686975002288818,7977600,570,997200
6.671535084024072e-05,0.9997442541061901,1.7524453401565552,7978400,570,997300
0.0025303049478679895,0.9782275184988976,1.670466661453247,7979200,570,997400
0.00012237264309078455,0.9987329634604976,1.6555383205413818,7980000,570,997500
0.00016076771134976298,0.9901224058121443,1.4403454065322876,7980800,570,997600
2.7950101866736077e-05,0.9988814705284312,1.5792481899261475,7981600,570,997700
0.0016542489174753428,0.9516407772898674,1.2751519680023193,7982400,570,997800
0.00020109086472075433,0.9947901526466012,1.5760269165039062,7983200,570,997900
0.00012495183909777552,0.9908078443259001,1.5250391960144043,7984000,570,998000
0.000179134716745466,0.9970973613671958,1.750718355178833,7984800,570,998100
0.0003335870860610157,0.9907140517607331,1.780968189239502,7985600,570,998200
0.0006321682594716549,0.9986786748049781,1.7795237302780151,7986400,570,998300
0.0006332349730655551,0.9952772404067218,1.6798242330551147,7987200,570,998400
0.00043657119385898113,0.9911143556237221,1.579404592514038,7988000,570,998500
0.00034070812398567796,0.9514264948666096,1.5015981197357178,7988800,570,998600
0.00012813422654289752,0.9969647929538041,1.616539716720581,7989600,570,998700
0.0007834110292606056,0.9506623260676861,1.6907868385314941,7990400,570,998800
0.0004739465075545013,0.9905282342806458,1.5075217485427856,7991200,570,998900
0.0004486979159992188,0.9912306722253561,1.355311393737793,7992000,570,999000
5.975592648610473e-05,0.9979306308086962,1.786104440689087,7992800,570,999100
0.0002687540836632252,0.9947175816632807,1.7777329683303833,7993600,570,999200
0.00029666017508134246,0.9988735702354461,1.775051236152649,7994400,570,999300
0.0008009183220565319,0.9869919000193477,1.7633787393569946,7995200,570,999400
0.0009159435867331922,0.9954554759897292,1.5227501392364502,7996000,570,999500
0.0001201814302476123,0.9938791152089834,1.473759412765503,7996800,570,999600
7.870231638662517e-05,0.9993231119005941,1.4956848621368408,7997600,570,999700
0.0013836934231221676,0.9923519296571612,1.6763919591903687,7998400,570,999800
0.00024690572172403336,0.9953051744960248,1.7480136156082153,7999200,570,999900
0.00033744113170541823,0.9966089760418981,1.7396337985992432,8000000,570,1000000
0.00016401472385041416,0.9989340216852725,1.596569299697876,8000800,570,1000100
8.037163206608966e-05,0.9990380552480929,1.5447049140930176,8001600,570,1000200
0.0006759670795872808,0.9909564135596156,1.5578892230987549,8002400,570,1000300
0.00033542339224368334,0.9968193741515279,1.4753994941711426,8003200,570,1000400
5.281584890326485e-05,0.998323206207715,1.6812117099761963,8004000,570,1000500
0.00010357051360188052,0.9960584030486643,1.5828453302383423,8004800,570,1000600
0.00036156957503408194,0.9937993478961289,1.5757135152816772,8005600,570,1000700
3.463466418907046e-05,0.9860541559755802,1.7743027210235596,8006400,570,1000800
0.0008168535423465073,0.983979020267725,1.769750714302063,8007200,570,1000900
0.0002428250154480338,0.9451004080474377,1.3806750774383545,8008000,570,1001000
0.0006381857674568892,0.9899146752431989,1.7761945724487305,8008800,570,1001100
0.00016893782594706863,0.9812193270772696,1.416954755783081,8009600,570,1001200
0.00014265408390201628,0.9962212729733437,1.588793396949768,8010400,570,1001300
0.00013702338037546724,0.9989503092365339,1.7319986820220947,8011200,570,1001400
0.00018583619385026395,0.9941149782389402,1.3064734935760498,8012000,570,1001500
0.0003267217834945768,0.9965449424926192,1.783707857131958,8012800,570,1001600
0.00011122114665340632,0.9988812184892595,1.7493524551391602,8013600,570,1001700
0.00011671261017909274,0.9982645849231631,1.7669456005096436,8014400,570,1001800
5.167462950339541e-05,0.9995508175925352,1.78322434425354,8015200,570,1001900
0.0003369066398590803,0.9914446100592613,1.5128560066223145,8016000,570,1002000
0.0003730636090040207,0.9972326140850782,1.7637701034545898,8016800,570,1002100
0.00025454783462919295,0.9948927345685661,1.624252438545227,8017600,570,1002200
0.00018377586093265563,0.9979229660239071,1.6441408395767212,8018400,570,1002300
0.0004902904620394111,0.9724368210881948,1.6426128149032593,8019200,570,1002400
0.00012405448069330305,0.9976361922454089,1.4807780981063843,8020000,570,1002500
0.00031315023079514503,0.9886541720479727,1.3090620040893555,8020800,570,1002600
0.00013302093429956585,0.9950377000495791,1.7446383237838745,8021600,570,1002700
0.00019065142259933054,0.999006989528425,1.77347993850708,8022400,570,1002800
9.862480510491878e-05,0.9989514609333128,1.7648581266403198,8023200,570,1002900
8.892818732419983e-05,0.9986025241669267,1.7763069868087769,8024000,570,1003000
0.00016446420340798795,0.9907910693436861,1.5522959232330322,8024800,570,1003100
0.004589357413351536,0.9526505544781685,1.509073257446289,8025600,570,1003200
0.0005880918470211327,0.9880214482545853,1.3552155494689941,8026400,570,1003300
0.00017926230793818831,0.995594191364944,1.6926486492156982,8027200,570,1003400
0.03219315782189369,0.5863687694072723,1.6302919387817383,8028000,570,1003500
2.977594340336509e-05,0.9990573488175869,1.751396894454956,8028800,570,1003600
4.682055441662669e-05,0.9956484395079315,1.7182542085647583,8029600,570,1003700
0.0003206343681085855,0.9969231791328639,1.5756258964538574,8030400,570,1003800
0.0012830051127821207,0.9895674968138337,1.6587729454040527,8031200,570,1003900
0.0002985290193464607,0.9913456337526441,1.5004701614379883,8032000,570,1004000
0.0007829238893464208,0.9796947780996561,1.5012638568878174,8032800,570,1004100
5.691488695447333e-05,0.9987976420670748,1.6606998443603516,8033600,570,1004200
0.0005679045571014285,0.9966454706154764,1.6461361646652222,8034400,570,1004300
0.0019233303610235453,0.9884159034118056,1.642770767211914,8035200,570,1004400
0.00012229442654643208,0.9928331947885454,1.4838271141052246,8036000,570,1004500
7.692491635680199e-05,0.9996673212153837,1.744094729423523,8036800,570,1004600
0.0011237578000873327,0.9830241333693266,1.6502840518951416,8037600,570,1004700
0.0005559513811022043,0.9962380870711058,1.4293019771575928,8038400,570,1004800
0.00043917380389757454,0.9961436372250319,1.73502779006958,8039200,570,1004900
0.003341373521834612,0.9510838650166988,1.4915199279785156,8040000,570,1005000
0.00012780491670127958,0.9997686152346432,1.7211694717407227,8040800,570,1005100
0.00033930412610061467,0.989111022092402,1.5916720628738403,8041600,570,1005200
0.00010026859672507271,0.9958776328712702,1.721325159072876,8042400,570,1005300
1.805696047085803e-05,0.9995584429998416,1.4198548793792725,8043200,570,1005400
0.00022909614199306816,0.9860420152544975,1.4767035245895386,8044000,570,1005500
0.0028227458242326975,0.967742282897234,1.7610046863555908,8044800,570,1005600
0.00025230678147636354,0.9964999235235155,1.7818529605865479,8045600,570,1005700
0.0003079729503951967,0.9965960406698287,1.7494571208953857,8046400,570,1005800
0.0003214429598301649,0.9959724750369787,1.6866230964660645,8047200,570,1005900
0.0018092207610607147,0.9886726187542081,1.481156349182129,8048000,570,1006000
0.0001281259028473869,0.9940232099033892,1.4851913452148438,8048800,570,1006100
3.768220994970761e-05,0.9994133932632394,1.7781364917755127,8049600,570,1006200
0.000145111363963224,0.996015165001154,1.7213133573532104,8050400,570,1006300
4.2728552216431126e-05,0.9992918388452381,1.746960163116455,8051200,570,1006400
0.0011678750161081553,0.9707545302808285,1.4642693996429443,8052000,570,1006500
0.0005074619548395276,0.6233865916728973,1.7591972351074219,8052800,570,1006600
0.00010935970931313932,0.9979315686505288,1.4876186847686768,8053600,570,1006700
0.00017964310245588422,0.9959736205637455,1.7612230777740479,8054400,570,1006800
9.01536550372839e-05,0.99704126175493,1.5329796075820923,8055200,570,1006900
9.08395741134882e-05,0.9957414595410228,1.505682110786438,8056000,570,1007000
9.526795474812388e-05,0.998502898379229,1.7781572341918945,8056800,570,1007100
0.000150422245496884,0.9956839522346854,1.5561188459396362,8057600,570,1007200
0.0001334979897364974,0.9992949988809414,1.709950566291809,8058400,570,1007300
0.00024445090093649924,0.9983816425083205,1.7595118284225464,8059200,570,1007400
0.0018850478809326887,0.985992444679141,1.6377670764923096,8060000,570,1007500
0.0016403913032263517,0.9846972683444619,1.723736047744751,8060800,570,1007600
0.001055869972333312,0.9896890632808208,1.5553786754608154,8061600,570,1007700
7.602741243317723e-05,0.9984231168637052,1.7195721864700317,8062400,570,1007800
0.0001463877415517345,0.9994971926207654,1.7544152736663818,8063200,570,1007900
0.0002836070489138365,0.9900477370247245,1.1742796897888184,8064000,570,1008000
0.0009914408437907696,0.9870088957250118,1.7595655918121338,8064800,570,1008100
0.00010259845294058323,0.9909354280680418,1.7716723680496216,8065600,570,1008200
9.023374877870083e-05,0.9984574334230274,1.764770746231079,8066400,570,1008300
0.00043531868141144514,0.9929126901552081,1.436515212059021,8067200,570,1008400
0.0019235839135944843,0.9511610381305218,1.733903408050537,8068000,570,1008500
0.00038425123784691095,0.9962525428272784,1.761849045753479,8068800,570,1008600
0.00018654298037290573,0.9969574464485049,1.7528653144836426,8069600,570,1008700
0.00020164772286079824,0.9751225728541613,1.7070609331130981,8070400,570,1008800
0.0004209951439406723,0.9954322623088956,1.2860791683197021,8071200,570,1008900
0.00013806177594233304,0.9946935488842428,1.512332558631897,8072000,570,1009000
8.008495933609083e-05,0.9994288232410327,1.7786800861358643,8072800,570,1009100
0.00013074342859908938,0.9992758869193494,1.5690420866012573,8073600,570,1009200
0.00014349774573929608,0.9994219492655247,1.7701430320739746,8074400,570,1009300
0.005217391066253185,0.9619768150150776,1.5631530284881592,8075200,570,1009400
0.00010590969759505242,0.998957926640287,1.7669830322265625,8076000,570,1009500
0.001618518028408289,0.9823628794401884,1.5013724565505981,8076800,570,1009600
0.00020346057135611773,0.9895896902307868,1.7726833820343018,8077600,570,1009700
0.00011554919183254242,0.99841537931934,1.7377872467041016,8078400,570,1009800
5.992575825075619e-05,0.9992151202168316,1.6133090257644653,8079200,570,1009900
6.92336616339162e-05,0.9992228344199248,1.7730313539505005,8080000,570,1010000
3.787162495427765e-05,0.99906206241576,1.588393211364746,8080800,570,1010100
0.00015438449918292463,0.9954798296093941,1.7139564752578735,8081600,570,1010200
0.00047352281399071217,0.9868183108046651,1.7090473175048828,8082400,570,1010300
0.00041838776087388396,0.9980589299229905,1.7857513427734375,8083200,570,1010400
0.00020861596567556262,0.9944081390276551,1.6604785919189453,8084000,570,1010500
8.484458521706983e-05,0.991095919162035,1.7788186073303223,8084800,570,1010600
0.0006210379069671035,0.9948214269243181,1.7718980312347412,8085600,570,1010700
0.0002543173613958061,0.9577441699802876,1.537748098373413,8086400,570,1010800
0.000532850855961442,0.9906854471191764,1.7285771369934082,8087200,570,1010900
0.0012049730867147446,0.9838375598192215,1.6652424335479736,8088000,570,1011000
0.00047877710312604904,0.9922719309106469,1.7513961791992188,8088800,570,1011100
0.00032690956140868366,0.9923753319308162,1.3491090536117554,8089600,570,1011200
0.000726410944480449,0.9916209056973457,1.6008356809616089,8090400,570,1011300
0.00044250173959881067,0.9922890579327941,1.153747797012329,8091200,570,1011400
0.00019101386715192348,0.9973856147844344,1.5908153057098389,8092000,570,1011500
0.0001981013483600691,0.9976389438379556,1.772990107536316,8092800,570,1011600
0.0004211178165860474,0.9978735314216465,1.785551905632019,8093600,570,1011700
0.00013631785986945033,0.9969675412867218,1.7786903381347656,8094400,570,1011800
0.0011021761456504464,0.9933549603447318,1.610577940940857,8095200,570,1011900
0.000543728587217629,0.9894490335136652,1.746915340423584,8096000,570,1012000
0.00044938724022358656,0.9954499052837491,1.5368187427520752,8096800,570,1012100
0.02369004115462303,-0.21441495418548584,1.783555269241333,8097600,570,1012200
0.00029515233472920954,0.9936099597252905,1.682508945465088,8098400,570,1012300
0.0002434216730762273,0.975894333794713,1.6008014678955078,8099200,570,1012400
0.00028161838417872787,0.9944679788313806,1.7787038087844849,8100000,570,1012500
0.010213274508714676,-0.5610476732254028,1.6948221921920776,8100800,570,1012600
0.07589153200387955,0.43358975648880005,1.570274829864502,8101600,570,1012700
0.009189946576952934,0.4494010806083679,1.4565714597702026,8102400,570,1012800
0.020724497735500336,-1.5886096954345703,1.7733972072601318,8103200,570,1012900
0.012625622563064098,0.9408641904592514,1.6702678203582764,8104000,570,1013000
0.02465450018644333,-0.35048842430114746,1.7421479225158691,8104800,570,1013100
0.007669220678508282,0.22779464721679688,1.7441086769104004,8105600,570,1013200
0.0015136976726353168,0.9947371240705252,1.739809513092041,8106400,570,1013300
0.0009768987074494362,0.9777054004371166,1.4551875591278076,8107200,570,1013400
0.0007439322653226554,0.9947179234586656,1.1935290098190308,8108000,570,1013500
0.000529143086168915,0.9936868068762124,1.7564828395843506,8108800,570,1013600
0.00022171277669258416,0.9887028085067868,1.7741215229034424,8109600,570,1013700
0.00029347604140639305,0.9973283628933132,1.7541542053222656,8110400,570,1013800
0.0012551875552162528,0.9938441817648709,1.5644354820251465,8111200,570,1013900
0.00041801825864240527,0.9984166600042954,1.7393437623977661,8112000,570,1014000
0.0008242212934419513,0.9845301201567054,1.7734296321868896,8112800,570,1014100
0.001061714137904346,0.9776866436004639,1.5330976247787476,8113600,570,1014200
0.0029696798883378506,0.899750828742981,1.7118669748306274,8114400,570,1014300
0.00019460785551927984,0.9978602668270469,1.4122381210327148,8115200,570,1014400
0.0001485880056861788,0.9887188943102956,1.7088624238967896,8116000,570,1014500
0.0012795916991308331,0.9889062214642763,1.6796152591705322,8116800,570,1014600
0.0020101643167436123,0.764256089925766,1.4598135948181152,8117600,570,1014700
0.00013088792911730707,0.9971116404049098,1.5262521505355835,8118400,570,1014800
0.0005516764940693974,0.9953104299493134,1.4786741733551025,8119200,570,1014900
0.0025148147251456976,0.8782541006803513,1.7800910472869873,8120000,570,1015000
0.0012386762537062168,0.9863249314948916,1.7670955657958984,8120800,570,1015100
0.011283904314041138,0.9458219483494759,1.6998419761657715,8121600,570,1015200
0.0018702996894717216,0.9743507988750935,1.7189438343048096,8122400,570,1015300
0.00047729662037454545,0.7636218816041946,1.7226874828338623,8123200,570,1015400
0.0019652629271149635,0.8986002430319786,1.5117294788360596,8124000,570,1015500
0.0003621429787017405,0.9976003037299961,1.7296943664550781,8124800,570,1015600
0.0005577424308285117,0.9909438071772456,1.6352837085723877,8125600,570,1015700
0.0027752728201448917,0.9655158519744873,1.3940401077270508,8126400,570,1015800
0.000559710431843996,0.981974670663476,1.3104771375656128,8127200,570,1015900
0.00044060416985303164,0.9916432229802012,1.6864955425262451,8128000,570,1016000
0.0008111012284643948,0.986994412727654,1.7695982456207275,8128800,570,1016100
0.0004422135534696281,0.9970806667115539,1.7509818077087402,8129600,570,1016200
0.0009246067493222654,0.9926626216620207,1.614528775215149,8130400,570,1016300
0.0004505606193561107,0.9939854256808758,1.7536797523498535,8131200,570,1016400
0.000954343646299094,0.9873246662318707,1.7596873044967651,8132000,570,1016500
9.724874689709395e-05,0.9944522581063211,1.7185676097869873,8132800,570,1016600
0.00030806646100245416,0.9949486013501883,1.7536907196044922,8133600,570,1016700
8.86832203832455e-05,0.9972365444991738,1.400569200515747,8134400,570,1016800
0.00033319275826215744,0.9978304395917803,1.5066123008728027,8135200,570,1016900
0.0001459977647755295,0.9973969324491918,1.7834460735321045,8136000,570,1017000
0.00022756532416678965,0.9939266187138855,1.757988452911377,8136800,570,1017100
0.00012098745355615392,0.9984334984328598,1.7689383029937744,8137600,570,1017200
0.004093131981790066,0.9865757748484612,1.2973732948303223,8138400,570,1017300
0.00042680150363594294,0.9892372842878103,1.7774571180343628,8139200,570,1017400
0.0005018203519284725,0.9899664176627994,1.539611577987671,8140000,570,1017500
0.00020670081721618772,0.9942818754352629,1.4737048149108887,8140800,570,1017600
0.00011505109432619065,0.997210742905736,1.7802741527557373,8141600,570,1017700
0.001587271923199296,0.9898360790684819,1.6742521524429321,8142400,570,1017800
0.0002893059572670609,0.9872409468516707,1.514356255531311,8143200,570,1017900
0.00017083801503758878,0.993704192340374,1.4188730716705322,8144000,570,1018000
0.00011794985766755417,0.9962554555386305,1.4380372762680054,8144800,570,1018100
0.0001381894835503772,0.9981850207550451,1.7586795091629028,8145600,570,1018200
0.00028370172367431223,0.9982175680343062,1.5096349716186523,8146400,570,1018300
0.0004275940009392798,0.9937587794847786,1.759732723236084,8147200,570,1018400
0.0003570376429706812,0.9911397779360414,1.7526764869689941,8148000,570,1018500
0.00019934790907427669,0.9945139200426638,1.7664488554000854,8148800,570,1018600
0.00030883276485837996,0.9980619369307533,1.334419846534729,8149600,570,1018700
0.00028506468515843153,0.983569897711277,1.754464864730835,8150400,570,1018800
0.002101858612149954,0.9901885399594903,1.2375646829605103,8151200,570,1018900
0.00013185417628847063,0.9954217607155442,1.740473985671997,8152000,570,1019000
0.0005890408647246659,0.993329746183008,1.3727383613586426,8152800,570,1019100
0.0008332235738635063,0.9963576404843479,1.7700783014297485,8153600,570,1019200
0.001201640465296805,0.9551311358809471,1.637689232826233,8154400,570,1019300
4.641562918550335e-05,0.9991669414448552,1.7590622901916504,8155200,570,1019400
6.407796172425151e-05,0.9970782613381743,1.7442554235458374,8156000,570,1019500
9.331240289611742e-05,0.9952388247475028,1.7642173767089844,8156800,570,1019600
0.00033735629403963685,0.9942674338817596,1.5209342241287231,8157600,570,1019700
5.919251998420805e-05,0.9994732596678659,1.6486284732818604,8158400,570,1019800
0.00019005953799933195,0.9991135806194507,1.7729177474975586,8159200,570,1019900
0.0004780965391546488,0.9829704388976097,1.7117631435394287,8160000,570,1020000
0.0009705887059681118,0.9582316167652607,1.7343692779541016,8160800,570,1020100
0.00020312510605435818,0.9937638202682137,1.4561853408813477,8161600,570,1020200
0.0001961980015039444,0.9836611784994602,1.7139257192611694,8162400,570,1020300
7.904997619334608e-05,0.9980845410609618,1.4965674877166748,8163200,570,1020400
0.0003379996633157134,0.9977157849352807,1.4978045225143433,8164000,570,1020500
0.0011453188490122557,0.993632729165256,1.7670719623565674,8164800,570,1020600
0.00044743562466464937,0.995040328707546,1.7338218688964844,8165600,570,1020700
0.0005368146230466664,0.9971503873821348,1.71063232421875,8166400,570,1020800
0.0020031554158777,0.9868899770081043,1.4609487056732178,8167200,570,1020900
0.0016351495869457722,0.9658646546304226,1.735558271408081,8168000,570,1021000
0.0001806199870770797,0.9949500085785985,1.2760311365127563,8168800,570,1021100
0.00022774729586672038,0.9841771814972162,1.665686845779419,8169600,570,1021200
0.0019724383018910885,0.9875735221430659,1.7433528900146484,8170400,570,1021300
0.0014721716288477182,0.9922813605517149,1.7779802083969116,8171200,570,1021400
0.00019572816381696612,0.9968824880197644,1.429185390472412,8172000,570,1021500
0.0006479776930063963,0.9918997241184115,1.5330661535263062,8172800,570,1021600
0.00018732750322669744,0.9971325919032097,1.7803995609283447,8173600,570,1021700
0.005446646828204393,0.9352307394146919,1.6559799909591675,8174400,570,1021800
0.0007779664592817426,0.9912552312016487,1.6416233777999878,8175200,570,1021900
0.0037202283274382353,0.8721964955329895,1.4765629768371582,8176000,570,1022000
0.00022195639030542225,0.9922817181795835,1.4657948017120361,8176800,570,1022100
7.379089947789907e-05,0.9983365141088143,1.6627591848373413,8177600,570,1022200
0.0005699978792108595,0.9771659281104803,1.5564801692962646,8178400,570,1022300
0.00012630943092517555,0.9982717571547255,1.7835633754730225,8179200,570,1022400
0.00010051116987597197,0.9959801682271063,1.3683216571807861,8180000,570,1022500
0.0030408769380301237,0.9325049594044685,1.7701549530029297,8180800,570,1022600
0.0011497314553707838,0.9704698510468006,1.7798404693603516,8181600,570,1022700
0.0002432589535601437,0.9917262410745025,1.2138382196426392,8182400,570,1022800
0.00036016659578308463,0.9906740207225084,1.7776143550872803,8183200,570,1022900
6.523961201310158e-05,0.9969248489942402,1.7752821445465088,8184000,570,1023000
4.148538937442936e-05,0.9975144034251571,1.7639000415802002,8184800,570,1023100
0.0001253260561497882,0.9945640144869685,1.7727874517440796,8185600,570,1023200
0.0007190870237536728,0.9930162695236504,1.3793615102767944,8186400,570,1023300
0.00015085586346685886,0.9939919407479465,1.498584508895874,8187200,570,1023400
0.00030573681578971446,0.9847629657015204,1.2524926662445068,8188000,570,1023500
0.0005167995695956051,0.9975771091412753,1.6248189210891724,8188800,570,1023600
7.180146349128336e-05,0.9957375107333064,1.7847795486450195,8189600,570,1023700
0.0001557503273943439,0.9963940109591931,1.2845762968063354,8190400,570,1023800
0.000356120930518955,0.9802526962012053,1.6568543910980225,8191200,570,1023900
0.0018300696974620223,0.9834414329379797,1.5925878286361694,8192000,570,1024000
0.00013054936425760388,0.9977963492274284,1.774847149848938,8192800,570,1024100
0.0006493856199085712,0.9950660574249923,1.5102959871292114,8193600,570,1024200
0.00024157727602869272,0.9828349407762289,1.711192011833191,8194400,570,1024300
0.00012329203309491277,0.9978874621447176,1.7478716373443604,8195200,570,1024400
0.004116324242204428,0.9903552066534758,1.6471538543701172,8196000,570,1024500
0.00018715375335887074,0.9955917289480567,1.7720444202423096,8196800,570,1024600
0.00013475197192747146,0.996602957136929,1.781437635421753,8197600,570,1024700
0.0009050872758962214,0.9963108927477151,1.6353821754455566,8198400,570,1024800
0.00016597348439972848,0.995963083114475,1.7339277267456055,8199200,570,1024900
0.0010239238617941737,0.9863288719207048,1.7456910610198975,8200000,570,1025000
0.0005311099230311811,0.9950395240448415,1.3150140047073364,8200800,570,1025100
0.02512112818658352,-0.22303318977355957,1.7625174522399902,8201600,570,1025200
0.0005911268526688218,0.9897545836865902,1.77823805809021,8202400,570,1025300
0.002538976725190878,0.9378408826887608,1.4939043521881104,8203200,570,1025400
0.00024195079458877444,0.9855034798383713,1.7209906578063965,8204000,570,1025500
0.0002103639126289636,0.9960304056294262,1.5003541707992554,8204800,570,1025600
0.00012100992171326652,0.9952642815187573,1.5095791816711426,8205600,570,1025700
0.0005643172771669924,0.9894322576001287,1.7756240367889404,8206400,570,1025800
0.0031702693086117506,0.9817896336317062,1.5530204772949219,8207200,570,1025900
0.0009514183038845658,0.9951732531189919,1.7656855583190918,8208000,570,1026000
0.0009931152453646064,0.9397170469164848,1.7763636112213135,8208800,570,1026100
0.009765484370291233,0.7643024921417236,1.498185157775879,8209600,570,1026200
0.0002397582575213164,0.9976505448576063,1.575368881225586,8210400,570,1026300
0.00035578402457758784,0.9975377500522882,1.7418996095657349,8211200,570,1026400
0.0002831478777807206,0.988668879494071,1.5418492555618286,8212000,570,1026500
0.00019965045794378966,0.9981380192330107,1.3234326839447021,8212800,570,1026600
0.00015571698895655572,0.9951747325249016,1.728390097618103,8213600,570,1026700
0.001335462904535234,0.9855654155835509,1.7742234468460083,8214400,570,1026800
0.0002341415820410475,0.9993822668911889,1.4939630031585693,8215200,570,1026900
0.1292799860239029,0.08722811937332153,1.780639886856079,8216000,570,1027000
0.0005807403940707445,0.9974769279360771,1.5948272943496704,8216800,570,1027100
0.006008862983435392,0.9006800428032875,1.2348169088363647,8217600,570,1027200
0.000788682431448251,0.976208409294486,1.7688311338424683,8218400,570,1027300
0.0007852523121982813,0.9939706157892942,1.7330937385559082,8219200,570,1027400
2.8002163162454963e-05,0.9994638371281326,1.6502338647842407,8220000,570,1027500
0.00012339133536443114,0.9975953192915767,1.5753207206726074,8220800,570,1027600
0.00011366614489816129,0.9982645527925342,1.7711756229400635,8221600,570,1027700
0.00011507730232551694,0.99395422777161,1.6660630702972412,8222400,570,1027800
0.00028162309899926186,0.9942556405439973,1.7556456327438354,8223200,570,1027900
0.0001289364736294374,0.9979780947323889,1.7787284851074219,8224000,570,1028000
0.0001320643350481987,0.9980258601717651,1.7241003513336182,8224800,570,1028100
0.0002915175864472985,0.9989027064293623,1.770039439201355,8225600,570,1028200
0.00018033887317869812,0.9912293097004294,1.4919934272766113,8226400,570,1028300
7.851718692108989e-05,0.9995996652287431,1.7745943069458008,8227200,570,1028400
0.000250721990596503,0.9881343450397253,1.4964683055877686,8228000,570,1028500
0.0002713557332754135,0.9975084126926959,1.7760757207870483,8228800,570,1028600
0.0003465664922259748,0.9982440556632355,1.7157719135284424,8229600,570,1028700
0.00023504323326051235,0.9981474451487884,1.7656946182250977,8230400,570,1028800
0.013622409664094448,0.897038571536541,1.622429609298706,8231200,570,1028900
0.00015010462084319443,0.9540663957595825,1.7827844619750977,8232000,570,1029000
0.007044556085020304,0.9178895130753517,1.6775131225585938,8232800,570,1029100
0.0009274886688217521,0.9928894499316812,1.7717710733413696,8233600,570,1029200
0.00010290290811099112,0.9981361628742889,1.783778190612793,8234400,570,1029300
0.0003258433716837317,0.9863307708874345,1.4187335968017578,8235200,570,1029400
0.00015915997209958732,0.9957062886096537,1.7777260541915894,8236000,570,1029500
0.00029369292315095663,0.9950194000266492,1.7791898250579834,8236800,570,1029600
0.0013985143741592765,0.9568373523652554,1.5152435302734375,8237600,570,1029700
0.0001390744000673294,0.997732380637899,1.5066558122634888,8238400,570,1029800
5.522606079466641e-05,0.9975659504998475,1.5098217725753784,8239200,570,1029900
0.0003591132699511945,0.9989525253186002,1.78035569190979,8240000,570,1030000
0.0002507924218662083,0.9943142025731504,1.785532832145691,8240800,570,1030100
6.511362153105438e-05,0.9981056635733694,1.7782437801361084,8241600,570,1030200
0.0005279380711726844,0.9762930404394865,1.5852534770965576,8242400,570,1030300
0.00017954548820853233,0.9985748413018882,1.6943063735961914,8243200,570,1030400
0.0004317520069889724,0.9572691172361374,1.7334496974945068,8244000,570,1030500
0.00028052987181581557,0.9932446540333331,1.5654609203338623,8244800,570,1030600
0.00015123171033337712,0.990453558973968,1.3878191709518433,8245600,570,1030700
0.00020596863760147244,0.9973490147385746,1.7765917778015137,8246400,570,1030800
0.0008573144441470504,0.9960583560168743,1.4917916059494019,8247200,570,1030900
0.00013541520456783473,0.9920049514621496,1.4108704328536987,8248000,570,1031000
7.44381541153416e-05,0.9990411933977157,1.7871320247650146,8248800,570,1031100
4.200951298116706e-05,0.99976469988178,1.7650295495986938,8249600,570,1031200
0.000219464156543836,0.9991134518058971,1.77934730052948,8250400,570,1031300
8.189740037778392e-05,0.998822586494498,1.769840121269226,8251200,570,1031400
0.00015475877444259822,0.9955650893971324,1.7545267343521118,8252000,570,1031500
0.00010488521365914494,0.9964966692496091,1.4156992435455322,8252800,570,1031600
0.00017891843162942678,0.9986902354285121,1.3129301071166992,8253600,570,1031700
3.319053212180734e-05,0.9997648671851493,1.7496217489242554,8254400,570,1031800
0.0001081057998817414,0.9966774478089064,1.7753612995147705,8255200,570,1031900
0.00017481725080870092,0.9974132075440139,1.6050364971160889,8256000,570,1032000
0.0002933681244030595,0.9957017991691828,1.7710471153259277,8256800,570,1032100
0.00039912265492603183,0.9927301066927612,1.7806997299194336,8257600,570,1032200
0.0018854615045711398,0.9764363523572683,1.5550427436828613,8258400,570,1032300
0.0001400802721036598,0.9994612632435746,1.7613528966903687,8259200,570,1032400
0.00033009948674589396,0.9917377820238471,1.7828760147094727,8260000,570,1032500
0.00023527131997980177,0.9961749846115708,1.4164789915084839,8260800,570,1032600
0.000515660154633224,0.9975800544489175,1.4126094579696655,8261600,570,1032700
0.00019311992218717933,0.9954861695878208,1.7788441181182861,8262400,570,1032800
0.0009483342291787267,0.987254686653614,1.7667334079742432,8263200,570,1032900
0.02227199636399746,0.8872534781694412,1.5464221239089966,8264000,570,1033000
0.003259986639022827,0.9808007311075926,1.5493370294570923,8264800,570,1033100
0.00020105281146243215,0.9905488193035126,1.639005184173584,8265600,570,1033200
8.432961476501077e-05,0.9868327854201198,1.7465312480926514,8266400,570,1033300
0.0042563858442008495,0.9084091112017632,1.2346484661102295,8267200,570,1033400
0.00036224391078576446,0.994653114117682,1.4910650253295898,8268000,570,1033500
0.0013245122972875834,0.9754603169858456,1.4145762920379639,8268800,570,1033600
4.013841680716723e-05,0.9992655332898721,1.775460958480835,8269600,570,1033700
0.00011735102452803403,0.997288586338982,1.7852094173431396,8270400,570,1033800
0.00015192219871096313,0.9990925941383466,1.553037405014038,8271200,570,1033900
0.00015258169150911272,0.9994350022752769,1.7583085298538208,8272000,570,1034000
0.00024806379224173725,0.9961787960492074,1.7719824314117432,8272800,570,1034100
6.319377280306071e-05,0.997979573905468,1.4606342315673828,8273600,570,1034200
4.362389154266566e-05,0.9966817980166525,1.5983763933181763,8274400,570,1034300
0.0006141297635622323,0.985785910859704,1.7404999732971191,8275200,570,1034400
0.013520500622689724,0.8439173102378845,1.4998217821121216,8276000,570,1034500
0.00020299841708038002,0.9977197009138763,1.7687475681304932,8276800,570,1034600
0.01256925705820322,0.9019792377948761,1.6139256954193115,8277600,570,1034700
0.00010916442988673225,0.9908876493573189,1.7071189880371094,8278400,570,1034800
0.007467747200280428,0.95830212906003,1.4762775897979736,8279200,570,1034900
0.0003173121949657798,0.9949788306839764,1.748461365699768,8280000,570,1035000
0.00012891963706351817,0.99613440874964,1.5775401592254639,8280800,570,1035100
0.0002022610860876739,0.9917075289413333,1.449586272239685,8281600,570,1035200
0.0003049866354558617,0.9912433009594679,1.5784791707992554,8282400,570,1035300
0.001518947072327137,0.9939922890625894,1.4604603052139282,8283200,570,1035400
9.333105117548257e-05,0.9996304363303352,1.7795130014419556,8284000,570,1035500
0.00019754425738938153,0.998086815699935,1.7779436111450195,8284800,570,1035600
0.0001472922449465841,0.9974052906036377,1.779221534729004,8285600,570,1035700
0.0011031446047127247,0.9834732078015804,1.639129638671875,8286400,570,1035800
0.00011469949095044285,0.9939015288837254,1.7480230331420898,8287200,570,1035900
0.003936330787837505,0.9763246215879917,1.5969796180725098,8288000,570,1036000
0.0002179423754569143,0.9927040687762201,1.5872325897216797,8288800,570,1036100
9.609687549527735e-05,0.9986146526644006,1.782306432723999,8289600,570,1036200
0.00014755502343177795,0.9901663372293115,1.4758899211883545,8290400,570,1036300
0.0006552088889293373,0.9959131735377014,1.7817330360412598,8291200,570,1036400
0.00026323040947318077,0.9991110901464708,1.7867590188980103,8292000,570,1036500
0.001074424246326089,0.9945831135846674,1.4958529472351074,8292800,570,1036600
0.0010453364811837673,0.9899476962164044,1.763199806213379,8293600,570,1036700
0.008546336553990841,0.8809826150536537,1.384228229522705,8294400,570,1036800
0.00018736471247393638,0.9969054062385112,1.7786083221435547,8295200,570,1036900
0.0003417903499212116,0.9954147008247674,1.7812421321868896,8296000,570,1037000
0.012750532478094101,0.9393235668540001,1.5191702842712402,8296800,570,1037100
6.854448292870075e-05,0.9995221277640667,1.7759116888046265,8297600,570,1037200
0.003643588162958622,0.9350036233663559,1.5509288311004639,8298400,570,1037300
0.00011545743473106995,0.9988677268847823,1.7539920806884766,8299200,570,1037400
0.000760897935833782,0.9788538962602615,1.560892105102539,8300000,570,1037500
7.693463703617454e-05,0.9989064682740718,1.776982307434082,8300800,570,1037600
0.0001515231851954013,0.9955136221833527,1.637747883796692,8301600,570,1037700
0.0004327269271016121,0.9900041408836842,1.7042820453643799,8302400,570,1037800
0.00029508257284760475,0.9958381387405097,1.3954265117645264,8303200,570,1037900
5.9500944189494476e-05,0.9997101894405205,1.4666012525558472,8304000,570,1038000
0.0003304715792182833,0.9949153265915811,1.4102392196655273,8304800,570,1038100
0.0002557309635449201,0.9944295398890972,1.2983715534210205,8305600,570,1038200
4.4098240323364735e-05,0.9988076824229211,1.7689225673675537,8306400,570,1038300
9.774161298992112e-05,0.9948401022702456,1.6848957538604736,8307200,570,1038400
5.589463034993969e-05,0.9933188436552882,1.6997661590576172,8308000,570,1038500
0.00025124684907495975,0.995999563485384,1.7347655296325684,8308800,570,1038600
0.00031521753408014774,0.9962153865490109,1.682344913482666,8309600,570,1038700
0.0013946976978331804,0.991191353648901,1.136446475982666,8310400,570,1038800
0.02308003045618534,0.84550940990448,1.5872559547424316,8311200,570,1038900
0.003248044988140464,0.9896833766251802,1.4260432720184326,8312000,570,1039000
9.89298932836391e-05,0.998438760288991,1.7703763246536255,8312800,570,1039100
0.00012507333303801715,0.9972049889620394,1.7813618183135986,8313600,570,1039200
0.00017440199735574424,0.9917439753189683,1.7594062089920044,8314400,570,1039300
7.967416604515165e-05,0.9993917775573209,1.6607000827789307,8315200,570,1039400
0.00024483769084326923,0.9798278287053108,1.4738892316818237,8316000,570,1039500
0.0003764485300052911,0.9931394709274173,1.4551963806152344,8316800,570,1039600
0.001182672451250255,0.9728872273117304,1.5367408990859985,8317600,570,1039700
0.00025605480186641216,0.9985051008407027,1.7602293491363525,8318400,570,1039800
0.0008856792701408267,0.986336000263691,1.7586699724197388,8319200,570,1039900
6.29824644420296e-05,0.9984993588877842,1.495152235031128,8320000,570,1040000
0.00011701500625349581,0.9969012264627963,1.5001945495605469,8320800,570,1040100
0.00010863842908293009,0.9980127257294953,1.7521045207977295,8321600,570,1040200
0.00011193034879397601,0.9984179090242833,1.480234146118164,8322400,570,1040300
0.0007081860094331205,0.9974528851453215,1.7658751010894775,8323200,570,1040400
0.00033320055808871984,0.9933114931918681,1.7760344743728638,8324000,570,1040500
0.00010561564704403281,0.9991740499972366,1.5533291101455688,8324800,570,1040600
8.805959078017622e-05,0.9918583771213889,1.772730827331543,8325600,570,1040700
0.0002773003652691841,0.9956633234396577,1.7132248878479004,8326400,570,1040800
1.9293340301373973e-05,0.9991080183535814,1.5902023315429688,8327200,570,1040900
0.00017704724450595677,0.997267706785351,1.7632683515548706,8328000,570,1041000
0.00020281765318941325,0.9979691682383418,1.6989548206329346,8328800,570,1041100
0.00015663048543501645,0.9975986096542329,1.7667264938354492,8329600,570,1041200
0.003087985794991255,0.9806120749562979,1.0826995372772217,8330400,570,1041300
0.00037976057501509786,0.995651007629931,1.5592827796936035,8331200,570,1041400
0.028750518336892128,0.9127359464764595,1.7738549709320068,8332000,570,1041500
0.00028964888770133257,0.9956335262395442,1.6867151260375977,8332800,570,1041600
0.00016223988495767117,0.9982579712523147,1.7710164785385132,8333600,570,1041700
0.011625450104475021,0.8152986019849777,1.450904369354248,8334400,570,1041800
0.0001366925280308351,0.9658558890223503,1.7783958911895752,8335200,570,1041900
0.001414534985087812,0.9918663697317243,1.3001519441604614,8336000,570,1042000
0.0003301913966424763,0.996871521929279,1.7703890800476074,8336800,570,1042100
0.018672654405236244,0.9002505466341972,1.4092769622802734,8337600,570,1042200
0.013046495616436005,0.8900591135025024,1.7663383483886719,8338400,570,1042300
0.00012693702592514455,0.9991083118948154,1.7330756187438965,8339200,570,1042400
0.00018975605780724436,0.9957029451616108,1.6759436130523682,8340000,570,1042500
0.00021941658633295447,0.9952991721220315,1.6328829526901245,8340800,570,1042600
7.340713636949658e-05,0.9984333558240905,1.6112251281738281,8341600,570,1042700
0.0002909107133746147,0.9956627055071294,1.4905872344970703,8342400,570,1042800
0.0002457526861689985,0.9984212249983102,1.6719701290130615,8343200,570,1042900
0.002167436294257641,0.985922728665173,1.4347556829452515,8344000,570,1043000
9.876089461613446e-05,0.9972010480705649,1.5079755783081055,8344800,570,1043100
8.667074143886566e-05,0.998903589672409,1.7733469009399414,8345600,570,1043200
8.561648428440094e-05,0.9976417005527765,1.7783770561218262,8346400,570,1043300
6.779206159990281e-05,0.999535403912887,1.7698248624801636,8347200,570,1043400
0.0009961884934455156,0.9815596919506788,1.690462350845337,8348000,570,1043500
0.000195352389710024,0.9949314221739769,1.556556224822998,8348800,570,1043600
0.0013649226166307926,0.9805385526269674,1.5105059146881104,8349600,570,1043700
0.00038404297083616257,0.9824225101619959,1.5148777961730957,8350400,570,1043800
0.00013410749670583755,0.9978770189918578,1.7817271947860718,8351200,570,1043900
7.210062904050574e-05,0.999150721996557,1.6815149784088135,8352000,570,1044000
0.00014323773211799562,0.9895243784412742,1.7392442226409912,8352800,570,1044100
6.354694050969556e-05,0.998500422690995,1.5093653202056885,8353600,570,1044200
0.00013266815221868455,0.9913765648379922,1.4167485237121582,8354400,570,1044300
0.0004449771367944777,0.9950214861892164,1.7836230993270874,8355200,570,1044400
0.00019489087571855634,0.9986845123348758,1.500565767288208,8356000,570,1044500
3.9329344872385263e-05,0.9992933793691918,1.7850818634033203,8356800,570,1044600
0.00015466405602637678,0.9929222264327109,1.5006613731384277,8357600,570,1044700
5.52839228475932e-05,0.9990528697380796,1.7636895179748535,8358400,570,1044800
0.004922313615679741,0.9363020062446594,1.7657701969146729,8359200,570,1044900
0.011981706134974957,0.7397823333740234,1.757758378982544,8360000,570,1045000
0.0001633377542020753,0.9945708010345697,1.4970886707305908,8360800,570,1045100
0.00047283986350521445,0.9920569863170385,1.278844952583313,8361600,570,1045200
0.0001761724124662578,0.9913007402792573,1.6856606006622314,8362400,570,1045300
0.00032334006391465664,0.9936284204013646,1.7818684577941895,8363200,570,1045400
0.0002870961034204811,0.9933017324656248,1.4586031436920166,8364000,570,1045500
0.0003648960846476257,0.9751396290957928,1.7309153079986572,8364800,570,1045600
0.00026630767388269305,0.9943806203082204,1.4873628616333008,8365600,570,1045700
5.864510603714734e-05,0.999403968162369,1.6653635501861572,8366400,570,1045800
0.00033833985798992217,0.9939006315544248,1.7669436931610107,8367200,570,1045900
0.00019298575352877378,0.9970134613104165,1.7609102725982666,8368000,570,1046000
0.00012621449423022568,0.9988790088100359,1.761355996131897,8368800,570,1046100
0.0006385796004906297,0.971889890730381,1.4185066223144531,8369600,570,1046200
0.00022965171956457198,0.996853182092309,1.2357935905456543,8370400,570,1046300
0.000103506536106579,0.9990569517831318,1.7812315225601196,8371200,570,1046400
0.0005355768953450024,0.9928474226035178,1.5647673606872559,8372000,570,1046500
9.858692646957934e-05,0.9986435271566734,1.7700464725494385,8372800,570,1046600
0.008727161213755608,0.8922172710299492,1.4410276412963867,8373600,570,1046700
6.121773913037032e-05,0.9988638716749847,1.7621746063232422,8374400,570,1046800
0.00015100758173502982,0.9952487288974226,1.2712695598602295,8375200,570,1046900
0.00015557273582089692,0.9965258217416704,1.2320492267608643,8376000,570,1047000
0.0003325620200484991,0.9949138234369457,1.777508020401001,8376800,570,1047100
0.00011673266271827742,0.9974987199530005,1.7628576755523682,8377600,570,1047200
0.00044783714110963047,0.9959002044051886,1.5165530443191528,8378400,570,1047300
0.000491074868477881,0.9929004008881748,1.6312751770019531,8379200,570,1047400
0.00019925899687223136,0.9949433039873838,1.7451950311660767,8380000,570,1047500
0.000293003540718928,0.9983108540764078,1.773390293121338,8380800,570,1047600
0.0001903697702800855,0.9973937107715756,1.7641736268997192,8381600,570,1047700
0.0001472580770496279,0.995297968853265,1.651214361190796,8382400,570,1047800
0.0008132043294608593,0.9945608605630696,1.756392002105713,8383200,570,1047900
5.574683746090159e-05,0.9992144448915496,1.5398049354553223,8384000,570,1048000
0.0001320481242146343,0.9933802881278098,1.2360596656799316,8384800,570,1048100
7.424712384818122e-05,0.9992777684819885,1.7790645360946655,8385600,570,1048200
0.00013300016871653497,0.9973508201073855,1.7864339351654053,8386400,570,1048300
9.70617329585366e-05,0.9933010023087263,1.7818598747253418,8387200,570,1048400
7.791964890202507e-05,0.9987848325399682,1.6858973503112793,8388000,570,1048500
0.00038665527245029807,0.995616024825722,1.549207329750061,8388800,570,1048600
0.0013682303251698613,0.9969900243449956,1.4762251377105713,8389600,570,1048700
0.0031131065916270018,0.9642904438078403,1.550205945968628,8390400,570,1048800
0.0003380781563464552,0.9839080329984426,1.7749431133270264,8391200,570,1048900
0.00013210464385338128,0.9970407788641751,1.4878325462341309,8392000,570,1049000
0.0006360221304930747,0.9804396275430918,1.669381856918335,8392800,570,1049100
8.898302621673793e-05,0.9975336457137018,1.5081465244293213,8393600,570,1049200
0.00025252567138522863,0.9926188928075135,1.5645768642425537,8394400,570,1049300
0.0001645803131395951,0.9983422756195068,1.7794406414031982,8395200,570,1049400
9.908092033583671e-05,0.9972172295674682,1.733229637145996,8396000,570,1049500
0.0005056937225162983,0.8769976496696472,1.751061201095581,8396800,570,1049600
3.310875763418153e-05,0.9992734976112843,1.5383522510528564,8397600,570,1049700
7.436092710122466e-05,0.9980019400827587,1.7745935916900635,8398400,570,1049800
0.005713803693652153,0.9606015309691429,1.5098909139633179,8399200,570,1049900
6.319029489532113e-05,0.9988197261700407,1.5063575506210327,8400000,570,1050000
3.5655823012348264e-05,0.9986256562406197,1.6218690872192383,8400800,570,1050100
5.776574107585475e-05,0.9990184571361169,1.7759954929351807,8401600,570,1050200
0.0023003339301794767,0.9802699498832226,1.5609360933303833,8402400,570,1050300
0.00026486587012186646,0.9962725727818906,1.7133111953735352,8403200,570,1050400
0.0002963197766803205,0.9952295399270952,1.627490758895874,8404000,570,1050500
0.0007897808100096881,0.9955156822688878,1.7779039144515991,8404800,570,1050600
0.0001095806946977973,0.9979587511625141,1.4888657331466675,8405600,570,1050700
0.00010057251347461715,0.9972564242780209,1.7720015048980713,8406400,570,1050800
0.00010736297554103658,0.999334717867896,1.7585117816925049,8407200,570,1050900
0.0002936114906333387,0.9872657880187035,1.6863486766815186,8408000,570,1051000
6.944649067008868e-05,0.9981313061434776,1.484222650527954,8408800,570,1051100
0.00013106291589792818,0.9963570972904563,1.501190423965454,8409600,570,1051200
0.00026188528863713145,0.9962714319117367,1.7322485446929932,8410400,570,1051300
0.0018190033733844757,0.9834513254463673,1.7261871099472046,8411200,570,1051400
0.0009754669154062867,0.9875513575971127,1.7407371997833252,8412000,570,1051500
7.350139640038833e-05,0.9990436972002499,1.7832465171813965,8412800,570,1051600
0.0004612858174368739,0.9923011516220868,1.4842782020568848,8413600,570,1051700
7.347431528614834e-05,0.9988240249222144,1.7784063816070557,8414400,570,1051800
0.00037882322794757783,0.9194730445742607,1.154954195022583,8415200,570,1051900
0.0008501088595949113,0.983628835529089,1.767420768737793,8416000,570,1052000
0.00016665784642100334,0.9992011093418114,1.7709004878997803,8416800,570,1052100
0.00021488845231942832,0.9995032342267223,1.7411606311798096,8417600,570,1052200
0.0004363167972769588,0.9940161593258381,1.781848669052124,8418400,570,1052300
0.0008188684587366879,0.9943470130674541,1.6259517669677734,8419200,570,1052400
0.00015654847084078938,0.9969130572862923,1.7765169143676758,8420000,570,1052500
0.0001684545713942498,0.9971935236826539,1.77527916431427,8420800,570,1052600
0.000151676096720621,0.997172354022041,1.5020244121551514,8421600,570,1052700
0.00014071518671698868,0.9962536522652954,1.411366581916809,8422400,570,1052800
0.00020707653311546892,0.9940077229402959,1.7829883098602295,8423200,570,1052900
0.00025954050943255424,0.9992741094320081,1.7748379707336426,8424000,570,1053000
0.00010191324690822512,0.9982115672901273,1.6768889427185059,8424800,570,1053100
0.0003133775317110121,0.997928278753534,1.7843401432037354,8425600,570,1053200
6.579065666301176e-05,0.9977098184172064,1.7373061180114746,8426400,570,1053300
0.0002995540271513164,0.8384884744882584,1.7857422828674316,8427200,570,1053400
0.0019373696995899081,0.8345524072647095,0.9587318897247314,8428000,570,1053500
0.0001449276605853811,0.9984194516437128,1.7786933183670044,8428800,570,1053600
0.00017387463594786823,0.997691408963874,1.7716937065124512,8429600,570,1053700
0.00011904830171260983,0.9663153551518917,1.7528982162475586,8430400,570,1053800
0.0002043853310169652,0.9927988727577031,1.774172306060791,8431200,570,1053900
0.00029738486045971513,0.9931063703261316,1.3427579402923584,8432000,570,1054000
0.00017502196715213358,0.9983462583040819,1.5086501836776733,8432800,570,1054100
0.00013183588453102857,0.9990023612044752,1.7833157777786255,8433600,570,1054200
9.77866438915953e-05,0.9971576896496117,1.7837073802947998,8434400,570,1054300
0.0001494722964707762,0.9923008373007178,1.7763066291809082,8435200,570,1054400
8.872069884091616e-05,0.9975135268177837,1.7609453201293945,8436000,570,1054500
0.0009689105791039765,0.8205288052558899,1.3451814651489258,8436800,570,1054600
0.00015517711290158331,0.9995276295521762,1.7838773727416992,8437600,570,1054700
0.0002501750714145601,0.9974133572541177,1.4591361284255981,8438400,570,1054800
0.00017488221055828035,0.9972335647325963,1.6852056980133057,8439200,570,1054900
0.00020413273887243122,0.9919964335858822,1.6603840589523315,8440000,570,1055000
5.127137046656571e-05,0.999012230662629,1.548405647277832,8440800,570,1055100
9.975836292142048e-05,0.9955403287895024,1.684790849685669,8441600,570,1055200
0.00012381962733343244,0.9987890146439895,1.7732760906219482,8442400,570,1055300
0.0006023864261806011,0.9967481719795614,1.7582265138626099,8443200,570,1055400
0.0001261700235772878,0.9981227692915127,1.7808570861816406,8444000,570,1055500
8.217775030061603e-05,0.9970895182341337,1.6851046085357666,8444800,570,1055600
0.0016223032725974917,0.9918767651543021,1.7770817279815674,8445600,570,1055700
2.9940933018224314e-05,0.9995854670123663,1.7663719654083252,8446400,570,1055800
9.881208825390786e-05,0.9989625948946923,1.6951673030853271,8447200,570,1055900
5.59031504963059e-05,0.9946959991939366,1.5834660530090332,8448000,569,1056000
4.138406438869424e-05,0.9994316288502887,1.7815766334533691,8448800,569,1056100
0.00010690149792935699,0.9957316257059574,1.7772235870361328,8449600,569,1056200
0.00013305919128470123,0.9975130029488355,1.7169734239578247,8450400,569,1056300
0.00021375514916144311,0.9950468498282135,1.422208547592163,8451200,569,1056400
0.0054949065670371056,0.9489782899618149,1.4218928813934326,8452000,569,1056500
0.00047633948270231485,0.9991813430096954,1.743025541305542,8452800,569,1056600
5.267826054478064e-05,0.9991724572028033,1.7753710746765137,8453600,569,1056700
0.0005142943700775504,0.9949464630335569,1.7779278755187988,8454400,569,1056800
0.006283116061240435,0.6283270120620728,1.6195390224456787,8455200,569,1056900
0.00013927331019658595,0.9906458100304008,1.6545029878616333,8456000,569,1057000
0.0002493962529115379,0.9923702850937843,1.2450695037841797,8456800,569,1057100
8.769563282839954e-05,0.9751333948224783,1.778217077255249,8457600,569,1057200
0.00011646982602542266,0.9858751520514488,1.7398511171340942,8458400,569,1057300
0.0004146774299442768,0.9927462553605437,1.7763738632202148,8459200,569,1057400
0.004116655793040991,0.876268096268177,1.4070169925689697,8460000,569,1057500
2.986647086800076e-05,0.9996293146105018,1.7784876823425293,8460800,569,1057600
0.00022211065515875816,0.9987402152037248,1.7778000831604004,8461600,569,1057700
0.0026423411909490824,0.9549278877675533,1.5903716087341309,8462400,569,1057800
0.0001579571544425562,0.9992875608731993,1.7522863149642944,8463200,569,1057900
0.00021994151757098734,0.9944572290405631,1.5003443956375122,8464000,569,1058000
7.277702388819307e-05,0.9965725021902472,1.5960495471954346,8464800,569,1058100
5.0608792662387714e-05,0.9989739521406591,1.7305636405944824,8465600,569,1058200
0.0033595003187656403,0.9851020099595189,1.7011373043060303,8466400,569,1058300
0.00018031144281849265,0.9928051359020174,1.5034427642822266,8467200,569,1058400
0.0023849268909543753,0.979954281821847,1.5431816577911377,8468000,569,1058500
3.622332224040292e-05,0.999318441550713,1.7757892608642578,8468800,569,1058600
0.00020457019854802638,0.9957003509625793,1.5014636516571045,8469600,569,1058700
0.0007786932401359081,0.9937400040216744,1.7447788715362549,8470400,569,1058800
0.00025530921993777156,0.9961712928488851,1.7769993543624878,8471200,569,1058900
0.027245959267020226,-10.29784107208252,1.7039477825164795,8472000,569,1059000
0.0003654169267974794,0.2005833387374878,1.770373821258545,8472800,569,1059100
0.01182662881910801,0.8011936396360397,1.6251752376556396,8473600,569,1059200
0.0007285245810635388,0.9807451032102108,1.74302077293396,8474400,569,1059300
0.00016409996896982193,0.9979323500301689,1.373917579650879,8475200,569,1059400
8.145484025590122e-05,0.9965766947716475,1.4770890474319458,8476000,569,1059500
0.0004759198927786201,0.9916476374492049,1.765080213546753,8476800,569,1059600
0.0008726108353585005,0.9915053900331259,1.484210729598999,8477600,569,1059700
0.00010803529585245997,0.9942433703690767,1.4230265617370605,8478400,569,1059800
0.0002485435106791556,0.9948096098378301,1.7689929008483887,8479200,569,1059900
0.0004962974926456809,0.997369549702853,1.6840380430221558,8480000,569,1060000
7.270756759680808e-05,0.9991872548707761,1.730323076248169,8480800,569,1060100
0.023083042353391647,0.1687380075454712,1.7676180601119995,8481600,569,1060200
0.0008225030032917857,0.9921294124796987,1.767946481704712,8482400,569,1060300
0.0002633502590470016,0.9993066055467352,1.5063531398773193,8483200,569,1060400
0.0005171247175894678,0.9890245655551553,1.7728848457336426,8484000,569,1060500
0.0002986405452247709,0.9996566106856335,1.5410234928131104,8484800,569,1060600
9.548765956424177e-05,0.9949672627262771,1.4792301654815674,8485600,569,1060700
3.698498767334968e-05,0.9994623101665638,1.7842388153076172,8486400,569,1060800
0.0002716219751164317,0.98950579110533,1.711439609527588,8487200,569,1060900
0.0003127015079371631,0.990411332808435,1.7647589445114136,8488000,569,1061000
0.0006550748948939145,0.9927544165402651,1.6894967555999756,8488800,569,1061100
0.00023071019677445292,0.9976028949022293,1.759339451789856,8489600,569,1061200
0.0019078240729868412,0.9874465428292751,1.4563416242599487,8490400,569,1061300
6.586550443898886e-05,0.9990959137794562,1.2799227237701416,8491200,569,1061400
0.0012728755827993155,0.9211007654666901,1.688615322113037,8492000,569,1061500
0.0015088093932718039,0.9900168403983116,1.7734227180480957,8492800,569,1061600
0.0003622979565989226,0.9911678964272141,1.5041248798370361,8493600,569,1061700
0.00022246415028348565,0.9946136502549052,1.7808722257614136,8494400,569,1061800
9.786603186512366e-05,0.9993415977223776,1.781764030456543,8495200,569,1061900
0.00010211089829681441,0.9986014981986955,1.7728885412216187,8496000,569,1062000
0.00011249107774347067,0.9976269374601543,1.7856252193450928,8496800,569,1062100
0.0033153328113257885,0.7064962089061737,1.6796150207519531,8497600,569,1062200
0.00011503642599564046,0.9976347752381116,1.7653224468231201,8498400,569,1062300
0.00018937751883640885,0.9984464748995379,1.7590440511703491,8499200,569,1062400
0.00016273028450086713,0.9952286323532462,1.7305173873901367,8500000,569,1062500
0.08341362327337265,-0.5720095634460449,1.3603286743164062,8500800,569,1062600
0.0004297870909795165,0.9874616516754031,1.7334246635437012,8501600,569,1062700
3.523889245116152e-05,0.9997181705548428,1.7783021926879883,8502400,569,1062800
0.0003241758677177131,0.9987862856360152,1.410207748413086,8503200,569,1062900
0.005496814381331205,0.4458243250846863,1.780095100402832,8504000,569,1063000
0.00033427367452532053,0.9906637435778975,1.4824681282043457,8504800,569,1063100
9.839588892646134e-05,0.9982620228547603,1.7817423343658447,8505600,569,1063200
0.0003485561173874885,0.9931430364958942,1.7724263668060303,8506400,569,1063300
0.0004455008602235466,0.9937022365629673,1.4924285411834717,8507200,569,1063400
0.00013372453395277262,0.9933314961381257,1.6739246845245361,8508000,569,1063500
0.00028935170848853886,0.9856385150924325,1.4624478816986084,8508800,569,1063600
0.000589714094530791,0.9977668789215386,1.7270816564559937,8509600,569,1063700
0.0001917168847285211,0.9960112315602601,1.7668178081512451,8510400,569,1063800
0.0003748350136447698,0.9950550985522568,1.7812702655792236,8511200,569,1063900
4.769868610310368e-05,0.9990905608865432,1.7775428295135498,8512000,569,1064000
0.0004683944280259311,0.9979618128854781,1.2997076511383057,8512800,569,1064100
0.0004162125405855477,0.9862094959244132,1.5799942016601562,8513600,569,1064200
0.00014292029663920403,0.9981619708705693,1.7851989269256592,8514400,569,1064300
8.040914690354839e-05,0.994955275207758,1.636998176574707,8515200,569,1064400
4.831763726542704e-05,0.9992317796568386,1.77802574634552,8516000,569,1064500
0.0018605842487886548,0.9921403340995312,1.582716464996338,8516800,569,1064600
9.213035082211718e-05,0.9988437803694978,1.7666778564453125,8517600,569,1064700
0.0006716607604175806,0.9866364346817136,1.7661023139953613,8518400,569,1064800
6.816485984018072e-05,0.9977834431920201,1.7597603797912598,8519200,569,1064900
4.70687446068041e-05,0.9992083490360528,1.6949522495269775,8520000,569,1065000
5.5091819376684725e-05,0.9968401782680303,1.4727489948272705,8520800,569,1065100
0.000818390108179301,0.9958857414312661,1.768433690071106,8521600,569,1065200
0.00046110458788461983,0.9975296424236149,1.5067331790924072,8522400,569,1065300
0.0005074504297226667,0.9952423209324479,1.5966439247131348,8523200,569,1065400
0.00043440063018351793,0.9824573937803507,1.6956892013549805,8524000,569,1065500
7.300823926925659e-05,0.9975334864575416,1.7705633640289307,8524800,569,1065600
0.0005200650193728507,0.9899048237130046,1.356654167175293,8525600,569,1065700
5.755753954872489e-05,0.9933682605624199,1.7297760248184204,8526400,569,1065800
0.00022871549299452454,0.9996259454346728,1.7717609405517578,8527200,569,1065900
0.0002855549391824752,0.9922160869464278,1.3223135471343994,8528000,569,1066000
3.8288155337795615e-05,0.9976948644034564,1.7479051351547241,8528800,569,1066100
0.000184214353794232,0.9989740560995415,1.5985387563705444,8529600,569,1066200
0.0003435203689150512,0.9814923945814371,1.594632625579834,8530400,569,1066300
0.00019614520715549588,0.9939390318468213,1.7608883380889893,8531200,569,1066400
0.0007802167674526572,0.9958409233950078,1.676409363746643,8532000,569,1066500
0.004436043091118336,0.9248842224478722,1.7786102294921875,8532800,569,1066600
0.00038992613554000854,0.9921273021027446,1.1713712215423584,8533600,569,1066700
0.0001464389351895079,0.9925220357254148,1.593428611755371,8534400,569,1066800
0.00010144444240722805,0.9989486550912261,1.7792065143585205,8535200,569,1066900
0.0004924351233057678,0.9893289031460881,1.777991771697998,8536000,569,1067000
0.00016898915055207908,0.9978035145904869,1.7513644695281982,8536800,569,1067100
0.0007702682632952929,0.9870771644636989,1.506072759628296,8537600,569,1067200
0.0001380047615384683,0.9921437818557024,1.7563068866729736,8538400,569,1067300
8.655161946080625e-05,0.9985838384600356,1.6318286657333374,8539200,569,1067400
0.0005454346537590027,0.9968955104704946,1.7170615196228027,8540000,569,1067500
0.0005850722664035857,0.9828993882983923,1.7574337720870972,8540800,569,1067600
0.0003590490960050374,0.9858428910374641,1.6781811714172363,8541600,569,1067700
8.839424117468297e-05,0.9986128935124725,1.7855994701385498,8542400,569,1067800
0.00023377209436148405,0.987339248880744,1.4229397773742676,8543200,569,1067900
0.0033642537891864777,0.9458223506808281,1.6637184619903564,8544000,569,1068000
0.001913995249196887,0.9699146077036858,1.7711831331253052,8544800,569,1068100
5.0084661779692397e-05,0.9914526753127575,1.1876475811004639,8545600,569,1068200
0.00014126190217211843,0.9945359732955694,1.7839562892913818,8546400,569,1068300
0.0008996383985504508,0.9927834547124803,1.4818508625030518,8547200,569,1068400
0.0018345272401347756,0.7309227585792542,1.5157889127731323,8548000,569,1068500
0.00023419433273375034,0.9979442099574953,1.786295771598816,8548800,569,1068600
3.939210728276521e-05,0.9975533520337194,1.7778890132904053,8549600,569,1068700
8.285686635645106e-05,0.9996780496439897,1.7713063955307007,8550400,569,1068800
7.726835610810667e-05,0.9997501574689522,1.5495742559432983,8551200,569,1068900
4.573831392917782e-05,0.9855338558554649,1.6636760234832764,8552000,569,1069000
0.000990486703813076,0.9916889006271958,1.771145224571228,8552800,569,1069100
5.7392564485780895e-05,0.9985181487863883,1.3700380325317383,8553600,569,1069200
0.0018908347701653838,0.960925281047821,1.6109178066253662,8554400,569,1069300
0.0003297177026979625,0.9944743094965816,1.580937147140503,8555200,569,1069400
9.146632510237396e-05,0.9964941914658993,1.7848210334777832,8556000,569,1069500
0.00010513233428355306,0.9974131253547966,1.7745039463043213,8556800,569,1069600
0.0001955702609848231,0.9983958523953333,1.7790553569793701,8557600,569,1069700
0.014538533985614777,0.3001594543457031,1.4643974304199219,8558400,569,1069800
0.00029529567109420896,0.9451956301927567,1.7785624265670776,8559200,569,1069900
3.295733404229395e-05,0.9981648791581392,1.4630277156829834,8560000,569,1070000
0.0005708817625418305,0.9934320854954422,1.7827274799346924,8560800,569,1070100
0.0016198368975892663,0.9798867162317038,1.549800157546997,8561600,569,1070200
0.00012849978520534933,0.9953116257674992,1.7652554512023926,8562400,569,1070300
0.0002586858463473618,0.8967888951301575,1.7801679372787476,8563200,569,1070400
0.0008062190609052777,0.9907743884250522,1.3288934230804443,8564000,569,1070500
0.00020818495249841362,0.9985033625271171,1.7794976234436035,8564800,569,1070600
0.0002072021597996354,0.9975987223442644,1.5527794361114502,8565600,569,1070700
0.004608110524713993,0.9778706803917885,1.1528798341751099,8566400,569,1070800
0.00020471734751481563,0.942612998187542,1.7863998413085938,8567200,569,1070900
0.003571505192667246,0.9761712737381458,1.1298551559448242,8568000,569,1071000
0.00018128457304555923,0.9512662999331951,1.7858216762542725,8568800,569,1071100
0.00015677878400310874,0.9973821812309325,1.753998041152954,8569600,569,1071200
5.149037315277383e-05,0.9719960354268551,1.7797033786773682,8570400,569,1071300
0.004690198227763176,0.9687802027910948,1.762975811958313,8571200,569,1071400
0.0008299023611471057,0.9914094088599086,1.7244963645935059,8572000,569,1071500
5.011785833630711e-05,0.999094060389325,1.704498291015625,8572800,569,1071600
5.1658596930792555e-05,0.9991665057605132,1.5685365200042725,8573600,569,1071700
4.8796362534631044e-05,0.9973259563557804,1.3542553186416626,8574400,569,1071800
0.00032200285932049155,0.9120408520102501,1.7607645988464355,8575200,569,1071900
5.835977935930714e-05,0.9982721339911222,1.3217809200286865,8576000,569,1072000
4.455092130228877e-05,0.9987568068318069,1.787788987159729,8576800,569,1072100
0.00016783391765784472,0.9970701956190169,1.7780883312225342,8577600,569,1072200
0.0002597851271275431,0.9953775661997497,1.6624748706817627,8578400,569,1072300
0.004476425237953663,0.9230384528636932,1.5243446826934814,8579200,569,1072400
0.001337080029770732,0.9939142218790948,1.7045100927352905,8580000,569,1072500
0.006526959594339132,0.9026431664824486,1.4914641380310059,8580800,569,1072600
0.00031991262221708894,0.9887377396225929,1.4426052570343018,8581600,569,1072700
0.0001430226257070899,0.996341856662184,1.7802362442016602,8582400,569,1072800
0.0004903072840534151,0.9958667596802115,1.5007611513137817,8583200,569,1072900
0.009074408560991287,0.7797868102788925,1.7812955379486084,8584000,569,1073000
0.011293109506368637,0.13603711128234863,1.7616603374481201,8584800,569,1073100
0.00025992770679295063,0.9966570627875626,1.7697054147720337,8585600,569,1073200
0.013337155804038048,0.945778101682663,1.392507791519165,8586400,569,1073300
0.00012934469850733876,0.999585366633255,1.6958763599395752,8587200,569,1073400
0.00033664979855529964,0.9976979766506702,1.4957082271575928,8588000,569,1073500
0.00047299196012318134,0.9934157659299672,1.7503342628479004,8588800,569,1073600
4.6535395085811615e-05,0.9986568692838773,1.6634798049926758,8589600,569,1073700
0.0007738040294498205,0.9964047761168331,1.4089096784591675,8590400,569,1073800
0.0001890314742922783,0.9981814947677776,1.4126397371292114,8591200,569,1073900
0.001253975206054747,0.9757568594068289,1.4707659482955933,8592000,569,1074000
0.000747522572055459,0.9956943751312792,1.2279016971588135,8592800,569,1074100
0.0006519103772006929,0.9884987305849791,1.5375573635101318,8593600,569,1074200
4.70154445793014e-05,0.9983355273725465,1.6924195289611816,8594400,569,1074300
0.00012992128904443234,0.9988150246208534,1.7767772674560547,8595200,569,1074400
0.0005656214198097587,0.9910646509379148,1.564767599105835,8596000,569,1074500
0.00016635221254546195,0.98577297385782,1.7830545902252197,8596800,569,1074600
0.0005756200407631695,0.9877740303054452,1.3759081363677979,8597600,569,1074700
0.00033418001839891076,0.9808674715459347,1.7609456777572632,8598400,569,1074800
0.0005194884142838418,0.9930142285302281,1.2337183952331543,8599200,569,1074900
0.00919640064239502,0.8855711668729782,1.4954984188079834,8600000,569,1075000
0.00012621570203918964,0.9993329597054981,1.776397943496704,8600800,569,1075100
0.0004481582436710596,0.990846298635006,1.5017526149749756,8601600,569,1075200
0.0004742426099255681,0.9954033400863409,1.5070486068725586,8602400,569,1075300
0.00032137942616827786,0.99466472864151,1.6929829120635986,8603200,569,1075400
6.496357673313469e-05,0.9979448688682169,1.7640925645828247,8604000,569,1075500
8.837390487315133e-05,0.9992652572109364,1.6772119998931885,8604800,569,1075600
0.00029466376872733235,0.9938562642782927,1.7532861232757568,8605600,569,1075700
0.0009556870791129768,0.9951814743690193,1.6458207368850708,8606400,569,1075800
0.00016543436504434794,0.9901356864720583,1.7623165845870972,8607200,569,1075900
0.0006273799226619303,0.9960419619455934,1.6223286390304565,8608000,569,1076000
0.0003113434067927301,0.7966446131467819,1.7831233739852905,8608800,569,1076100
0.0009517811704427004,0.9896903932094574,1.356858730316162,8609600,569,1076200
6.098759695305489e-05,0.9960865546017885,1.506120204925537,8610400,569,1076300
0.00014744164946023375,0.9972308266442269,1.7851495742797852,8611200,569,1076400
2.838690488715656e-05,0.9988076306181028,1.7697420120239258,8612000,569,1076500
0.0003454700927250087,0.9930618866346776,1.7838695049285889,8612800,569,1076600
0.00013306418259162456,0.995346378069371,1.5406041145324707,8613600,569,1076700
0.0004621900152415037,0.9944487051106989,1.7817251682281494,8614400,569,1076800
0.00044834884465672076,0.9970928686670959,1.7746739387512207,8615200,569,1076900
0.0003886437916662544,0.9809204787015915,1.5078176259994507,8616000,569,1077000
0.00013915219460614026,0.9951966311782598,1.6887221336364746,8616800,569,1077100
9.35025600483641e-05,0.9969273824244738,1.5012708902359009,8617600,569,1077200
0.00035660143475979567,0.9977198913693428,1.548790693283081,8618400,569,1077300
0.00015651628200430423,0.9987539219437167,1.7773668766021729,8619200,569,1077400
0.00143588671926409,0.9944936498068273,1.5882620811462402,8620000,569,1077500
0.0002931628259830177,0.9910579407587647,1.7678277492523193,8620800,569,1077600
6.302388646872714e-05,0.99879804730881,1.7736306190490723,8621600,569,1077700
2.4916062102420256e-05,0.9994538744795136,1.786261796951294,8622400,569,1077800
7.44891440263018e-05,0.9987891059136018,1.7704612016677856,8623200,569,1077900
0.00019670907931867987,0.9983685336774215,1.7608486413955688,8624000,569,1078000
0.00015810891636647284,0.965215478092432,1.6760573387145996,8624800,569,1078100
0.00024790200404822826,0.979493634775281,1.7752058506011963,8625600,569,1078200
0.0002498995454516262,0.9946488840505481,1.388091802597046,8626400,569,1078300
0.0001698242558632046,0.9965921614784747,1.5308502912521362,8627200,569,1078400
0.000130708547658287,0.996813353151083,1.7587264776229858,8628000,569,1078500
4.9588845286052674e-05,0.9982384667964652,1.4198983907699585,8628800,569,1078600
0.0003191907308064401,0.10278505086898804,1.7813600301742554,8629600,569,1078700
4.3564454244915396e-05,0.9793403763324022,1.7840580940246582,8630400,569,1078800
0.00044138371595181525,0.9947968637570739,1.6594264507293701,8631200,569,1078900
0.00012414169032126665,0.9985918127931654,1.5074741840362549,8632000,569,1079000
6.280432717176154e-05,0.9956280388869345,1.6401833295822144,8632800,569,1079100
0.0006220489740371704,0.9893669635057449,1.7620853185653687,8633600,569,1079200
0.00031342811416834593,0.9958928236737847,1.3054113388061523,8634400,569,1079300
0.00025193957844749093,0.9963062067981809,1.7419074773788452,8635200,569,1079400
0.00044580554822459817,0.975762140005827,1.5469492673873901,8636000,569,1079500
0.004609022755175829,0.9564486816525459,1.430598497390747,8636800,569,1079600
0.00010711477079894394,0.9937583836726844,1.7084074020385742,8637600,569,1079700
0.00114982679951936,0.9954809844493866,1.774246096611023,8638400,569,1079800
0.004087646491825581,0.908458836376667,1.5821410417556763,8639200,569,1079900
1.910645551106427e-05,0.9996660358447116,1.7751209735870361,8640000,569,1080000
0.01727578043937683,0.8335058093070984,1.7773313522338867,8640800,569,1080100
5.897274240851402e-05,0.9924996658228338,1.7622644901275635,8641600,569,1080200
0.00019168226572219282,0.9990106518380344,1.7530173063278198,8642400,569,1080300
0.00014977199316490442,0.9647436141967773,1.749814748764038,8643200,569,1080400
0.011627540923655033,0.6733181774616241,1.7736985683441162,8644000,569,1080500
0.0032056504860520363,0.9842188283801079,1.2112350463867188,8644800,569,1080600
0.00020732539996970445,0.9850941793993115,1.75579035282135,8645600,569,1080700
0.00014805313549004495,0.9960288195870817,1.1784892082214355,8646400,569,1080800
0.00014662642206531018,0.9913514070212841,1.5036282539367676,8647200,569,1080900
0.0010093634482473135,0.9857959933578968,1.7737088203430176,8648000,569,1081000
0.00010776349517982453,0.9981265451060608,1.7842750549316406,8648800,569,1081100
0.00025090688723139465,0.9935256033204496,1.778302788734436,8649600,569,1081200
0.0001849016989581287,0.9969668278936297,1.7654733657836914,8650400,569,1081300
0.01074763759970665,0.950634066015482,1.6860601902008057,8651200,569,1081400
0.0009177902829833329,0.9780297130346298,1.7513296604156494,8652000,569,1081500
0.0003518241865094751,0.9872473431751132,1.621995449066162,8652800,569,1081600
0.00013045179366599768,0.9962333834264427,1.780540943145752,8653600,569,1081700
9.415830572834238e-05,0.9984840790275484,1.7791194915771484,8654400,569,1081800
0.0005045130383223295,0.9975044389721006,1.758143424987793,8655200,569,1081900
6.012000812916085e-05,0.9984997680876404,1.7708101272583008,8656000,569,1082000
0.00039301736978814006,0.988208363763988,1.369047999382019,8656800,569,1082100
0.00013314301031641662,0.991236905567348,1.5002822875976562,8657600,569,1082200
0.0005901664262637496,0.9974947075825185,1.7572791576385498,8658400,569,1082300
0.0009946143254637718,0.9953884184360504,1.7703301906585693,8659200,569,1082400
0.00022366810298990458,0.9977445141412318,1.764868974685669,8660000,569,1082500
9.008477354655042e-05,0.9973153811879456,1.7610474824905396,8660800,569,1082600
0.00022040921612642705,0.9913406940177083,1.722762107849121,8661600,569,1082700
0.0002770635182969272,0.9947959030978382,1.6650218963623047,8662400,569,1082800
1.581656761118211e-05,0.9993572929524817,1.6524771451950073,8663200,569,1082900
4.030225318274461e-05,0.9995177062228322,1.774336338043213,8664000,569,1083000
9.158982720691711e-05,0.9951899107545614,1.6856286525726318,8664800,569,1083100
0.00010441000631544739,0.998866916866973,1.7773422002792358,8665600,569,1083200
0.0025821703020483255,0.9953288519755006,1.1764154434204102,8666400,569,1083300
0.0004584276466630399,0.9959473623894155,1.727932095527649,8667200,569,1083400
2.7719390345737338e-05,0.9992677166010253,1.782395362854004,8668000,569,1083500
0.004022498149424791,0.9826783705502748,1.4849493503570557,8668800,569,1083600
0.0010111115407198668,0.9933033743873239,1.6637651920318604,8669600,569,1083700
0.0002770203573163599,0.99486841307953,1.7727421522140503,8670400,569,1083800
0.0006697553908452392,0.9775598719716072,1.2504370212554932,8671200,569,1083900
0.00011572580842766911,0.9979201881214976,1.7834632396697998,8672000,569,1084000
0.0006779810064472258,0.9909173659980297,1.342623233795166,8672800,569,1084100
0.00017486000433564186,0.9987167795188725,1.77894926071167,8673600,569,1084200
4.0004604670684785e-05,0.9992782369372435,1.7844737768173218,8674400,569,1084300
0.0001894025772344321,0.9985085560474545,1.282085657119751,8675200,569,1084400
0.00020075375505257398,0.9939028527587652,1.7147618532180786,8676000,569,1084500
0.0009443653980270028,0.995266929268837,1.7191834449768066,8676800,569,1084600
0.001005945960059762,0.8873874992132187,1.5217069387435913,8677600,569,1084700
0.0040948824025690556,0.9704020470380783,1.5116453170776367,8678400,569,1084800
0.0019033430144190788,0.9312510937452316,1.2571074962615967,8679200,569,1084900
0.0009582754573784769,0.9880367675796151,1.784767508506775,8680000,569,1085000
0.0005693152779713273,0.9974272339604795,1.7692363262176514,8680800,569,1085100
0.006984753534197807,-1.0177652835845947,1.7030766010284424,8681600,569,1085200
0.002922945423051715,0.9764923248440027,1.7631250619888306,8682400,569,1085300
0.0006581731140613556,0.9887562384828925,1.6197423934936523,8683200,569,1085400
9.449399658478796e-05,0.9951258664950728,1.7711399793624878,8684000,569,1085500
0.0002322153450222686,0.9966536890715361,1.669480562210083,8684800,569,1085600
0.0010928356787189841,0.9543685540556908,1.7404065132141113,8685600,569,1085700
0.00014897396613378078,0.9975906875915825,1.4198753833770752,8686400,569,1085800
4.376539800432511e-05,0.9994335627998225,1.7689807415008545,8687200,569,1085900
0.0002220045425929129,0.9962743485812098,1.7854198217391968,8688000,569,1086000
0.00018829989130608737,0.9950044569559395,1.511540412902832,8688800,569,1086100
8.728660031920299e-05,0.997528649168089,1.7691727876663208,8689600,569,1086200
0.0011348137632012367,0.9934710944071412,1.6195883750915527,8690400,569,1086300
0.0013406450161710382,0.9881255999207497,1.5806348323822021,8691200,569,1086400
0.00019296702521387488,0.9987281631911173,1.5031391382217407,8692000,569,1086500
0.0005830900627188385,0.9851311817765236,1.2946856021881104,8692800,569,1086600
0.0003513596602715552,0.9941801754757762,1.4281373023986816,8693600,569,1086700
0.0002232384867966175,0.9938683775253594,1.6861259937286377,8694400,569,1086800
0.0002646454086061567,0.9984475490637124,1.7795778512954712,8695200,569,1086900
0.00028036980074830353,0.9979090890847147,1.7839919328689575,8696000,569,1087000
0.001682813628576696,0.9821305572986603,1.6896083354949951,8696800,569,1087100
0.0001303930184803903,0.9963819379918277,1.7878245115280151,8697600,569,1087200
0.00023480673553422093,0.9972884180024266,1.7564095258712769,8698400,569,1087300
0.00012780370889231563,0.9951173989102244,1.7297323942184448,8699200,569,1087400
0.00014218679280020297,0.9964781934395432,1.4232583045959473,8700000,569,1087500
0.0005825278349220753,0.9704451244324446,1.6302886009216309,8700800,569,1087600
0.0008496818481944501,0.9567910097539425,1.7699604034423828,8701600,569,1087700
0.02357572875916958,0.8725507706403732,1.779807686805725,8702400,569,1087800
0.032914772629737854,0.6167113184928894,1.7809065580368042,8703200,569,1087900
0.00041691327351145446,0.9968231995590031,1.7735952138900757,8704000,569,1088000
0.0014707542723044753,0.9860671916976571,1.5274953842163086,8704800,569,1088100
8.985056047094986e-05,0.9991673849872313,1.727381944656372,8705600,569,1088200
0.00016653853526804596,0.9981368008302525,1.7849065065383911,8706400,569,1088300
4.511372389970347e-05,0.9941448220051825,1.4044392108917236,8707200,569,1088400
0.00029034566250629723,0.9967441603075713,1.787449836730957,8708000,569,1088500
8.504820289090276e-05,0.9980960538377985,1.330796480178833,8708800,569,1088600
0.00015183663344942033,0.9980190757196397,1.7707445621490479,8709600,569,1088700
0.0002553935337346047,0.9980186072643846,1.7778167724609375,8710400,569,1088800
7.990225276444107e-05,0.9988839003490284,1.7828280925750732,8711200,569,1088900
0.0001829047396313399,0.9986343132331967,1.7710561752319336,8712000,569,1089000
0.00024561304599046707,0.9981436403468251,1.6258896589279175,8712800,569,1089100
7.760593143757433e-05,0.9982790643116459,1.4986481666564941,8713600,569,1089200
0.013244947418570518,0.9095252230763435,1.7732890844345093,8714400,569,1089300
6.220133218448609e-05,0.9985513568390161,1.7834272384643555,8715200,569,1089400
5.95708770561032e-05,0.9982824753969908,1.5823872089385986,8716000,569,1089500
0.004704821854829788,0.920121505856514,1.757655143737793,8716800,569,1089600
0.00252521107904613,0.9836549069732428,1.7799890041351318,8717600,569,1089700
6.165553350001574e-05,0.9298138171434402,1.7712233066558838,8718400,569,1089800
8.223389886552468e-05,0.9989491113228723,1.7866473197937012,8719200,569,1089900
0.00045332565787248313,0.9961153340991586,1.469381332397461,8720000,569,1090000
0.00015749780868645757,0.995926124509424,1.6732161045074463,8720800,569,1090100
0.00011631198867689818,0.998115123831667,1.2443873882293701,8721600,569,1090200
4.2035055230371654e-05,0.9987957560224459,1.7693411111831665,8722400,569,1090300
5.9847370721399784e-05,0.9990867245360278,1.7838116884231567,8723200,569,1090400
0.00017441253294236958,0.9855574984103441,1.7784044742584229,8724000,569,1090500
0.0006064774352125823,0.9958889237605035,1.7815362215042114,8724800,569,1090600
0.00010930467396974564,0.9954390241764486,1.7027010917663574,8725600,569,1090700
0.0017703048652037978,0.9656602628529072,1.134653091430664,8726400,569,1090800
0.00013658666284754872,0.9945434690453112,1.6593286991119385,8727200,569,1090900
0.0002378600329393521,0.9984623002819717,1.5389626026153564,8728000,569,1091000
0.0016850384417921305,0.8613477498292923,1.7863034009933472,8728800,569,1091100
0.0001483965024817735,0.9974058521911502,1.5131161212921143,8729600,569,1091200
0.00016702423454262316,0.9914007363840938,1.5758353471755981,8730400,569,1091300
0.00015235578757710755,0.996501074405387,1.7758243083953857,8731200,569,1091400
0.0003943493065889925,0.9984168042428792,1.5954089164733887,8732000,569,1091500
0.0001605224097147584,0.9711020607501268,1.7828149795532227,8732800,569,1091600
0.00011675039422698319,0.9700034335255623,1.5150750875473022,8733600,569,1091700
0.00010596470383461565,0.9734812434762716,1.779947280883789,8734400,569,1091800
0.000155934743816033,0.9983048901194707,1.7564632892608643,8735200,569,1091900
7.613869092892855e-05,0.9972788724116981,1.7628331184387207,8736000,569,1092000
0.0001399072934873402,0.990648852661252,1.7610852718353271,8736800,569,1092100
9.76656301645562e-05,0.9962378402706236,1.4139370918273926,8737600,569,1092200
0.00045503114233724773,0.9956590295769274,1.5091848373413086,8738400,569,1092300
0.0006636076723225415,0.9948700470849872,1.526871681213379,8739200,569,1092400
7.887773972470313e-05,0.9981260533677414,1.7816964387893677,8740000,569,1092500
0.001142940716817975,0.9777635503560305,1.784797191619873,8740800,569,1092600
0.000320313818519935,0.997717626625672,1.6801857948303223,8741600,569,1092700
0.0001718613930279389,0.9921117341145873,1.680686116218567,8742400,569,1092800
0.0001486682886024937,0.9980650056386366,1.4195507764816284,8743200,569,1092900
7.591921166749671e-05,0.9992631115019321,1.788266658782959,8744000,569,1093000
0.004643454682081938,0.9032858908176422,1.777652621269226,8744800,569,1093100
0.00020292948465794325,0.9975280778016895,1.665058970451355,8745600,569,1093200
0.0017185329925268888,0.9811917897313833,1.759013056755066,8746400,569,1093300
0.00013911351561546326,0.9966573945712298,1.781577706336975,8747200,569,1093400
0.00030325420084409416,0.9969004790764302,1.6276514530181885,8748000,569,1093500
0.00048427615547552705,0.9689099062234163,1.7858442068099976,8748800,569,1093600
5.9675032389350235e-05,0.9991387609043159,1.4982447624206543,8749600,569,1093700
0.00012552819680422544,0.9866405827924609,1.532209873199463,8750400,569,1093800
5.027134466217831e-05,0.9993593463441357,1.7746833562850952,8751200,569,1093900
6.877083797007799e-05,0.9944844976998866,1.4887253046035767,8752000,569,1094000
0.0003964864299632609,0.9901787377893925,1.7825860977172852,8752800,569,1094100
0.00021474766253959388,0.9843337628990412,1.6696630716323853,8753600,569,1094200
0.000356651667971164,0.9674647599458694,1.762135624885559,8754400,569,1094300
0.0011773102451115847,0.9773878958076239,1.75091552734375,8755200,569,1094400
0.0002621564781293273,0.9921902599744499,1.4829081296920776,8756000,569,1094500
1.926334880408831e-05,0.9983984747668728,1.7803659439086914,8756800,569,1094600
0.00010183945414610207,0.9979095298331231,1.3674933910369873,8757600,569,1094700
9.677449997980148e-05,0.9980306732468307,1.6862902641296387,8758400,569,1094800
3.3842217817436904e-05,0.999187863082625,1.7656660079956055,8759200,569,1094900
0.0001009503030218184,0.9994159588823095,1.4772268533706665,8760000,569,1095000
0.00014307801029644907,0.9783296957612038,1.7818372249603271,8760800,569,1095100
0.0003549382381606847,0.9924525087699294,1.759844183921814,8761600,569,1095200
3.249609289923683e-05,0.9976587225683033,1.7486803531646729,8762400,569,1095300
0.0036992619279772043,0.9747141450643539,1.7565820217132568,8763200,569,1095400
1.1225423804717138e-05,0.999626769538736,1.5138901472091675,8764000,569,1095500
0.00042944165761582553,0.9783973339945078,1.7666536569595337,8764800,569,1095600
0.0001520885416539386,0.9962585200555623,1.5618423223495483,8765600,569,1095700
0.00016040063928812742,0.9959578472189605,1.5160483121871948,8766400,569,1095800
0.0001575354253873229,0.9974220166914165,1.73905611038208,8767200,569,1095900
0.000417201837990433,0.9800409898161888,1.7781751155853271,8768000,569,1096000
0.0005395189509727061,0.9969331282190979,1.4150843620300293,8768800,569,1096100
1.9989816792076454e-05,0.9995520712109283,1.7810423374176025,8769600,569,1096200
9.535959543427452e-05,0.9973309924826026,1.7802714109420776,8770400,569,1096300
0.0001317127316724509,0.9984207982197404,1.7801899909973145,8771200,569,1096400
2.2741152861271985e-05,0.9996837176731788,1.7808682918548584,8772000,569,1096500
7.252032810356468e-05,0.9973797374404967,1.6583936214447021,8772800,569,1096600
0.0002808431745506823,0.9990169834345579,1.4451196193695068,8773600,569,1096700
0.0002836267522070557,0.9952884656377137,1.78108811378479,8774400,569,1096800
0.0009415290551260114,0.9916806258261204,1.4313058853149414,8775200,569,1096900
3.708252916112542e-05,0.9325655177235603,1.7845361232757568,8776000,569,1097000
6.125845538917929e-05,0.6314018666744232,0.9560388326644897,8776800,569,1097100
1.197877099912148e-05,0.8637682497501373,1.7746007442474365,8777600,569,1097200
1.5268036804627627e-05,0.9782238285988569,1.7669597864151,8778400,569,1097300
7.310594082809985e-05,-0.14991307258605957,1.7776799201965332,8779200,569,1097400
0.0008808474522083998,0.9923430741764605,1.781334400177002,8780000,569,1097500
0.0008077812963165343,0.9934280277229846,1.7460720539093018,8780800,569,1097600
0.00011174881365150213,0.9990068867336959,1.7692012786865234,8781600,569,1097700
0.0005586675833910704,0.99394541233778,1.7480764389038086,8782400,569,1097800
0.00012607320968527347,0.9977710167877376,1.7734184265136719,8783200,569,1097900
1.9564697140594944e-05,0.9986053386237472,1.7882108688354492,8784000,569,1098000
7.983305840753019e-05,0.998104560887441,1.4815324544906616,8784800,569,1098100
0.00033562761382199824,0.9834183678030968,1.7354767322540283,8785600,569,1098200
0.000104229235148523,0.9996596586715896,1.441282033920288,8786400,569,1098300
0.0021165222860872746,0.987281272187829,1.4005261659622192,8787200,569,1098400
0.0002254099672427401,0.9942766251042485,1.5577967166900635,8788000,569,1098500
0.0005806293920613825,0.9941395213827491,1.6441609859466553,8788800,569,1098600
0.00013606864376924932,0.9952682270668447,1.7603676319122314,8789600,569,1098700
0.00044352305121719837,0.9932395746000111,1.731985330581665,8790400,569,1098800
6.765629950677976e-05,0.9974898346699774,1.767076015472412,8791200,569,1098900
0.00016335109830833972,0.9969231595750898,1.7827785015106201,8792000,569,1099000
0.0006679260986857116,0.9817738812416792,1.420790433883667,8792800,569,1099100
5.3589050367008895e-05,0.998669759137556,1.7737621068954468,8793600,569,1099200
0.0006326792063191533,0.992091660387814,1.3584957122802734,8794400,569,1099300
5.749642878072336e-05,0.9945168495178223,1.7869064807891846,8795200,569,1099400
0.03714430332183838,-0.06805908679962158,1.7268157005310059,8796000,569,1099500
0.00018173731223214418,0.9988977483008057,1.7846429347991943,8796800,569,1099600
0.00023117287491913885,0.9876775899901986,1.3244919776916504,8797600,569,1099700
5.1539398555178195e-05,0.9904013937339187,1.787837028503418,8798400,569,1099800
5.986791438772343e-05,0.9989235015818849,1.7571097612380981,8799200,569,1099900
2.5066177840926684e-05,0.9977438354399055,1.7703330516815186,8800000,569,1100000
5.6219269026769325e-05,0.9985641684615985,1.5113962888717651,8800800,569,1100100
0.0008915733778849244,0.9844783330336213,1.4116082191467285,8801600,569,1100200
0.0003337461093906313,0.995037171524018,1.7547308206558228,8802400,569,1100300
0.000632994924671948,0.9949732064269483,1.5938642024993896,8803200,569,1100400
7.842745981179178e-05,0.9975503352470696,1.6802656650543213,8804000,569,1100500
6.501047755591571e-05,0.9984986203489825,1.7681121826171875,8804800,569,1100600
8.269536192528903e-05,0.9972580587491393,1.5482511520385742,8805600,569,1100700
0.0011011532042175531,0.9852943625301123,1.5097392797470093,8806400,569,1100800
2.823762952175457e-05,0.9992154649808072,1.7730705738067627,8807200,569,1100900
3.729285526787862e-05,0.9995781892794184,1.7832911014556885,8808000,569,1101000
0.000716513255611062,0.9987212781561539,1.7010014057159424,8808800,569,1101100
0.033618830144405365,0.6562770903110504,1.7478885650634766,8809600,569,1101200
4.382821498438716e-05,0.993942457716912,1.781455397605896,8810400,569,1101300
9.665969264460728e-05,0.9983206877950579,1.298473834991455,8811200,569,1101400
6.306455179583281e-05,0.9947450836189091,1.5773041248321533,8812000,569,1101500
0.00012607623648364097,0.9980058777146041,1.7678463459014893,8812800,569,1101600
3.399016713956371e-05,0.9994551313575357,1.7797255516052246,8813600,569,1101700
0.00023629405768588185,0.9955709939822555,1.4875998497009277,8814400,569,1101800
0.00019244279246777296,0.9985144269885495,1.737898349761963,8815200,569,1101900
0.0011484782444313169,0.9933815374970436,1.7602657079696655,8816000,569,1102000
0.00015585248183924705,0.9981016139499843,1.7843509912490845,8816800,569,1102100
4.2593430407578126e-05,0.9990094205131754,1.7775439023971558,8817600,569,1102200
4.028697730973363e-05,0.9947987678460777,1.7842955589294434,8818400,569,1102300
0.00041986547876149416,0.995749220252037,1.4209121465682983,8819200,569,1102400
6.922966713318601e-05,0.996455957647413,1.463092565536499,8820000,569,1102500
0.0005476376973092556,0.9907847559079528,1.7809970378875732,8820800,569,1102600
0.005300742108374834,0.9661356545984745,1.7547993659973145,8821600,569,1102700
4.704228194896132e-05,0.9966528143268079,1.782344102859497,8822400,569,1102800
0.0005507147870957851,0.9954924411140382,1.4098482131958008,8823200,569,1102900
8.226092904806137e-05,0.9989758594892919,1.6811087131500244,8824000,569,1103000
0.0010791458189487457,0.9860282270237803,1.547623872756958,8824800,569,1103100
6.652119918726385e-05,0.9991714422940277,1.776287317276001,8825600,569,1103200
0.012359539046883583,0.7233166694641113,1.5003724098205566,8826400,569,1103300
0.00043493020348250866,0.997847382677719,1.7753958702087402,8827200,569,1103400
0.0004360386519692838,0.9968093836214393,1.5131049156188965,8828000,569,1103500
0.0007431032718159258,0.9336211904883385,1.7807353734970093,8828800,569,1103600
0.0012000070419162512,0.9899394353851676,1.480086088180542,8829600,569,1103700
0.0002518281398806721,0.9963743106927723,1.5656447410583496,8830400,569,1103800
6.26471228315495e-05,0.9985588992713019,1.7778918743133545,8831200,569,1103900
0.019862672314047813,0.9282926693558693,1.3977811336517334,8832000,569,1104000
0.0015820416156202555,0.9248152077198029,1.7646095752716064,8832800,569,1104100
0.0020541329868137836,0.9813777636736631,1.3533954620361328,8833600,569,1104200
5.339574272511527e-05,0.9980736305005848,1.5048153400421143,8834400,569,1104300
6.991808913880959e-05,0.9987265365198255,1.783581256866455,8835200,569,1104400
0.0006250602309592068,0.991978912614286,1.6192805767059326,8836000,569,1104500
0.00037203641841188073,0.9903228292241693,1.4333750009536743,8836800,569,1104600
0.00032469985308125615,0.9883815050125122,1.7864927053451538,8837600,569,1104700
0.0005037355003878474,0.9884180659428239,1.787093162536621,8838400,569,1104800
0.0032995156943798065,0.9791062381118536,1.3833775520324707,8839200,569,1104900
5.7143282901961356e-05,0.9836238361895084,1.786273717880249,8840000,569,1105000
0.0001763548207236454,0.9967149293515831,1.7789628505706787,8840800,569,1105100
0.0003418430860619992,0.9869065200909972,1.7155001163482666,8841600,569,1105200
0.00012347374286036938,0.9968695729039609,1.4750525951385498,8842400,569,1105300
3.619672133936547e-05,0.9989975843345746,1.7732417583465576,8843200,569,1105400
0.0005233531119301915,0.9897789750248194,1.2411149740219116,8844000,569,1105500
0.0033221798948943615,0.894617959856987,1.4848605394363403,8844800,569,1105600
0.00018265681865159422,0.998377404990606,1.7844805717468262,8845600,569,1105700
7.521153020206839e-05,0.9953111782670021,1.6571576595306396,8846400,569,1105800
0.00027533655520528555,0.9965954360086471,1.7846887111663818,8847200,569,1105900
3.591494169086218e-05,0.9975317951757461,1.4407856464385986,8848000,569,1106000
5.847793727298267e-05,0.9984725390095264,1.777958631515503,8848800,569,1106100
5.249480454949662e-05,0.9973327063489705,1.1445468664169312,8849600,569,1106200
0.0002577199775259942,0.9982671020552516,1.7763019800186157,8850400,569,1106300
0.00012859264097642154,0.9986122401896864,1.7880852222442627,8851200,569,1106400
0.00019942600920330733,0.9929637722671032,1.7278199195861816,8852000,569,1106500
0.0022893925197422504,0.9623790234327316,1.563258409500122,8852800,569,1106600
0.00015115877613425255,0.998329246067442,1.782412052154541,8853600,569,1106700
0.00031992202275432646,0.9946270566433668,1.7335302829742432,8854400,569,1106800
0.00014267829828895628,0.995941944885999,1.5661876201629639,8855200,569,1106900
0.000122592638945207,0.994700915645808,1.2946785688400269,8856000,569,1107000
0.00039356230990961194,0.9969610574189574,1.5456774234771729,8856800,569,1107100
0.0004967224667780101,0.9876101706176996,1.4277842044830322,8857600,569,1107200
6.967838271521032e-05,0.9994313078932464,1.7813388109207153,8858400,569,1107300
0.0005607774364762008,0.9940520180389285,1.7798022031784058,8859200,569,1107400
0.00012109364615753293,0.9992415229207836,1.77778160572052,8860000,569,1107500
0.0003495211130939424,0.9879472916945815,1.6787035465240479,8860800,569,1107600
0.0003246419073548168,0.9970432305708528,1.7838802337646484,8861600,569,1107700
3.389511402929202e-05,0.9508933462202549,1.7565369606018066,8862400,569,1107800
0.00033893287763930857,0.9937622318975627,1.6569294929504395,8863200,569,1107900
0.00014806528633926064,0.996790898963809,1.296501874923706,8864000,569,1108000
6.061057865736075e-05,0.9983862185617909,1.7015202045440674,8864800,569,1108100
0.0003630795399658382,0.987738000229001,1.728857159614563,8865600,569,1108200
0.0008125923341140151,0.9870229540392756,1.7814414501190186,8866400,569,1108300
0.005781542044132948,0.9498416557908058,1.7709462642669678,8867200,569,1108400
3.788899994106032e-05,0.9993711159913801,1.7851028442382812,8868000,569,1108500
0.0010867819655686617,0.9929071543738246,1.569976806640625,8868800,569,1108600
0.00012616414460353553,0.9963788620661944,1.5432907342910767,8869600,569,1108700
2.9676954000024125e-05,0.9993038151296787,1.751741647720337,8870400,569,1108800
5.9237267123535275e-05,0.9991167718544602,1.7841483354568481,8871200,569,1108900
0.00022052018903195858,0.998491054866463,1.4226776361465454,8872000,569,1109000
6.383188883773983e-05,0.9995767679065466,1.77171790599823,8872800,569,1109100
0.00010294841194991022,0.9938440462574363,1.7618638277053833,8873600,569,1109200
0.00011857532081194222,0.9986128521850333,1.785990834236145,8874400,569,1109300
2.497863897588104e-05,0.9970274402294308,1.286318302154541,8875200,569,1109400
9.567131201038137e-05,0.9742311257869005,1.783543586730957,8876000,569,1109500
6.87510910211131e-05,0.9915046272799373,1.673616886138916,8876800,569,1109600
0.0013203829294070601,0.9902835786342621,1.7719823122024536,8877600,569,1109700
0.00043187369010411203,0.8262689411640167,1.4978361129760742,8878400,569,1109800
0.0002376681804889813,0.9964291336946189,1.7470338344573975,8879200,569,1109900
0.0004694941162597388,0.9978775605559349,1.7819194793701172,8880000,569,1110000
0.022932490333914757,0.475935697555542,1.7844291925430298,8880800,569,1110100
0.0002610391820780933,0.989492105320096,1.4985250234603882,8881600,569,1110200
0.00010207721788901836,0.9990895306109451,1.5882097482681274,8882400,569,1110300
0.000114213049528189,0.9958930998109281,1.496586561203003,8883200,569,1110400
0.00010533721069805324,0.9980390458367765,1.7836138010025024,8884000,569,1110500
0.0004730238870251924,0.9859041590243578,1.4384318590164185,8884800,569,1110600
0.0001154532001237385,0.9984230460831895,1.7861377000808716,8885600,569,1110700
3.6405268474482e-05,0.9992468181299046,1.5605164766311646,8886400,569,1110800
0.01665797457098961,0.8782919570803642,1.6577688455581665,8887200,569,1110900
0.0007099410868249834,0.8288852721452713,1.779184341430664,8888000,569,1111000
0.0001613620697753504,0.9738836921751499,1.264635682106018,8888800,569,1111100
5.6636083172634244e-05,0.9808255136013031,1.786224603652954,8889600,569,1111200
0.0003353966458234936,0.9964702525176108,1.7715427875518799,8890400,569,1111300
9.461077570449561e-05,0.9871900705620646,1.7555431127548218,8891200,569,1111400
4.292213270673528e-05,0.9996599942678586,1.7859305143356323,8892000,569,1111500
0.0016367509961128235,0.9904948864132166,1.1873102188110352,8892800,569,1111600
0.00016378921282012016,0.9978458536788821,1.7878706455230713,8893600,569,1111700
0.001205713371746242,0.9956387025304139,1.6618297100067139,8894400,569,1111800
0.006708258762955666,0.9736068099737167,1.2954738140106201,8895200,569,1111900
8.268949022749439e-05,0.9977745267096907,1.7683895826339722,8896000,569,1112000
3.596730311983265e-05,0.9993661324842833,1.7746400833129883,8896800,569,1112100
0.00016703260189387947,0.9972070869989693,1.5055899620056152,8897600,569,1112200
0.00014381769869942218,0.9694666936993599,1.7796590328216553,8898400,569,1112300
0.0003440873115323484,0.9804510604590178,1.5026607513427734,8899200,569,1112400
4.910845746053383e-05,0.9952117092907429,1.7895258665084839,8900000,569,1112500
3.7264842831064016e-05,0.9994540983461775,1.428605318069458,8900800,569,1112600
0.0004416023148223758,0.9977151427883655,1.4824926853179932,8901600,569,1112700
0.0001776674180291593,0.995571069419384,1.7849586009979248,8902400,569,1112800
9.209789277520031e-05,0.9978625122457743,1.7778888940811157,8903200,569,1112900
0.0014672275865450501,0.9891938148066401,1.7538609504699707,8904000,569,1113000
0.00015618526958860457,0.9980637609260157,1.7830991744995117,8904800,569,1113100
8.595772669650614e-05,0.9847647920250893,1.4692399501800537,8905600,569,1113200
0.0001318594004260376,0.998534158221446,1.784419059753418,8906400,569,1113300
7.724532770225778e-05,0.9988972553983331,1.3196794986724854,8907200,569,1113400
9.644668898545206e-05,0.99498639581725,1.784104585647583,8908000,569,1113500
0.004738684743642807,0.9547165371477604,1.472913384437561,8908800,569,1113600
0.00011735285079339519,0.997961510438472,1.7636988162994385,8909600,569,1113700
0.00021444310550577939,0.9948318595997989,1.6073256731033325,8910400,569,1113800
6.82612371747382e-05,0.9946043412201107,1.781090259552002,8911200,569,1113900
2.639004378579557e-05,0.9978135863784701,1.7560431957244873,8912000,569,1114000
0.0008798748021945357,0.9928707764483988,1.7856974601745605,8912800,569,1114100
4.45107689301949e-05,0.9989058580249548,1.7486735582351685,8913600,569,1114200
0.00015550338139291853,0.9867177456617355,1.774999976158142,8914400,569,1114300
0.0010545444674789906,0.9961881618946791,1.3787615299224854,8915200,569,1114400
0.00013792292156722397,0.9989466071128845,1.7868330478668213,8916000,569,1114500
0.00017501383263152093,0.9979038615711033,1.7756540775299072,8916800,569,1114600
0.0001909222046379,0.9871330223977566,1.4128841161727905,8917600,569,1114700
5.022523691877723e-05,0.999595885979943,1.7717610597610474,8918400,569,1114800
0.0020713754929602146,0.9888621559366584,1.462372899055481,8919200,569,1114900
6.70939771225676e-05,0.9989193616202101,1.7869606018066406,8920000,569,1115000
0.0001045569806592539,0.9938494577072561,1.3890273571014404,8920800,569,1115100
5.4767497204011306e-05,0.9981818839441985,1.787700891494751,8921600,569,1115200
0.0005308645195327699,0.997201575897634,1.7432425022125244,8922400,569,1115300
0.0003432378580328077,0.9871841659769416,1.501902461051941,8923200,569,1115400
7.044017547741532e-05,0.9982769057387486,1.0654127597808838,8924000,569,1115500
0.00012027451884932816,0.9961258848197758,1.6764620542526245,8924800,569,1115600
0.00013388789375312626,0.9972541350871325,1.7872722148895264,8925600,569,1115700
5.0779239245457575e-05,0.9986405306262895,1.5617564916610718,8926400,569,1115800
2.608696922834497e-05,0.9984127809293568,1.787241816520691,8927200,569,1115900
3.565510269254446e-05,0.999571796215605,1.782650113105774,8928000,569,1116000
0.0002126879116985947,0.994651562999934,1.6444311141967773,8928800,569,1116100
0.00048274462460540235,0.9951773886568844,1.7775990962982178,8929600,569,1116200
0.0008547693723812699,0.9952953234314919,1.5861403942108154,8930400,569,1116300
6.441507139243186e-05,0.9853521669283509,1.7874526977539062,8931200,569,1116400
0.0003203730739187449,0.9957777736708522,1.7736263275146484,8932000,569,1116500
0.000679616117849946,0.9952819338068366,1.3459757566452026,8932800,569,1116600
0.0003027472412213683,0.7484490871429443,1.788470983505249,8933600,569,1116700
0.00015841869753785431,0.9783747121691704,1.1705838441848755,8934400,569,1116800
1.87340410775505e-05,0.9940395434387028,1.7886048555374146,8935200,569,1116900
0.004262136295437813,0.9616835378110409,1.4738714694976807,8936000,569,1117000
7.538768113590777e-05,0.9949777750298381,1.3811607360839844,8936800,569,1117100
0.000142248987685889,0.9971951190382242,1.784763216972351,8937600,569,1117200
9.166770905721933e-05,0.9940902525559068,1.6401060819625854,8938400,569,1117300
0.0018492044182494283,0.9544169567525387,1.7847089767456055,8939200,569,1117400
0.00012171945127192885,0.9965065480209887,1.6779201030731201,8940000,569,1117500
0.03347735106945038,0.8727001547813416,1.5672484636306763,8940800,569,1117600
0.0005101864226162434,0.9987033603247255,1.7741276025772095,8941600,569,1117700
0.006458515301346779,0.9532296247780323,1.2319612503051758,8942400,569,1117800
0.005226427223533392,0.9275575056672096,1.7760883569717407,8943200,569,1117900
0.0008186550112441182,0.9957969994284213,1.6800134181976318,8944000,569,1118000
1.879859519249294e-05,0.99989187502797,1.7130022048950195,8944800,569,1118100
0.0008274671854451299,0.9964562167879194,1.6988191604614258,8945600,569,1118200
7.992009341251105e-05,0.9976322632282972,1.7840113639831543,8946400,569,1118300
0.00027433494688011706,0.9992549509042874,1.6580030918121338,8947200,569,1118400
0.00027042714646086097,0.9966117907315493,1.7800710201263428,8948000,569,1118500
0.0012779181124642491,0.9428062960505486,1.4714722633361816,8948800,569,1118600
9.791002230485901e-05,0.9882355583831668,1.7836592197418213,8949600,569,1118700
0.0007807935471646488,0.996447560377419,1.7757104635238647,8950400,569,1118800
9.453092934563756e-05,0.998644748236984,1.7837257385253906,8951200,569,1118900
0.00010307939373888075,0.9993378649232909,1.454857587814331,8952000,569,1119000
5.646771387546323e-05,0.9978362456895411,1.681251049041748,8952800,569,1119100
2.5785735488170758e-05,0.9996670035179704,1.686979055404663,8953600,569,1119200
0.00010018936882261187,0.9997549897234421,1.6826735734939575,8954400,569,1119300
0.00010656141967047006,0.9966288236901164,1.7762112617492676,8955200,569,1119400
0.0001263297162950039,0.9991235753986984,1.4027354717254639,8956000,569,1119500
0.00012273347238078713,0.9996432062762324,1.7620171308517456,8956800,569,1119600
0.0002837344363797456,0.9912857329472899,1.1937227249145508,8957600,569,1119700
2.4756274797255173e-05,0.9973732577636838,1.6747751235961914,8958400,569,1119800
0.00016505521489307284,0.9940217896364629,1.7506027221679688,8959200,569,1119900
0.00010446777014294639,0.9926104731857777,1.7830686569213867,8960000,569,1120000
5.2820858400082216e-05,0.9996659034804907,1.6824514865875244,8960800,569,1120100
8.990472997538745e-05,0.9983407801482826,1.751381516456604,8961600,569,1120200
0.00016694697842467576,0.9960341490805149,1.7759814262390137,8962400,569,1120300
1.6337537090294063e-05,0.9997549967665691,1.5616071224212646,8963200,569,1120400
0.00010246220335830003,0.9995100192027166,1.7423627376556396,8964000,569,1120500
8.936216909205541e-05,0.998126225778833,1.780711054801941,8964800,569,1120600
7.619259122293442e-05,0.999274697212968,1.5087846517562866,8965600,569,1120700
0.0001672858779784292,0.9983558997046202,1.5912140607833862,8966400,569,1120800
0.00040596534381620586,0.9923376869410276,1.6459670066833496,8967200,569,1120900
2.6040612283395603e-05,0.9998188380268402,1.7672548294067383,8968000,569,1121000
0.00021070498041808605,0.9947356237098575,1.7853931188583374,8968800,569,1121100
0.00019049810362048447,0.9985267394222319,1.780034065246582,8969600,569,1121200
0.00061460753204301,0.9898127252236009,1.7266309261322021,8970400,569,1121300
0.00027992503601126373,0.9973429557867348,1.4422253370285034,8971200,569,1121400
0.00014423356333281845,0.9970308877527714,1.508885145187378,8972000,569,1121500
8.32813821034506e-05,0.9981345065170899,1.7753095626831055,8972800,569,1121600
0.000199243426322937,0.9988899598829448,1.7663992643356323,8973600,569,1121700
0.004750567954033613,0.8672838062047958,1.464019775390625,8974400,569,1121800
0.00028968442347832024,0.9963901769369841,1.76167631149292,8975200,569,1121900
0.00022952904691919684,0.9981105625629425,1.5784471035003662,8976000,569,1122000
0.0009606487583369017,0.9864564193412662,1.4722402095794678,8976800,569,1122100
8.682206680532545e-05,0.9956345395185053,1.6753790378570557,8977600,569,1122200
0.000359332567313686,0.9972413489595056,1.7493767738342285,8978400,569,1122300
8.568000339437276e-05,0.9960770267061889,1.7123245000839233,8979200,569,1122400
8.639927546028048e-05,0.9993663415079936,1.50557279586792,8980000,569,1122500
0.00030620204051956534,0.9865859430283308,1.4257245063781738,8980800,569,1122600
7.962511153891683e-05,0.9986573898931965,1.7639455795288086,8981600,569,1122700
4.2697582102846354e-05,0.9992944787372835,1.5870527029037476,8982400,569,1122800
8.076238736975938e-05,0.9920259732753038,1.7859201431274414,8983200,569,1122900
9.12562245503068e-05,0.9994266073335893,1.7691233158111572,8984000,569,1123000
0.00015321544196922332,0.9974500222597271,1.584492802619934,8984800,569,1123100
0.006863249000161886,0.8623243123292923,1.7795171737670898,8985600,569,1123200
0.00016822370525915176,0.9971475389320403,1.7266045808792114,8986400,569,1123300
0.00010586908319965005,0.9990795886842534,1.425682544708252,8987200,569,1123400
0.00017346805543638766,0.9982874967390671,1.7862755060195923,8988000,569,1123500
0.00992257334291935,0.9414081200957298,1.4397133588790894,8988800,569,1123600
2.990239590872079e-05,0.9946399466134608,1.7873072624206543,8989600,569,1123700
6.588912947336212e-05,0.9983024558750913,1.7006196975708008,8990400,569,1123800
0.0008003099355846643,0.9930447926744819,1.2362346649169922,8991200,569,1123900
9.986301301978528e-05,0.9993108558701351,1.779113531112671,8992000,569,1124000
0.004770597908645868,0.8437685668468475,1.5655452013015747,8992800,569,1124100
0.00020841689547523856,0.9918180918321013,1.779508352279663,8993600,569,1124200
6.995469448156655e-05,0.9983130919281393,1.450379490852356,8994400,569,1124300
0.00010130116424988955,0.9958001160994172,1.7780370712280273,8995200,569,1124400
0.0001087784839910455,0.9978787789586931,1.7754485607147217,8996000,569,1124500
7.894489681348205e-05,0.9974532646592706,1.4535694122314453,8996800,569,1124600
3.392545841052197e-05,0.9998248523770599,1.7827744483947754,8997600,569,1124700
7.739209831925109e-05,0.997733918717131,1.7577853202819824,8998400,569,1124800
0.0006309431628324091,0.9945806348696351,1.769628882408142,8999200,569,1124900
0.00012733190669678152,0.9992208399344236,1.7793729305267334,9000000,569,1125000
0.0004453267902135849,0.9921586466953158,1.4730077981948853,9000800,569,1125100
5.795559263788164e-05,0.9797428827732801,1.784259557723999,9001600,569,1125200
3.1331168429460377e-05,0.9972590659745038,1.7445201873779297,9002400,569,1125300
4.283645102987066e-05,0.9893065197393298,1.7841919660568237,9003200,569,1125400
0.00011491282202769071,0.9986243111779913,1.5085182189941406,9004000,569,1125500
0.0005880830576643348,0.9929998572915792,1.7646487951278687,9004800,569,1125600
0.0010279858252033591,0.9931549234315753,1.4527759552001953,9005600,569,1125700
0.0002775514149107039,0.9896475486457348,1.5853872299194336,9006400,569,1125800
6.62426245980896e-05,0.999448195041623,1.5028514862060547,9007200,569,1125900
9.308078733738512e-05,0.9982535316376016,1.7313801050186157,9008000,569,1126000
0.018425550311803818,-0.5972568988800049,1.6870310306549072,9008800,569,1126100
0.0005140412249602377,0.9951867084018886,1.5660099983215332,9009600,569,1126200
0.0005486056907102466,0.9811228346079588,1.1715342998504639,9010400,569,1126300
9.027091437019408e-05,0.9984118388965726,1.7879576683044434,9011200,569,1126400
5.864569538971409e-05,0.9966787190642208,1.655468225479126,9012000,569,1126500
9.023663005791605e-05,0.9985057257581502,1.7878406047821045,9012800,569,1126600
0.0002000437816604972,0.9939216412603855,1.7812526226043701,9013600,569,1126700
0.00037000776501372457,0.9933822238817811,1.6424708366394043,9014400,569,1126800
0.00039206151268444955,0.9965874131303281,1.6525105237960815,9015200,569,1126900
9.421831055078655e-05,0.99802614771761,1.5147101879119873,9016000,569,1127000
2.0646592020057142e-05,0.9985209440346807,1.2661163806915283,9016800,569,1127100
6.393674993887544e-05,0.9985196761554107,1.7888355255126953,9017600,569,1127200
0.00014081639528740197,0.995069466996938,1.1576288938522339,9018400,569,1127300
0.0007224265718832612,0.9953528167679906,1.764451503753662,9019200,569,1127400
0.00015115180576685816,0.9983799771871418,1.7711100578308105,9020000,569,1127500
0.0005161764565855265,0.9984886777820066,1.6931724548339844,9020800,569,1127600
4.4350585085339844e-05,0.9995503133104648,1.5613234043121338,9021600,569,1127700
0.00010971695883199573,0.9989840872585773,1.7835767269134521,9022400,569,1127800
4.9125810619443655e-05,0.9985726797021925,1.776107668876648,9023200,569,1127900
0.00048261944903060794,0.9958435278385878,1.713435411453247,9024000,569,1128000
0.00023539132962469012,0.9975385153666139,1.5135383605957031,9024800,569,1128100
9.313112241216004e-05,0.996710458304733,1.4379271268844604,9025600,569,1128200
0.00012147220695624128,0.9972100697923452,1.7657071352005005,9026400,569,1128300
0.0005137362750247121,0.9878685101866722,1.6555068492889404,9027200,569,1128400
0.00010984927939716727,0.9994045360945165,1.7746827602386475,9028000,569,1128500
0.0002560146967880428,0.9968483606353402,1.780914068222046,9028800,569,1128600
0.000132036380819045,0.9987839991226792,1.7357615232467651,9029600,569,1128700
0.00016080781642813236,0.9969232662115246,1.4968864917755127,9030400,569,1128800
0.0001164857967523858,0.9977206385228783,1.4306740760803223,9031200,569,1128900
0.00011545803135959432,0.9982975224265829,1.7857179641723633,9032000,569,1129000
0.00023962766863405704,0.9923851862549782,1.5044759511947632,9032800,569,1129100
4.4325726776150987e-05,0.9958510175347328,1.7756370306015015,9033600,569,1129200
0.0006393337971530855,0.9521973617374897,1.5474332571029663,9034400,569,1129300
0.00010031527926912531,0.9992351816617884,1.7784295082092285,9035200,569,1129400
0.0002986881590913981,0.9858683068305254,1.5925887823104858,9036000,569,1129500
0.0003654527245089412,0.9863766757771373,1.7510583400726318,9036800,569,1129600
0.0003436187980696559,0.9867452215403318,1.4934351444244385,9037600,569,1129700
9.270342707168311e-05,0.9984169185627252,1.4281573295593262,9038400,569,1129800
5.7567940530134365e-05,0.9986977640073746,1.7748392820358276,9039200,569,1129900
2.8268641472095624e-05,0.9993039683322422,1.4960614442825317,9040000,569,1130000
0.0031041617039591074,0.9410557448863983,1.5900051593780518,9040800,569,1130100
1.6512309230165556e-05,0.999853696936043,1.7764716148376465,9041600,569,1130200
0.003543285420164466,0.9855811018496752,1.7498997449874878,9042400,569,1130300
2.781923467409797e-05,0.999407451658044,1.734400987625122,9043200,569,1130400
0.00010832216503331438,0.9980727002257481,1.5921781063079834,9044000,569,1130500
0.00013052092981524765,0.9981100843288004,1.7808971405029297,9044800,569,1130600
0.00012632661673706025,0.9972663342487067,1.5817917585372925,9045600,569,1130700
0.0007185962749645114,0.9928804030641913,1.7158256769180298,9046400,569,1130800
0.00032116123475134373,0.99462088663131,1.7492339611053467,9047200,569,1130900
0.0002646248904056847,0.9974514928180724,1.7591564655303955,9048000,569,1131000
0.0010362970642745495,0.9943615905940533,1.660036563873291,9048800,569,1131100
0.00013722134463023394,0.9927730541676283,1.781846046447754,9049600,569,1131200
0.00043044949416071177,0.9290943965315819,1.7795840501785278,9050400,569,1131300
6.542087066918612e-05,0.9982582479715347,1.6704344749450684,9051200,569,1131400
1.9455255824141204e-05,0.9966622919309884,1.7794090509414673,9052000,569,1131500
0.0005768965347670019,0.9918724130839109,1.484421968460083,9052800,569,1131600
0.00014188128989189863,0.9877034099772573,1.6834325790405273,9053600,569,1131700
7.121737871784717e-05,0.9986442697700113,1.7838332653045654,9054400,569,1131800
0.0001367997465422377,0.997962485300377,1.7282304763793945,9055200,569,1131900
0.0001494883035775274,0.9964522842783481,1.7788708209991455,9056000,569,1132000
0.00030431931372731924,0.9375717416405678,1.720538854598999,9056800,569,1132100
8.578946290072054e-05,0.9987701983191073,1.767743706703186,9057600,569,1132200
9.674843749962747e-05,0.9986965127754956,1.7797044515609741,9058400,569,1132300
0.00011276388249825686,0.9810148645192385,1.7493786811828613,9059200,569,1132400
7.704446761636063e-05,0.9986367672681808,1.780961036682129,9060000,569,1132500
0.00023704431077931076,0.9985939301550388,1.3559882640838623,9060800,569,1132600
0.00022423651535063982,0.9793524146080017,1.6299798488616943,9061600,569,1132700
0.0036969794891774654,0.9194057956337929,1.7380186319351196,9062400,569,1132800
0.00836582574993372,0.8700363039970398,1.545427918434143,9063200,569,1132900
0.00017772472347132862,0.9955241698771715,1.7861392498016357,9064000,569,1133000
0.00018455099780112505,0.9984868932515383,1.749050259590149,9064800,569,1133100
0.00167049968149513,0.964994739741087,1.3963093757629395,9065600,569,1133200
0.00015400393749587238,0.9911993891000748,1.4879224300384521,9066400,569,1133300
0.00024497779668308794,0.9966520136222243,1.7735161781311035,9067200,569,1133400
0.00018039607675746083,0.9908250672742724,1.4725642204284668,9068000,569,1133500
0.0001120673623518087,0.9979167829733342,1.6876270771026611,9068800,569,1133600
0.0005132010555826128,0.9942310540936887,1.7267234325408936,9069600,569,1133700
8.256723958766088e-05,0.9972299346700311,1.765594244003296,9070400,569,1133800
0.01484672911465168,0.843642994761467,1.4344682693481445,9071200,569,1133900
7.367909711319953e-05,0.9974836793262511,1.7637567520141602,9072000,569,1134000
0.00012661430810112506,0.9975139372982085,1.6777600049972534,9072800,569,1134100
0.0001734878751449287,0.9944401634857059,1.1508393287658691,9073600,569,1134200
2.4333257897524163e-05,0.9995972694887314,1.7783451080322266,9074400,569,1134300
0.00011712398554664105,0.9990979596041143,1.7847256660461426,9075200,569,1134400
5.086446617497131e-05,0.9992811173433438,1.787351369857788,9076000,569,1134500
0.000635951932054013,0.9879186619073153,1.5700454711914062,9076800,569,1134600
4.130988963879645e-05,0.9995172839844599,1.7803828716278076,9077600,569,1134700
0.0002517897228244692,0.9953522807918489,1.1656367778778076,9078400,569,1134800
0.005247265566140413,0.7126238644123077,1.6140296459197998,9079200,569,1134900
4.569561133394018e-05,0.9990896146628074,1.785634994506836,9080000,569,1135000
2.4366894649574533e-05,0.9991690535680391,1.516780972480774,9080800,569,1135100
7.093347085174173e-05,0.9988757763057947,1.5970666408538818,9081600,569,1135200
4.940686994814314e-05,0.9994333907961845,1.779603362083435,9082400,569,1135300
0.00015797892410773784,0.9968707787338644,1.5051982402801514,9083200,569,1135400
0.00019905148656107485,0.9973675722721964,1.5672399997711182,9084000,569,1135500
0.00018928952340502292,0.9987871757475659,1.5833098888397217,9084800,569,1135600
0.00013774109538644552,0.9976522088982165,1.686490774154663,9085600,569,1135700
4.618663660949096e-05,0.9994667883729562,1.78781259059906,9086400,569,1135800
9.501267049927264e-05,0.9964086497202516,1.7696294784545898,9087200,569,1135900
4.9167079851031303e-05,0.999240480537992,1.7893595695495605,9088000,569,1136000
0.00033264045487158,0.9910173714160919,1.3206555843353271,9088800,569,1136100
6.634813325945288e-05,0.9954149322584271,1.7898366451263428,9089600,569,1136200
4.712982990895398e-05,0.9989739891607314,1.7125608921051025,9090400,569,1136300
0.0002751628926489502,0.9977026982232928,1.4901610612869263,9091200,569,1136400
0.0023718662559986115,0.9816054869443178,1.7828807830810547,9092000,569,1136500
9.422836592420936e-05,0.9997039980371483,1.7377840280532837,9092800,569,1136600
0.00022594915935769677,0.9909079615026712,1.3526606559753418,9093600,569,1136700
7.47039302950725e-05,0.9778466280549765,1.787000298500061,9094400,569,1136800
0.00015886012988630682,0.995979749597609,1.7730636596679688,9095200,569,1136900
0.00011869372974615544,0.9771741032600403,1.782920002937317,9096000,569,1137000
0.0006905370973981917,0.9941213806159794,1.5138866901397705,9096800,569,1137100
6.733361806254834e-05,0.9954819804988801,1.73270583152771,9097600,569,1137200
0.0002792846935335547,0.9958490463905036,1.5605804920196533,9098400,569,1137300
0.0002307379327248782,0.9962436582427472,1.5554380416870117,9099200,569,1137400
0.0005649558734148741,0.9904675418511033,1.3606295585632324,9100000,569,1137500
3.7274214264471084e-05,0.9984461253043264,1.677610158920288,9100800,569,1137600
6.469047366408631e-05,0.9991903931368142,1.7770376205444336,9101600,569,1137700
5.307096216711216e-05,0.9982693117344752,1.509106993675232,9102400,569,1137800
0.003863343968987465,0.7295887768268585,1.7867541313171387,9103200,569,1137900
3.4569504350656644e-05,0.9966451171785593,1.5594078302383423,9104000,569,1138000
8.125952444970608e-05,0.9900065008550882,1.7820215225219727,9104800,569,1138100
0.005213979631662369,0.9667738117277622,1.4302479028701782,9105600,569,1138200
6.214006862137467e-05,0.9996321354119573,1.784395694732666,9106400,569,1138300
0.0003245654224883765,0.9983835151651874,1.7720296382904053,9107200,569,1138400
0.00016336090629920363,0.9971632298547775,1.769047737121582,9108000,569,1138500
4.693883965956047e-05,0.9962036185897887,1.749052882194519,9108800,569,1138600
0.0001236529933521524,0.9961831322871149,1.6839699745178223,9109600,569,1138700
0.00012888573110103607,0.9922037902288139,1.186650037765503,9110400,569,1138800
2.9521583201130852e-05,0.9992870258865878,1.7887248992919922,9111200,569,1138900
3.09082206513267e-05,0.9985597906634212,1.514528512954712,9112000,569,1139000
0.0001869394036475569,0.9984440869884565,1.7752759456634521,9112800,569,1139100
0.0004286357434466481,0.997457041637972,1.748791217803955,9113600,569,1139200
5.0644717703107744e-05,0.9996682450873777,1.6660735607147217,9114400,569,1139300
2.2730204364052042e-05,0.9983273815596476,1.7848743200302124,9115200,569,1139400
6.052775279385969e-05,0.9986546270083636,1.4714950323104858,9116000,569,1139500
0.00012706166307907552,0.989587664604187,1.6419425010681152,9116800,569,1139600
0.00011568849731702358,0.9989791174884886,1.503548502922058,9117600,569,1139700
6.36106778983958e-05,0.9967125840485096,1.4319790601730347,9118400,569,1139800
6.21470098849386e-05,0.9994730693288147,1.785628318786621,9119200,569,1139900
0.000228254750254564,0.995525190141052,1.6721057891845703,9120000,569,1140000
2.300993219250813e-05,0.9998328782239696,1.7690939903259277,9120800,569,1140100
4.4235086534172297e-05,0.9958599894307554,1.6200608015060425,9121600,569,1140200
4.173767229076475e-05,0.999518117896514,1.7882527112960815,9122400,569,1140300
0.02174297161400318,0.6139614880084991,1.7761554718017578,9123200,569,1140400
0.0002665722859092057,0.9590755254030228,1.5463025569915771,9124000,569,1140500
0.00011833236931124702,0.9985302774002776,1.697490930557251,9124800,569,1140600
0.00016464118380099535,0.9990578020806424,1.7776068449020386,9125600,569,1140700
3.655864202301018e-05,0.9992891305591911,1.7820197343826294,9126400,569,1140800
0.00020225283515173942,0.9940727679058909,1.6268341541290283,9127200,569,1140900
0.0023933211341500282,0.9905031463131309,1.7747411727905273,9128000,569,1141000
0.00022053762222640216,0.994694045279175,1.5418972969055176,9128800,569,1141100
0.00019583186076488346,0.9869754211977124,1.7706961631774902,9129600,569,1141200
5.9271929785609245e-05,0.998788996366784,1.625741720199585,9130400,569,1141300
6.230027065612376e-05,0.996683759149164,1.6694008111953735,9131200,569,1141400
6.869358185213059e-05,0.9991115881130099,1.5110036134719849,9132000,569,1141500
1.6150605006259866e-05,0.9976996348705143,1.6669782400131226,9132800,569,1141600
5.945354496361688e-05,0.9907430773600936,1.7817506790161133,9133600,569,1141700
0.0001384852803312242,0.9981483109295368,1.4366263151168823,9134400,569,1141800
0.00015524806804023683,0.9991505286307074,1.759786605834961,9135200,569,1141900
6.801198469474912e-05,0.9982772045768797,1.786312460899353,9136000,569,1142000
8.336712198797613e-05,0.9982689768075943,1.7860326766967773,9136800,569,1142100
0.00014520104741677642,0.9841225817799568,1.5361552238464355,9137600,569,1142200
9.406609751749784e-05,0.9966916039120406,1.6564449071884155,9138400,569,1142300
0.0002795197069644928,0.9983157248934731,1.6493008136749268,9139200,569,1142400
0.00011355940659996122,0.9982667677104473,1.7878341674804688,9140000,569,1142500
0.006002802401781082,0.9608242958784103,1.5862553119659424,9140800,569,1142600
0.0031260880641639233,0.9879044136032462,1.7206852436065674,9141600,569,1142700
0.00010547975398367271,0.9929644912481308,1.7875598669052124,9142400,569,1142800
2.408358886896167e-05,0.999800715377205,1.7461698055267334,9143200,569,1142900
0.00020767244859598577,0.9954568692483008,1.780895471572876,9144000,569,1143000
0.00011698116577463225,0.9983854686142877,1.4316914081573486,9144800,569,1143100
6.89570588292554e-05,0.9971319430042058,1.727097511291504,9145600,569,1143200
0.0003257768985349685,0.9889682224020362,1.7434687614440918,9146400,569,1143300
3.977000233135186e-05,0.9989480227231979,1.375366449356079,9147200,569,1143400
5.146455077920109e-05,0.9994951847475022,1.7793071269989014,9148000,569,1143500
8.08013865025714e-05,0.9994381062570028,1.7862775325775146,9148800,569,1143600
0.00018661448848433793,0.9989737827563658,1.7555580139160156,9149600,569,1143700
0.0002447898732498288,0.9929411434568465,1.7824699878692627,9150400,569,1143800
8.00310299382545e-05,0.9990145574556664,1.6814219951629639,9151200,569,1143900
0.0001805412903195247,0.9966065939515829,1.725346326828003,9152000,569,1144000
3.826296597253531e-05,0.9995575608045328,1.7792671918869019,9152800,569,1144100
1.8618198737385683e-05,0.999897583402344,1.5118825435638428,9153600,569,1144200
0.00015616966993547976,0.9959101947024465,1.7372841835021973,9154400,569,1144300
3.8521560782101005e-05,0.9996064032311551,1.7828547954559326,9155200,569,1144400
0.000175957364263013,0.9818547125905752,1.5018935203552246,9156000,569,1144500
0.0005274465074762702,0.9971494546625763,1.5678257942199707,9156800,569,1144600
0.015909096226096153,0.4968515634536743,1.4556286334991455,9157600,569,1144700
0.00042040360858663917,0.9942472418770194,1.7791904211044312,9158400,569,1144800
7.362012547673658e-05,0.9950438500382006,1.5941083431243896,9159200,569,1144900
0.000249077333137393,0.9965390546713024,1.7708992958068848,9160000,569,1145000
0.010883151553571224,0.4115711450576782,1.3269014358520508,9160800,569,1145100
0.005521964281797409,0.8945063278079033,1.7022616863250732,9161600,569,1145200
0.00030920299468562007,0.9950149990618229,1.7791101932525635,9162400,569,1145300
0.002185813384130597,0.9782323651015759,1.6283384561538696,9163200,569,1145400
0.0011052160989493132,0.9692838750779629,1.7790135145187378,9164000,569,1145500
0.00044079890358261764,0.9912740420550108,1.7697443962097168,9164800,569,1145600
0.0006554335122928023,0.9847855754196644,1.6097050905227661,9165600,569,1145700
0.001804946456104517,0.9368464574217796,1.764906644821167,9166400,569,1145800
0.00047738413559272885,0.9926147107034922,1.1930620670318604,9167200,569,1145900
8.138561679515988e-05,0.9965700095053762,1.6793866157531738,9168000,569,1146000
9.835655509959906e-05,0.9996428306039888,1.7832341194152832,9168800,569,1146100
8.04215669631958e-05,0.9958172328770161,1.7181601524353027,9169600,569,1146200
4.462170909391716e-05,0.9985825439216569,1.7265193462371826,9170400,569,1146300
0.0004189845349173993,0.9967317869886756,1.6048626899719238,9171200,569,1146400
0.0003458544670138508,0.9903164505958557,1.5469167232513428,9172000,569,1146500
8.021954272408038e-05,0.9983617052203044,1.7817535400390625,9172800,569,1146600
0.00019042904023081064,0.9978228765539825,1.778101921081543,9173600,569,1146700
0.0003806991735473275,0.9965303416829556,1.5905495882034302,9174400,569,1146800
0.00011355096648912877,0.9991025175550021,1.5043971538543701,9175200,569,1146900
0.00013138131180312485,0.9908901294693351,1.620752215385437,9176000,569,1147000
0.00024622806813567877,0.9979077870957553,1.7836333513259888,9176800,569,1147100
4.8256173613481224e-05,0.9966786771547049,1.5378352403640747,9177600,569,1147200
0.00027699724887497723,0.8153274953365326,1.7795120477676392,9178400,569,1147300
9.96909657260403e-05,0.990607226267457,1.4999113082885742,9179200,569,1147400
0.0001064388852682896,0.9804387520998716,1.7893054485321045,9180000,569,1147500
4.701093348558061e-05,0.9523734636604786,1.7716208696365356,9180800,569,1147600
0.0001418629108229652,0.9833722859621048,1.2633107900619507,9181600,569,1147700
8.09717967058532e-05,0.9553099609911442,1.7832872867584229,9182400,569,1147800
8.451961184618995e-05,0.9954277980141342,1.5033730268478394,9183200,569,1147900
4.787122816196643e-05,0.9945514141581953,1.782679557800293,9184000,569,1148000
5.202865577302873e-05,0.9991901623434387,1.7871849536895752,9184800,569,1148100
0.0025807402562350035,0.9763400368392467,1.5558934211730957,9185600,569,1148200
0.0002393892646068707,0.9875830095261335,1.6755152940750122,9186400,569,1148300
0.0011264901841059327,0.9930602959357202,1.5238182544708252,9187200,569,1148400
0.00043676362838596106,0.9975232251454145,1.3123106956481934,9188000,569,1148500
0.0003977868764195591,0.9451753906905651,1.761814832687378,9188800,569,1148600
0.00046616903273388743,0.9933178429491818,1.7819141149520874,9189600,569,1148700
0.0001422927889507264,0.9931967025622725,1.6382293701171875,9190400,569,1148800
0.00013925689563620836,0.9980558725073934,1.7775065898895264,9191200,569,1148900
0.00024714009487070143,0.9967535804025829,1.7681968212127686,9192000,569,1149000
0.0001247722830157727,0.99471988203004,1.7741689682006836,9192800,569,1149100
0.00014048992306925356,0.9985327885951847,1.7179120779037476,9193600,569,1149200
3.543465936672874e-05,0.9983902989188209,1.7714043855667114,9194400,569,1149300
0.0001882260839920491,0.9986977135995403,1.5080394744873047,9195200,569,1149400
0.0012973204720765352,0.9857814870774746,1.4558238983154297,9196000,569,1149500
3.393633960513398e-05,0.9993007359444164,1.7807633876800537,9196800,569,1149600
3.066324279643595e-05,0.9994676759815775,1.7714552879333496,9197600,569,1149700
0.00025152991292998195,0.9972783988341689,1.510446310043335,9198400,569,1149800
0.00015229886048473418,0.9986717314459383,1.7457339763641357,9199200,569,1149900
0.00014611519873142242,0.9966184492222965,1.7664299011230469,9200000,569,1150000
3.820574056589976e-05,0.9994976362795569,1.5094643831253052,9200800,569,1150100
6.999414472375065e-05,0.998212271137163,1.78422212600708,9201600,569,1150200
0.0003691698657348752,0.9964104418177158,1.7254981994628906,9202400,569,1150300
0.0008214711560867727,0.9903579698875546,1.5061924457550049,9203200,569,1150400
3.724901398527436e-05,0.9990148808574304,1.759882926940918,9204000,569,1150500
5.484442226588726e-05,0.9994014845578931,1.7636922597885132,9204800,569,1150600
0.0003505043569020927,0.9942052862606943,1.4724335670471191,9205600,569,1150700
0.0001255312963621691,0.9975714616011828,1.5125164985656738,9206400,569,1150800
7.906941755209118e-05,0.9995078044594266,1.6531668901443481,9207200,569,1150900
0.00021107602515257895,0.9930622084066272,1.7700936794281006,9208000,569,1151000
0.00010290919453836977,0.9987944331951439,1.779065489768982,9208800,569,1151100
7.143004768295214e-05,0.9996255963633303,1.4910311698913574,9209600,569,1151200
5.4925563745200634e-05,0.9901301013305783,1.7795324325561523,9210400,569,1151300
0.00016208199667744339,0.9987836917862296,1.067021131515503,9211200,569,1151400
7.549046858912334e-05,0.9907738845795393,1.7615447044372559,9212000,569,1151500
7.714732055319473e-05,0.9990869315806776,1.7800668478012085,9212800,569,1151600
0.00023104443971533328,0.9979709617327899,1.4149460792541504,9213600,569,1151700
0.00015887964400462806,0.9550822079181671,1.7740533351898193,9214400,569,1151800
0.0002131033397745341,0.9424055330455303,1.3986543416976929,9215200,569,1151900
0.00014255338464863598,0.9938817573711276,1.787543535232544,9216000,569,1152000
0.0001539847580716014,0.9985761157004163,1.6716434955596924,9216800,569,1152100
8.267794328276068e-05,0.99915855913423,1.7779837846755981,9217600,569,1152200
6.871485675219446e-05,0.9991823493619449,1.7738155126571655,9218400,569,1152300
0.0006181711796671152,0.9956281837075949,1.7580959796905518,9219200,569,1152400
0.000151097250636667,0.9969486200716347,1.7288014888763428,9220000,569,1152500
0.00010561045201029629,0.9990787752321921,1.5946319103240967,9220800,569,1152600
4.475047899177298e-05,0.9987220416078344,1.6875925064086914,9221600,569,1152700
0.00016969340504147112,0.997108017327264,1.7495025396347046,9222400,569,1152800
5.3774347179569304e-05,0.9988860213197768,1.5067739486694336,9223200,569,1152900
0.0002923767315223813,0.9955621040426195,1.7522010803222656,9224000,569,1153000
0.00016587555001024157,0.9979455100838095,1.7746034860610962,9224800,569,1153100
0.0001542292593512684,0.9983146621380001,1.409027338027954,9225600,569,1153200
0.06175289675593376,0.824161022901535,1.7760120630264282,9226400,569,1153300
0.00011504253052407876,0.9984097630949691,1.3842864036560059,9227200,569,1153400
0.00016380008310079575,0.961934931576252,1.7726526260375977,9228000,569,1153500
0.00015558666200377047,0.9985131829744205,1.5007939338684082,9228800,569,1153600
5.112479266244918e-05,0.9966665576212108,1.6807384490966797,9229600,569,1153700
0.0001744201290421188,0.9984930292703211,1.7830212116241455,9230400,569,1153800
9.597033204045147e-05,0.9961448679678142,1.726822853088379,9231200,569,1153900
0.0003854288370348513,0.972071535885334,1.7820369005203247,9232000,569,1154000
0.00022417723084799945,0.9967702606227249,1.468498945236206,9232800,569,1154100
0.00034901825711131096,0.9973531437572092,1.7784000635147095,9233600,569,1154200
5.1753002480836585e-05,0.9993366406415589,1.7869130373001099,9234400,569,1154300
0.00019285282178316265,0.9891568068414927,1.6079634428024292,9235200,569,1154400
2.3171720386017114e-05,0.9996814468759112,1.7644752264022827,9236000,569,1154500
2.9548646125476807e-05,0.998063295497559,1.7583818435668945,9236800,569,1154600
0.00010410229151602834,0.9974303946364671,1.5419232845306396,9237600,569,1154700
4.630144394468516e-05,0.9972238638438284,1.4997775554656982,9238400,569,1154800
2.9072487450321205e-05,0.9998497552442132,1.780653953552246,9239200,569,1154900
9.66251827776432e-05,0.9985283950809389,1.786290168762207,9240000,569,1155000
0.0009811047930270433,0.9909551814198494,1.7420382499694824,9240800,569,1155100
0.0001670849451329559,0.9887266298756003,1.7513352632522583,9241600,569,1155200
7.435349107254297e-05,0.9991944503271952,1.7010157108306885,9242400,569,1155300
4.547245771391317e-05,0.994814919307828,1.7450073957443237,9243200,569,1155400
0.0001855173468356952,0.999512540147407,1.7708954811096191,9244000,569,1155500
0.002033722121268511,0.9799927175045013,1.578321099281311,9244800,569,1155600
0.00023834155581425875,0.9981256377650425,1.7761493921279907,9245600,569,1155700
0.00024839842808432877,0.9939112272113562,1.5460567474365234,9246400,569,1155800
0.00012207377585582435,0.9979959877673537,1.6474924087524414,9247200,569,1155900
0.00019325912580825388,0.9962714735884219,1.767204761505127,9248000,569,1156000
0.0005125950556248426,0.994091909378767,1.6452257633209229,9248800,569,1156100
0.0013993229949846864,0.9896184308454394,1.5276859998703003,9249600,569,1156200
8.692628762219101e-05,0.9987839770037681,1.5129129886627197,9250400,569,1156300
0.001110994373448193,0.989967274479568,1.6154425144195557,9251200,569,1156400
6.358976679621264e-05,0.9986441973596811,1.7736456394195557,9252000,569,1156500
0.00010575359920039773,0.9965712099801749,1.776199460029602,9252800,569,1156600
0.003499659476801753,0.9763501398265362,1.5349974632263184,9253600,569,1156700
0.00029147861641831696,0.9976027447264642,1.4311060905456543,9254400,569,1156800
0.00019291402713861316,0.9957908522337675,1.4849897623062134,9255200,569,1156900
0.0027026524767279625,0.9795728474855423,1.505764126777649,9256000,569,1157000
0.0023063267581164837,0.9860187210142612,1.6996076107025146,9256800,569,1157100
0.0005466253496706486,0.991306428797543,1.515660285949707,9257600,569,1157200
0.00045191668323241174,0.9837970156222582,1.7874035835266113,9258400,569,1157300
0.00010318893328076228,0.9986514875199646,1.7830867767333984,9259200,569,1157400
0.0002714991569519043,0.9814093317836523,1.3041108846664429,9260000,569,1157500
0.0009781355038285255,0.8001457303762436,1.7886675596237183,9260800,569,1157600
0.0002217729779658839,0.9913593512028456,1.4983656406402588,9261600,569,1157700
7.777696737321094e-05,0.9873691704124212,1.7877192497253418,9262400,569,1157800
0.0006509468657895923,0.9940845174714923,1.5110080242156982,9263200,569,1157900
5.7113215007120743e-05,0.9981327269924805,1.5067206621170044,9264000,569,1158000
0.00010530418512644246,0.9985698063392192,1.603387713432312,9264800,569,1158100
0.00017029853188432753,0.9951869235374033,1.334226131439209,9265600,569,1158200
6.408846093108878e-05,0.9994727068697102,1.7791767120361328,9266400,569,1158300
3.902393291355111e-05,0.9993304289528169,1.7849862575531006,9267200,569,1158400
0.00015339037054218352,0.9954491844400764,1.5144786834716797,9268000,569,1158500
4.0485236240783706e-05,0.9965365203097463,1.778731346130371,9268800,569,1158600
0.00013757895794697106,0.9978935476392508,1.7549409866333008,9269600,569,1158700
0.056663356721401215,0.2631797790527344,1.4286949634552002,9270400,569,1158800
3.8817088352516294e-05,0.9979837050195783,1.513900876045227,9271200,569,1158900
2.8641159588005394e-05,0.9989985786378384,1.7659995555877686,9272000,569,1159000
5.0494534661993384e-05,0.9988073451677337,1.7810463905334473,9272800,569,1159100
3.0522500310325995e-05,0.9993374000769109,1.5096149444580078,9273600,569,1159200
5.8630666899261996e-05,0.9996499438711908,1.6298549175262451,9274400,569,1159300
3.939321686630137e-05,0.9978838409297168,1.5004212856292725,9275200,569,1159400
7.256264507304877e-05,0.9984652686398476,1.0563137531280518,9276000,569,1159500
2.3686963686486706e-05,0.9997825567552354,1.5010813474655151,9276800,569,1159600
0.0002209362864959985,0.9958494533784688,1.7858235836029053,9277600,569,1159700
0.000298184750135988,0.9978652836289257,1.658399224281311,9278400,569,1159800
8.623349276604131e-05,0.9715920332819223,1.787236213684082,9279200,569,1159900
0.00012377239181660116,0.9963939702138305,1.5235435962677002,9280000,569,1160000
0.0005783812375739217,0.986431329511106,1.7677496671676636,9280800,569,1160100
0.00012025606702081859,0.9982887208461761,1.7799385786056519,9281600,569,1160200
0.00013276265235617757,0.9950363202951849,1.5481518507003784,9282400,569,1160300
2.7316975319990888e-05,0.9996755653701257,1.7859513759613037,9283200,569,1160400
0.002183659700676799,0.9442979767918587,1.5178332328796387,9284000,569,1160500
0.001094273873604834,0.9568234458565712,1.488576889038086,9284800,569,1160600
9.873101953417063e-05,0.9945193761959672,1.7581839561462402,9285600,569,1160700
5.159355714567937e-05,0.999301910516806,1.5669341087341309,9286400,569,1160800
0.0011557195102795959,0.9751812666654587,1.7808314561843872,9287200,569,1160900
0.0004466391692403704,0.9970475935842842,1.761514663696289,9288000,569,1161000
0.00017421008669771254,0.9939370425418019,1.4155778884887695,9288800,569,1161100
0.001779629266820848,0.984741891734302,1.633549690246582,9289600,569,1161200
0.009576072916388512,0.8742985129356384,1.7246356010437012,9290400,569,1161300
0.00011492317571537569,0.9993455987423658,1.7768378257751465,9291200,569,1161400
0.00026652528322301805,0.9972118723671883,1.7777743339538574,9292000,569,1161500
7.810045644873753e-05,0.998770814621821,1.7806949615478516,9292800,569,1161600
8.452052134089172e-05,0.9915189212188125,1.600372552871704,9293600,569,1161700
0.00020239052537363023,0.9904353274032474,1.5584800243377686,9294400,569,1161800
2.2078760594013147e-05,0.9995351486722939,1.282767653465271,9295200,569,1161900
6.508693331852555e-05,0.9983030664734542,1.7876074314117432,9296000,569,1162000
0.0001033830048982054,0.9975742483511567,1.7841218709945679,9296800,569,1162100
0.0008984689484350383,0.9971665076445788,1.7067615985870361,9297600,569,1162200
0.003918619826436043,0.96266008913517,1.7230415344238281,9298400,569,1162300
0.00026143030845560133,0.997027724282816,1.7862695455551147,9299200,569,1162400
0.0002526679018046707,0.9187358468770981,1.2787253856658936,9300000,569,1162500
2.618410871946253e-05,0.9882699064910412,1.7852001190185547,9300800,569,1162600
6.260101508814842e-05,0.9937067306600511,1.3584535121917725,9301600,569,1162700
4.906415051664226e-05,0.9865826750174165,1.7870867252349854,9302400,569,1162800
0.0004348024376668036,0.9950476307421923,1.754913091659546,9303200,569,1162900
0.000221072172280401,0.9962224215269089,1.7248799800872803,9304000,569,1163000
0.00023953255731612444,0.9954131045378745,1.7850981950759888,9304800,569,1163100
0.000620740232989192,0.989315690472722,1.4294542074203491,9305600,569,1163200
0.00017729475803207606,0.9943096111528575,1.5116567611694336,9306400,569,1163300
5.923181743128225e-05,0.9993004827410914,1.7881908416748047,9307200,569,1163400
4.015320882899687e-05,0.9979042301420122,1.7815563678741455,9308000,569,1163500
0.0003183613589499146,0.972090344876051,1.7900670766830444,9308800,569,1163600
0.0001641343696974218,0.9983695436967537,1.6303787231445312,9309600,569,1163700
4.960173828294501e-05,0.9972824165597558,1.6785110235214233,9310400,569,1163800
0.019350076094269753,0.9118259698152542,1.3202019929885864,9311200,569,1163900
0.0002178292052121833,0.9861458661034703,1.7699363231658936,9312000,569,1164000
0.0022711686324328184,0.20837455987930298,1.7816203832626343,9312800,569,1164100
6.925150228198618e-05,0.9972479715943336,1.5264474153518677,9313600,569,1164200
3.855749673675746e-05,0.9986516298959032,1.6010607481002808,9314400,569,1164300
9.69897082541138e-05,0.9983565860893577,1.2351622581481934,9315200,569,1164400
5.844407496624626e-05,0.9980866218684241,1.7866458892822266,9316000,569,1164500
7.151176396291703e-05,0.9978493377566338,1.788489580154419,9316800,569,1164600
2.254422906844411e-05,0.999724309600424,1.7878146171569824,9317600,569,1164700
0.0011620818404480815,0.9897148860618472,1.785291075706482,9318400,569,1164800
0.00018008469487540424,0.9973999077919871,1.765845775604248,9319200,569,1164900
0.0001246575848199427,0.9988371782237664,1.7831530570983887,9320000,569,1165000
0.00033061474096029997,0.9981074136449024,1.56317138671875,9320800,569,1165100
0.000805320218205452,0.9931019311770797,1.7846242189407349,9321600,569,1165200
0.00019099026394542307,0.9988426985219121,1.7730436325073242,9322400,569,1165300
0.00015214967424981296,0.9722921773791313,1.581871509552002,9323200,569,1165400
7.312480011023581e-05,0.999665975861717,1.7868486642837524,9324000,569,1165500
0.00034312682691961527,0.9899375587701797,1.6709359884262085,9324800,569,1165600
0.0002648520458023995,0.99890595395118,1.7679508924484253,9325600,569,1165700
0.00016417258302681148,0.9980497660581023,1.5066308975219727,9326400,569,1165800
0.0002902805572375655,0.9989999308018014,1.763890027999878,9327200,569,1165900
6.722886610077694e-05,0.998089284170419,1.714566707611084,9328000,569,1166000
7.605471182614565e-05,0.9994189108256251,1.7808873653411865,9328800,569,1166100
0.00017986726015806198,0.9961310781072825,1.7459475994110107,9329600,569,1166200
1.9951414287788793e-05,0.9988289803732187,1.78654944896698,9330400,569,1166300
0.0001594499044585973,0.9942634170874953,1.7894715070724487,9331200,569,1166400
0.00040637387428432703,0.9963013208471239,1.4626696109771729,9332000,569,1166500
0.00023232700186781585,0.9965317524038255,1.786963701248169,9332800,569,1166600
4.4417993194656447e-05,0.9968134202063084,1.5100836753845215,9333600,569,1166700
0.000716368667781353,0.9965543302241713,1.6377384662628174,9334400,569,1166800
0.0017733065178617835,0.9166771173477173,1.6501829624176025,9335200,569,1166900
0.0010804301127791405,0.9828205462545156,1.5105277299880981,9336000,569,1167000
0.00036830775206908584,0.9949967907741666,1.781682014465332,9336800,569,1167100
0.0006980575853958726,0.9906702656298876,1.7630188465118408,9337600,569,1167200
0.0014422873500734568,0.9789841398596764,1.664114236831665,9338400,569,1167300
5.490341573022306e-05,0.9996933146612719,1.7803995609283447,9339200,569,1167400
0.0002015015488723293,0.994501044973731,1.7866796255111694,9340000,569,1167500
0.00012842161231674254,0.9959499887190759,1.733142375946045,9340800,569,1167600
0.00010391479736426845,0.9984337041387334,1.6910619735717773,9341600,569,1167700
5.513786163646728e-05,0.9946766579523683,1.510358452796936,9342400,569,1167800
0.0011640082811936736,0.9940887303091586,1.6306805610656738,9343200,569,1167900
0.0002477547386661172,0.9851302048191428,1.6995186805725098,9344000,569,1168000
8.55882462929003e-05,0.9982128893025219,1.7796266078948975,9344800,569,1168100
0.00022777980484534055,0.9978696873877198,1.7777105569839478,9345600,569,1168200
0.00023123042774386704,0.9961169965099543,1.734574794769287,9346400,569,1168300
2.6401321520097554e-05,0.9994482300244272,1.4984887838363647,9347200,569,1168400
0.00011887501750607044,0.9987753006862476,1.6853618621826172,9348000,569,1168500
0.0008991656941361725,0.993567458819598,1.4729949235916138,9348800,569,1168600
0.00020959286484867334,0.9921150766313076,1.7856053113937378,9349600,569,1168700
8.709162648301572e-05,0.998296161647886,1.7817052602767944,9350400,569,1168800
5.212405085330829e-05,0.9980313209816813,1.6799092292785645,9351200,569,1168900
0.0006192923756316304,0.9868528889492154,1.7588624954223633,9352000,569,1169000
0.0005687687080353498,0.9971234544645995,1.3353220224380493,9352800,569,1169100
0.00024320435477420688,0.9615344330668449,1.598630428314209,9353600,569,1169200
3.5981745895696804e-05,0.9995215390517842,1.784083604812622,9354400,569,1169300
8.500780677422881e-05,0.994964862242341,1.7633963823318481,9355200,569,1169400
0.00016882942873053253,0.994310203474015,1.780938982963562,9356000,569,1169500
0.00031068656244315207,0.9849210307002068,1.410982370376587,9356800,569,1169600
6.553370621986687e-05,0.9987572126556188,1.787616491317749,9357600,569,1169700
6.47201668471098e-05,0.9976162449456751,1.5131984949111938,9358400,569,1169800
5.7466455473331735e-05,0.9995009677368216,1.7872861623764038,9359200,569,1169900
8.71615920914337e-05,0.9964963169768453,1.77291738986969,9360000,569,1170000
0.009754342958331108,0.9171068072319031,1.576522946357727,9360800,569,1170100
0.0009062658646143973,0.9810169972479343,1.6047592163085938,9361600,569,1170200
0.00020494492491707206,0.9980456300545484,1.7152860164642334,9362400,569,1170300
0.0008647396462038159,0.9820760563015938,1.7425320148468018,9363200,569,1170400
0.0025373557582497597,0.9835095200687647,1.4375717639923096,9364000,569,1170500
0.00021299430227372795,0.9986828322289512,1.7767887115478516,9364800,569,1170600
0.0008955527446232736,0.9880015226081014,1.706076741218567,9365600,569,1170700
0.0002387810527579859,0.9967943152878433,1.776273488998413,9366400,569,1170800
0.0001031073770718649,0.9994264444685541,1.4422924518585205,9367200,569,1170900
0.0001022204160108231,0.9996157687564846,1.77690851688385,9368000,569,1171000
0.0002001328393816948,0.9938756809569895,1.7544317245483398,9368800,569,1171100
8.361128129763529e-05,0.9992688145139255,1.6050522327423096,9369600,569,1171200
0.00019851654360536486,0.9957726686261594,1.7862194776535034,9370400,569,1171300
7.595802162541077e-05,0.995362994261086,1.5113399028778076,9371200,569,1171400
3.4457509173080325e-05,0.992516194935888,1.7856956720352173,9372000,569,1171500
6.664464308414608e-05,0.9995472311566118,1.7775325775146484,9372800,569,1171600
3.7016990972915664e-05,0.9994704439886846,1.7769403457641602,9373600,569,1171700
0.0003070625534746796,0.9915197333320975,1.6048831939697266,9374400,569,1171800
0.0039406465366482735,0.9731106068938971,1.5177297592163086,9375200,569,1171900
8.938790415413678e-05,0.9929391625337303,1.7726435661315918,9376000,569,1172000
0.002829440403729677,0.9575931690633297,1.4420549869537354,9376800,569,1172100
0.004915289115160704,0.9781831651926041,1.3737950325012207,9377600,569,1172200
0.00043903980986215174,0.9927289434708655,1.783112645149231,9378400,569,1172300
0.00026182516012340784,0.9941175854764879,1.7833863496780396,9379200,569,1172400
4.66846177005209e-05,0.9996754823077936,1.7874234914779663,9380000,569,1172500
7.586643914692104e-05,0.9997436516568996,1.7596501111984253,9380800,569,1172600
0.00028051005210727453,0.9949359390884638,1.5791363716125488,9381600,569,1172700
0.00012705188419204205,0.9954534154385328,1.4951720237731934,9382400,569,1172800
2.0549290638882667e-05,0.9982648129807785,1.7849329710006714,9383200,569,1172900
0.00015329384768847376,0.9985534879378974,1.7785701751708984,9384000,569,1173000
0.0006108137895353138,0.9850783692672849,1.7187824249267578,9384800,569,1173100
0.00012323308328632265,0.997052671154961,1.2297167778015137,9385600,569,1173200
3.9695067243883386e-05,0.998851953772828,1.509568691253662,9386400,569,1173300
3.0633204005425796e-05,0.9992836712044664,1.7875045537948608,9387200,569,1173400
2.3082917323336005e-05,0.9991247612051666,1.4897708892822266,9388000,569,1173500
0.022392991930246353,0.12989431619644165,1.5422451496124268,9388800,569,1173600
0.0003988587995991111,0.9973138149362057,1.7877111434936523,9389600,569,1173700
0.00016577731003053486,0.9932771576568484,1.7637560367584229,9390400,569,1173800
3.456930789980106e-05,0.9997489734087139,1.7874789237976074,9391200,569,1173900
0.0003685483825393021,0.9971754790749401,1.5762805938720703,9392000,569,1174000
4.198861279292032e-05,0.9973601782694459,1.7857322692871094,9392800,569,1174100
5.428242002381012e-05,0.9966215922031552,1.5616874694824219,9393600,569,1174200
4.287862611818127e-05,0.9960033353418112,1.7868001461029053,9394400,569,1174300
0.00035273024695925415,0.991109823808074,1.6899019479751587,9395200,569,1174400
4.614827048499137e-05,0.9961076024919748,1.585131049156189,9396000,569,1174500
0.0015911601949483156,0.9944298421032727,1.7849469184875488,9396800,569,1174600
0.00011552075739018619,0.9960201671347022,1.782469630241394,9397600,569,1174700
8.783813245827332e-05,0.9994892464601435,1.7723382711410522,9398400,569,1174800
0.00023529163445346057,0.995236350223422,1.3387904167175293,9399200,569,1174900
0.00013781743473373353,0.997326401527971,1.5930078029632568,9400000,569,1175000
0.06316835433244705,0.7903242111206055,1.6129777431488037,9400800,569,1175100
0.00042349251452833414,0.9938376075588167,1.510298252105713,9401600,569,1175200
0.00017928115266840905,0.9987265006639063,1.7760838270187378,9402400,569,1175300
0.00021929532522335649,0.9982142653316259,1.4948025941848755,9403200,569,1175400
0.0012830265332013369,0.9933780506253242,1.7600321769714355,9404000,569,1175500
0.0004080036305822432,0.9964304943569005,1.7793281078338623,9404800,569,1175600
0.00013238067913334817,0.9927208325825632,1.7690174579620361,9405600,569,1175700
0.0007311226800084114,0.9958819672465324,1.7455976009368896,9406400,569,1175800
0.0018671622965484858,0.9860948827117682,1.696739673614502,9407200,569,1175900
0.0006118076271377504,0.993766067083925,1.707908034324646,9408000,569,1176000
0.00012507349310908467,0.9973436119034886,1.5751562118530273,9408800,569,1176100
0.00035081812529824674,0.9939535860903561,1.753121018409729,9409600,569,1176200
0.0013348114443942904,0.985319553874433,1.7412915229797363,9410400,569,1176300
0.00417457427829504,0.8513477444648743,1.3416017293930054,9411200,569,1176400
0.00038090921589173377,0.9963170133996755,1.7558424472808838,9412000,569,1176500
0.0005480129038915038,0.9932125434279442,1.7633955478668213,9412800,569,1176600
0.0001752396929077804,0.9968661894090474,1.769665002822876,9413600,569,1176700
7.579615339636803e-05,0.9981463736621663,1.3781392574310303,9414400,569,1176800
0.0004047011898364872,0.994383895304054,1.5907652378082275,9415200,569,1176900
0.00013579778897110373,0.9990693325526081,1.6241952180862427,9416000,569,1177000
0.0018793835770338774,0.9838846102356911,1.648322582244873,9416800,569,1177100
0.00010448195826029405,0.9984394608763978,1.7810626029968262,9417600,569,1177200
0.00023250546655617654,0.9487415924668312,1.5129886865615845,9418400,569,1177300
1.9491990315145813e-05,0.9998921852311469,1.7795846462249756,9419200,569,1177400
9.467809286434203e-05,0.9988748178584501,1.7558867931365967,9420000,569,1177500
0.0001112912577809766,0.9971937728114426,1.772700309753418,9420800,569,1177600
4.4545424316311255e-05,0.9992410194827244,1.778679609298706,9421600,569,1177700
5.191276068217121e-05,0.9992779518361203,1.7819454669952393,9422400,569,1177800
0.0002688128442969173,0.9995156637451146,1.772565484046936,9423200,569,1177900
0.00014243701298255473,0.9977760484907776,1.7365658283233643,9424000,569,1178000
4.689544584834948e-05,0.9990904230508022,1.5967445373535156,9424800,569,1178100
0.0002107289619743824,0.9963833808433264,1.6547753810882568,9425600,569,1178200
0.00011780191562138498,0.9974206406623125,1.777807354927063,9426400,569,1178300
0.0006482937023974955,0.9585373513400555,1.6918619871139526,9427200,569,1178400
0.00011330752749927342,0.9961962448433042,1.2176772356033325,9428000,569,1178500
3.3618205634411424e-05,0.998533668462187,1.4748271703720093,9428800,569,1178600
0.00010234919318463653,0.998923129402101,1.46587336063385,9429600,569,1178700
0.00011291601549601182,0.9997198404162191,1.7763948440551758,9430400,569,1178800
0.00016057249740697443,0.9988374341046438,1.4215962886810303,9431200,569,1178900
9.711393795441836e-05,0.9484427124261856,1.6001445055007935,9432000,569,1179000
0.00031607033452019095,0.9977200678549707,1.7619845867156982,9432800,569,1179100
0.0008018865482881665,0.9739164412021637,1.4620640277862549,9433600,569,1179200
0.0001845322985900566,0.9984781440580264,1.4964076280593872,9434400,569,1179300
0.00040184796671383083,0.9920567627996206,1.4422557353973389,9435200,569,1179400
6.861881411168724e-05,0.9986492734169587,1.7771971225738525,9436000,569,1179500
0.0010767908534035087,0.9905101582407951,1.6807341575622559,9436800,569,1179600
9.245331602869555e-05,0.9983733810950071,1.4905624389648438,9437600,569,1179700
4.073221862199716e-05,0.9988426114432514,1.4248440265655518,9438400,569,1179800
5.032328044762835e-05,0.9992206785245799,1.783804178237915,9439200,569,1179900
0.002139856107532978,0.9906052853912115,1.5767955780029297,9440000,569,1180000
0.00014091702178120613,0.9922291240654886,1.784105658531189,9440800,569,1180100
0.00028649717569351196,0.9878767337650061,1.7233868837356567,9441600,569,1180200
0.000585503235924989,0.976097920909524,1.4281094074249268,9442400,569,1180300
0.0001230577618116513,0.9985413510585204,1.408146619796753,9443200,569,1180400
8.251145482063293e-05,0.9887303449213505,1.734047293663025,9444000,569,1180500
0.001176054123789072,0.9121116995811462,1.7857322692871094,9444800,569,1180600
5.75004487473052e-05,0.9990765802212991,1.3199989795684814,9445600,569,1180700
9.032101661432534e-05,0.9918457614257932,1.7527738809585571,9446400,569,1180800
0.0005745695088990033,0.9968302375636995,1.7830559015274048,9447200,569,1180900
5.8143203204963356e-05,0.998721587122418,1.3289251327514648,9448000,569,1181000
0.0005422498797997832,0.9974675881676376,1.78160560131073,9448800,569,1181100
0.0002951615606434643,0.9982000351883471,1.690964698791504,9449600,569,1181200
3.9909471524879336e-05,0.9994437650893815,1.783498764038086,9450400,569,1181300
7.020163320703432e-05,0.9982791705988348,1.5065772533416748,9451200,569,1181400
3.640418071881868e-05,0.9977501165121794,1.7210280895233154,9452000,569,1181500
6.494100671261549e-05,0.9989187467144802,1.7840027809143066,9452800,569,1181600
0.000298678147373721,0.9961176547221839,1.7326902151107788,9453600,569,1181700
0.000140405201818794,0.9983941519167274,1.7890148162841797,9454400,569,1181800
0.0002160348230972886,0.9879768555983901,1.6137030124664307,9455200,569,1181900
0.00038107240106910467,0.9482462778687477,1.78731369972229,9456000,569,1182000
0.0004348852962721139,0.9848390370607376,1.3806939125061035,9456800,569,1182100
0.0006713371258229017,0.959031455218792,1.5947437286376953,9457600,569,1182200
4.6135493903420866e-05,0.9990307773114182,1.7870419025421143,9458400,569,1182300
0.00016982614761218429,0.9883434232324362,1.5990780591964722,9459200,569,1182400
0.00018799715326167643,0.9970421101897955,1.785661220550537,9460000,569,1182500
0.00019477336900308728,0.998870619921945,1.7638862133026123,9460800,569,1182600
3.5028519050683826e-05,0.9975540647283196,1.4501843452453613,9461600,569,1182700
0.00021933039533905685,0.9898091508075595,1.7881808280944824,9462400,569,1182800
0.0009702314273454249,0.9955869894474745,1.690826416015625,9463200,569,1182900
0.0002570580109022558,0.998745707445778,1.7632176876068115,9464000,569,1183000
5.327721737558022e-05,0.9989790507825091,1.7711398601531982,9464800,569,1183100
0.00021067805937491357,0.9896510308608413,1.6749351024627686,9465600,569,1183200
8.452737529296428e-05,0.9990871901973151,1.7614037990570068,9466400,569,1183300
0.00023461207456421107,0.9952819226309657,1.4175143241882324,9467200,569,1183400
5.742903158534318e-05,0.9980302220210433,1.49989652633667,9468000,569,1183500
0.0002026211586780846,0.9962000583764166,1.6869113445281982,9468800,569,1183600
0.00029353858553804457,0.9969372774939984,1.5209171772003174,9469600,569,1183700
0.00023920481908135116,0.9973431820981205,1.7497875690460205,9470400,569,1183800
8.841240196488798e-05,0.9969593044370413,1.7809325456619263,9471200,569,1183900
7.296901458175853e-05,0.9994323486462235,1.782318115234375,9472000,569,1184000
4.4373598939273506e-05,0.9991278507513925,1.7836534976959229,9472800,569,1184100
8.88950889930129e-05,0.997151697287336,1.7588024139404297,9473600,569,1184200
0.00016747205518186092,0.9911104505881667,1.7825253009796143,9474400,569,1184300
0.0001323037431575358,0.9981632323469967,1.3241450786590576,9475200,569,1184400
5.711626727133989e-05,0.9976569886785001,1.6743226051330566,9476000,569,1184500
0.0007066074758768082,0.9964129463769495,1.774362325668335,9476800,569,1184600
0.0002547000185586512,0.9968368855770677,1.6827417612075806,9477600,569,1184700
0.0001951438607648015,0.9864482348784804,1.787499189376831,9478400,569,1184800
0.0013406564248725772,0.9917629165574908,1.5921194553375244,9479200,569,1184900
0.00024651081184856594,0.9933167709968984,1.4387407302856445,9480000,569,1185000
0.00011312698188703507,0.9971696732100099,1.2170567512512207,9480800,569,1185100
0.007874091155827045,0.9781085830181837,1.5683002471923828,9481600,569,1185200
0.0016734862001612782,0.9867595732212067,1.7075235843658447,9482400,569,1185300
0.002468863734975457,0.9826922211796045,1.612417221069336,9483200,569,1185400
0.00020080852846149355,0.9836646877229214,1.6068871021270752,9484000,569,1185500
0.00013385539932642132,0.9989440005738288,1.783973217010498,9484800,569,1185600
0.0001731825468596071,0.9909986266866326,1.2960994243621826,9485600,569,1185700
0.0007315040566027164,0.9926725896075368,1.7089643478393555,9486400,569,1185800
0.00013102227239869535,0.9984097026754171,1.7839183807373047,9487200,569,1185900
0.0003359273832757026,0.9938721782527864,1.4978222846984863,9488000,569,1186000
4.783324766322039e-05,0.9992060593212955,1.760529637336731,9488800,569,1186100
4.462711149244569e-05,0.9996786199917551,1.7854098081588745,9489600,569,1186200
0.0006034559337422252,0.9921255223453045,1.7771625518798828,9490400,569,1186300
0.00018041598377749324,0.9989152658963576,1.5096302032470703,9491200,569,1186400
0.0003320108517073095,0.9947663028724492,1.7268062829971313,9492000,569,1186500
0.00018778561207000166,0.9973562050145119,1.7885500192642212,9492800,569,1186600
7.314424874493852e-05,0.9989388558315113,1.7455507516860962,9493600,569,1186700
8.156818512361497e-05,0.9975702825468034,1.7885369062423706,9494400,569,1186800
9.865706670098007e-05,0.9952221736311913,1.2503471374511719,9495200,569,1186900
5.4532152717001736e-05,0.9968533085193485,1.6911938190460205,9496000,569,1187000
2.1360354367061518e-05,0.9993842939147726,1.7683719396591187,9496800,569,1187100
0.0006098434096202254,0.990390126593411,1.7858178615570068,9497600,569,1187200
0.00017600355204194784,0.9985193049069494,1.563759684562683,9498400,569,1187300
4.1301638702861965e-05,0.9987694781739265,1.4235057830810547,9499200,569,1187400
2.2785217879572883e-05,0.9994567640242167,1.599164366722107,9500000,569,1187500
9.816029341891408e-05,0.9963494061958045,1.7689805030822754,9500800,569,1187600
3.9978098357096314e-05,0.9996053261565976,1.7798452377319336,9501600,569,1187700
0.05562648922204971,0.3185619115829468,1.0415740013122559,9502400,569,1187800
6.376883538905531e-05,0.9992255460238084,1.7447168827056885,9503200,569,1187900
0.00016907762619666755,0.9962955107912421,1.6307176351547241,9504000,569,1188000
0.0003089238016400486,0.9984914966626093,1.3156788349151611,9504800,569,1188100
0.00014992704382166266,0.9986889683641493,1.7801976203918457,9505600,569,1188200
0.00014455996279139072,0.9965447934810072,1.781752109527588,9506400,569,1188300
5.261095066089183e-05,0.9997507079388015,1.7640615701675415,9507200,569,1188400
0.0005443228874355555,0.989957045763731,1.6025373935699463,9508000,569,1188500
0.0011632974492385983,0.9952505645342171,1.7490543127059937,9508800,569,1188600
0.0015095071867108345,0.9908678391948342,1.7715058326721191,9509600,569,1188700
0.00010006872616941109,0.99795608734712,1.7805657386779785,9510400,569,1188800
0.00010071901488117874,0.9934052117168903,1.7845286130905151,9511200,569,1188900
0.00018044657190330327,0.9963723137043417,1.5338672399520874,9512000,569,1189000
0.009194495156407356,0.5950585901737213,1.7750520706176758,9512800,569,1189100
0.021035565063357353,0.9289957210421562,1.3911657333374023,9513600,569,1189200
0.0011934357462450862,0.9887959090992808,1.7823536396026611,9514400,569,1189300
3.689546065288596e-05,0.9997975084697828,1.7835904359817505,9515200,569,1189400
0.00011711656406987458,0.9978100545704365,1.764470100402832,9516000,569,1189500
0.0003139825421385467,0.9842887930572033,1.6544990539550781,9516800,569,1189600
7.16300419298932e-05,0.9954768675379455,1.7757632732391357,9517600,569,1189700
7.308590284083039e-05,0.9979367456398904,1.2695777416229248,9518400,569,1189800
0.0003622763033490628,0.985731010325253,1.6839518547058105,9519200,569,1189900
0.0002609723014757037,0.9986806036904454,1.5092071294784546,9520000,569,1190000
0.0002476440276950598,0.9870864478871226,1.6707510948181152,9520800,569,1190100
4.512220766628161e-05,0.9989855126477778,1.783229112625122,9521600,569,1190200
0.0002738604962360114,0.9973366947378963,1.5411161184310913,9522400,569,1190300
0.0002774034219328314,0.9981513707898557,1.5934290885925293,9523200,569,1190400
0.0011531516211107373,0.9929484226740897,1.7699884176254272,9524000,569,1190500
0.00017532575293444097,0.9909617584198713,1.7815577983856201,9524800,569,1190600
6.96341012371704e-05,0.9901521904394031,1.7814414501190186,9525600,569,1190700
0.0005398440989665687,0.9953881246037781,1.643425703048706,9526400,569,1190800
0.000120598851935938,0.9963432790245861,1.7674744129180908,9527200,569,1190900
0.00011287798406556249,0.998191065271385,1.767845869064331,9528000,569,1191000
0.00033394285128451884,0.9930882672779262,1.4223504066467285,9528800,569,1191100
0.0001269994827453047,0.990271688438952,1.5710062980651855,9529600,569,1191200
7.059625932015479e-05,0.9991460855235346,1.5521998405456543,9530400,569,1191300
2.986992330988869e-05,0.9988356397952884,1.7827389240264893,9531200,569,1191400
4.8428559239255264e-05,0.9993272199644707,1.7087676525115967,9532000,569,1191500
1.476156285207253e-05,0.9995187898748554,1.7378114461898804,9532800,569,1191600
2.289952499268111e-05,0.9995435445744079,1.7736809253692627,9533600,569,1191700
0.00021211068087723106,0.9952676468528807,1.2242566347122192,9534400,569,1191800
0.0006654353928752244,0.9946879241615534,1.784639835357666,9535200,569,1191900
0.0001387998490827158,0.999265567632392,1.7831966876983643,9536000,569,1192000
4.194368375465274e-05,0.998673027032055,1.7844129800796509,9536800,569,1192100
0.0006833710940554738,0.99852111376822,1.387374997138977,9537600,569,1192200
0.0009619042975828052,0.9454181976616383,1.494247555732727,9538400,569,1192300
0.00016287076869048178,0.9962812673766166,1.7800571918487549,9539200,569,1192400
0.0003443768073339015,0.9948901711031795,1.7639403343200684,9540000,569,1192500
0.00021616395679302514,0.9812811091542244,1.5931702852249146,9540800,569,1192600
7.510349678341299e-05,0.9991206827107817,1.7734241485595703,9541600,569,1192700
1.81215818884084e-05,0.9997572570864577,1.541500210762024,9542400,569,1192800
0.00016918817709665745,0.9878979297354817,1.7625092267990112,9543200,569,1192900
0.00021686794934794307,0.9964684911537915,1.3028161525726318,9544000,569,1193000
0.0007020909688435495,0.9928950499743223,1.575455904006958,9544800,569,1193100
0.0001220878621097654,0.9984021405689418,1.7871489524841309,9545600,569,1193200
0.00012404705921653658,0.9938652678392828,1.7696032524108887,9546400,569,1193300
0.0002463393029756844,0.9948825114406645,1.7803237438201904,9547200,569,1193400
0.0001163019915111363,0.9984728046692908,1.2671165466308594,9548000,569,1193500
0.00016058117034845054,0.9962189358193427,1.7842284440994263,9548800,569,1193600
0.00016841218166518956,0.99387152120471,1.4841810464859009,9549600,569,1193700
6.878863496240228e-05,0.9973398081492633,1.6019680500030518,9550400,569,1193800
9.63229249464348e-05,0.9987760839285329,1.7664258480072021,9551200,569,1193900
0.048607513308525085,0.6841855347156525,1.467085361480713,9552000,569,1194000
9.547040099278092e-05,0.9963568940293044,1.510118007659912,9552800,569,1194100
0.00020767019304912537,0.9980088474694639,1.6856720447540283,9553600,569,1194200
0.00026941089890897274,0.9611784294247627,1.7875713109970093,9554400,569,1194300
0.00013426525401882827,0.9984493176452816,1.4168620109558105,9555200,569,1194400
0.00026132489438168705,0.966615591198206,1.6705894470214844,9556000,569,1194500
0.00019154034089297056,0.9983548377640545,1.7666893005371094,9556800,569,1194600
0.00026210967916995287,0.9851142410188913,1.5083351135253906,9557600,569,1194700
5.852303729625419e-05,0.9994288956513628,1.7871923446655273,9558400,569,1194800
0.0006001049187034369,0.9951878264546394,1.4869956970214844,9559200,569,1194900
0.00017349491827189922,0.989250666461885,1.7816355228424072,9560000,569,1195000
0.0012859358685091138,0.9893574947491288,1.7733087539672852,9560800,569,1195100
0.0001120921951951459,0.9880819208920002,1.765393614768982,9561600,569,1195200
0.00016311230137944221,0.9976099419873208,1.5120230913162231,9562400,569,1195300
0.00021203348296694458,0.996699659852311,1.5081520080566406,9563200,569,1195400
0.00012003233860014006,0.997880223672837,1.7791255712509155,9564000,569,1195500
4.946157059748657e-05,0.9954848918132484,1.4798643589019775,9564800,569,1195600
4.5923854486318305e-05,0.998840949148871,1.7822601795196533,9565600,569,1195700
0.001777972443960607,0.9763778746128082,1.088090419769287,9566400,569,1195800
0.00016739603597670794,0.9990513383527286,1.7764439582824707,9567200,569,1195900
0.00016033631982281804,0.9988060592440888,1.7824757099151611,9568000,569,1196000
0.00015900045400485396,0.9961983987595886,1.7783567905426025,9568800,569,1196100
0.00022632768377661705,0.9979513145517558,1.7631750106811523,9569600,569,1196200
0.00016001415497157723,0.9985919441096485,1.7720513343811035,9570400,569,1196300
2.8192596801090986e-05,0.9995005851960741,1.7559577226638794,9571200,569,1196400
0.0011944579891860485,0.9586965441703796,1.5791170597076416,9572000,569,1196500
0.00020942736591678113,0.9962806645780802,1.3821818828582764,9572800,569,1196600
0.000772421364672482,0.9900517361238599,1.7764689922332764,9573600,569,1196700
0.00037761498242616653,0.9988993909209967,1.769801378250122,9574400,569,1196800
0.00010185359860770404,0.9928962113335729,1.7752392292022705,9575200,569,1196900
0.00023330605472438037,0.9937606402672827,1.6742010116577148,9576000,569,1197000
0.0005535733653232455,0.9708294197916985,1.6721415519714355,9576800,569,1197100
2.7269295969745144e-05,0.9991177619667724,1.4813860654830933,9577600,569,1197200
4.780971721629612e-05,0.9996508209151216,1.5062934160232544,9578400,569,1197300
5.037998562329449e-05,0.9996238748135511,1.7761962413787842,9579200,569,1197400
0.0013137029018253088,0.9940457255579531,1.710144281387329,9580000,569,1197500
0.006455650553107262,0.9033873677253723,1.6818742752075195,9580800,569,1197600
0.0007007511449046433,0.9850818626582623,1.2962639331817627,9581600,569,1197700
4.1811479604803026e-05,0.998910138849169,1.7794995307922363,9582400,569,1197800
6.65968909743242e-05,0.9990545788314193,1.7760727405548096,9583200,569,1197900
8.524766599293798e-05,0.997745314380154,1.5934619903564453,9584000,569,1198000
3.0019773475942202e-05,0.9997465173364617,1.767897367477417,9584800,569,1198100
5.887577208341099e-05,0.9981247202958912,1.764084815979004,9585600,569,1198200
4.848561002290808e-05,0.9996661439945456,1.4989429712295532,9586400,569,1198300
0.00016728759510442615,0.9947280096821487,1.5890491008758545,9587200,569,1198400
0.0006749938474968076,0.9898478584364057,1.7353079319000244,9588000,569,1198500
0.0002105839957948774,0.9985476332949474,1.7805805206298828,9588800,569,1198600
0.06279785931110382,0.4524352550506592,1.4068512916564941,9589600,569,1198700
0.0002643918851390481,0.978955864906311,1.691353440284729,9590400,569,1198800
0.0008231224492192268,0.980656461790204,1.4933663606643677,9591200,569,1198900
0.0001003088109428063,0.9954359116964042,1.42251455783844,9592000,569,1199000
0.00026924212579615414,0.9962547190953046,1.7861690521240234,9592800,569,1199100
0.0001522400270914659,0.9986095851054415,1.7713351249694824,9593600,569,1199200
0.00015505185001529753,0.9964591381140053,1.7851574420928955,9594400,569,1199300
0.00012795576185453683,0.9995769784436561,1.5066933631896973,9595200,569,1199400
4.578548396239057e-05,0.9924255581572652,1.7842504978179932,9596000,569,1199500
9.828334441408515e-05,0.9989702386083081,1.7864468097686768,9596800,569,1199600
3.793641008087434e-05,0.9951638160273433,1.5891424417495728,9597600,569,1199700
7.009664113866165e-05,0.9990257154568098,1.7798569202423096,9598400,569,1199800
0.0002761345240287483,0.9741467256098986,1.4200749397277832,9599200,569,1199900
0.00015312639879994094,0.9989229550119489,1.7793540954589844,9600000,569,1200000
6.084739288780838e-05,0.9984397062798962,1.7628591060638428,9600800,569,1200100
6.358676182571799e-05,0.9983403367223218,1.7499356269836426,9601600,569,1200200
0.009997645393013954,0.8462367951869965,1.3809113502502441,9602400,569,1200300
0.00011140426795464009,0.9743849784135818,1.7840094566345215,9603200,569,1200400
0.00011401157826185226,0.9982686945004389,1.781820297241211,9604000,569,1200500
7.821869803592563e-05,0.9625341147184372,1.670894980430603,9604800,569,1200600
1.6596208297414705e-05,0.9847621256485581,1.7796759605407715,9605600,569,1200700
0.0002541497815400362,0.9730039071291685,1.5291931629180908,9606400,569,1200800
0.0006598185864277184,0.9898011758923531,1.7540178298950195,9607200,569,1200900
0.00010438367462484166,0.9992593082133681,1.7817248106002808,9608000,569,1201000
0.0002671122783794999,0.9962258557789028,1.7721285820007324,9608800,569,1201100
0.000749093247577548,0.9953466458246112,1.6751363277435303,9609600,569,1201200
0.00012092570977983996,0.9966817470267415,1.7710926532745361,9610400,569,1201300
0.00015699861978646368,0.9987007122253999,1.5111842155456543,9611200,569,1201400
9.537653386360034e-05,0.9948495947755873,1.4118400812149048,9612000,569,1201500
0.00011059254757128656,0.9975268908310682,1.782273292541504,9612800,569,1201600
7.283147715497762e-05,0.9982037533773109,1.7795567512512207,9613600,569,1201700
0.0004686230677179992,0.9574482925236225,1.7784688472747803,9614400,569,1201800
0.00012557818263303488,0.9984208906535059,1.4082331657409668,9615200,569,1201900
9.80804834398441e-05,0.9953300980851054,1.600892186164856,9616000,569,1202000
0.0007825948996469378,0.9947629836387932,1.473321795463562,9616800,569,1202100
5.761246575275436e-05,0.9982454897835851,1.761772632598877,9617600,569,1202200
3.9600952732143924e-05,0.9994498012820259,1.7876759767532349,9618400,569,1202300
0.00601024879142642,0.8552627116441727,1.5093275308609009,9619200,569,1202400
0.0001273504749406129,0.9979795275721699,1.7871553897857666,9620000,569,1202500
0.0007071576546877623,0.9911034759134054,1.6629458665847778,9620800,569,1202600
7.359011942753568e-05,0.9919959409162402,1.7725234031677246,9621600,569,1202700
0.009186533279716969,0.9562583304941654,1.7745287418365479,9622400,569,1202800
0.00023918220540508628,0.9911881079897285,1.603428840637207,9623200,569,1202900
0.00012281925592105836,0.9906805288046598,1.763161540031433,9624000,569,1203000
6.279806257225573e-05,0.9958008420653641,1.6952290534973145,9624800,569,1203100
0.00015997583977878094,0.9971855559851974,1.7758219242095947,9625600,569,1203200
0.0037335657980293036,0.9189941436052322,1.5978484153747559,9626400,569,1203300
0.0001340963353868574,0.9980479349615052,1.773249864578247,9627200,569,1203400
0.0007962847594171762,0.9545686952769756,1.5345234870910645,9628000,569,1203500
0.0003423684393055737,0.9964846193324775,1.6886134147644043,9628800,569,1203600
0.01865662820637226,0.886150173842907,1.7699532508850098,9629600,569,1203700
0.00041180290281772614,0.9929419471882284,1.5231956243515015,9630400,569,1203800
0.0024021051358431578,0.9442189745604992,1.3436758518218994,9631200,569,1203900
0.00037910055834800005,0.9921828238293529,1.7847652435302734,9632000,569,1204000
0.002154503483325243,0.9827692098915577,1.7185065746307373,9632800,569,1204100
0.0009854697855189443,0.9917125897482038,1.7795672416687012,9633600,569,1204200
0.00036697363248094916,0.9946048720739782,1.561364769935608,9634400,569,1204300
0.00018658340559341013,0.9965286683291197,1.773390293121338,9635200,569,1204400
0.000333942734869197,0.9962795348837972,1.586658000946045,9636000,569,1204500
0.00018690439173951745,0.9827406592667103,1.784691333770752,9636800,569,1204600
0.00012434042582754046,0.9991403609747067,1.6814181804656982,9637600,569,1204700
0.00019087374676018953,0.97978276014328,1.6978836059570312,9638400,569,1204800
0.00024149258388206363,0.9964732241351157,1.7809158563613892,9639200,569,1204900
0.00014201542944647372,0.9951427793130279,1.7856179475784302,9640000,569,1205000
8.16228348412551e-05,0.9988892638357356,1.7796735763549805,9640800,569,1205100
0.0005137024563737214,0.9799342826008797,1.7115803956985474,9641600,569,1205200
0.00012727966532111168,0.9968008701689541,1.5622354745864868,9642400,569,1205300
9.2859729193151e-05,0.9993924326845445,1.181739091873169,9643200,569,1205400
1.7704616766422987e-05,0.9995125307468697,1.7842333316802979,9644000,569,1205500
2.747659891610965e-05,0.9993518355186097,1.7873839139938354,9644800,569,1205600
0.00013110127474647015,0.9978604977950454,1.7222349643707275,9645600,569,1205700
0.0007904318044893444,0.9918559854850173,1.5348098278045654,9646400,569,1205800
3.810863563558087e-05,0.9993989915819839,1.784214973449707,9647200,569,1205900
0.00019681490084622055,0.9946989980526268,1.5037180185317993,9648000,569,1206000
0.0005817806231789291,0.9935001055710018,1.7812508344650269,9648800,569,1206100
0.00010238224786007777,0.9966790662147105,1.7775912284851074,9649600,569,1206200
9.821922867558897e-05,0.9966721858363599,1.7844923734664917,9650400,569,1206300
0.00019869825337082148,0.9934324510395527,1.5728789567947388,9651200,569,1206400
8.193301619030535e-05,0.9943417254835367,1.596562385559082,9652000,569,1206500
8.946948946686462e-05,0.9977989469189197,1.6991822719573975,9652800,569,1206600
0.00020006108388770372,0.9903730051591992,1.3020977973937988,9653600,569,1206700
0.00010362027387600392,0.9985442858887836,1.787591814994812,9654400,569,1206800
9.296718781115487e-05,0.9930916475132108,1.2347030639648438,9655200,569,1206900
3.0364077247213572e-05,0.9994020843878388,1.780867576599121,9656000,569,1207000
0.00013257477257866412,0.9995568764570635,1.491383671760559,9656800,569,1207100
0.00021212876890785992,0.9966785563156009,1.426572561264038,9657600,569,1207200
3.516743890941143e-05,0.9994710010942072,1.7791876792907715,9658400,569,1207300
0.00016683975991327316,0.9926876020617783,1.7851508855819702,9659200,569,1207400
7.659125549253076e-05,0.9877805411815643,1.7791099548339844,9660000,569,1207500
6.712050526402891e-05,0.9972346536815166,1.7552106380462646,9660800,569,1207600
0.0003065774799324572,0.9828903321176767,1.7863872051239014,9661600,569,1207700
0.00011439778609201312,0.9985378097044304,1.424651861190796,9662400,569,1207800
9.616291208658367e-05,0.9923907779157162,1.7806727886199951,9663200,569,1207900
0.00013855253928340971,0.9983776081353426,1.3436392545700073,9664000,569,1208000
0.0023565569426864386,0.9554718025028706,1.7571985721588135,9664800,569,1208100
4.1233062802348286e-05,0.9991037184954621,1.7843270301818848,9665600,569,1208200
0.000269486743491143,0.9951201230287552,1.3343758583068848,9666400,569,1208300
0.0002479851245880127,0.9980076535139233,1.5261096954345703,9667200,569,1208400
0.02437610737979412,0.6846440434455872,1.512461543083191,9668000,569,1208500
0.001177371246740222,0.9965075154323131,1.7498092651367188,9668800,569,1208600
9.106413926929235e-05,0.9976688080932945,1.7887086868286133,9669600,569,1208700
0.00019348275964148343,0.9971221957821399,1.7847322225570679,9670400,569,1208800
0.0001923927920870483,0.9982952559366822,1.678587555885315,9671200,569,1208900
0.0002460221585351974,0.997561338590458,1.618901252746582,9672000,569,1209000
0.013976460322737694,0.9710684157907963,1.6892716884613037,9672800,569,1209100
0.01814507134258747,0.678460031747818,1.7686398029327393,9673600,569,1209200
0.0003558873140718788,0.9977341378107667,1.7852215766906738,9674400,569,1209300
0.0007370158564299345,0.9916366068646312,1.7659046649932861,9675200,569,1209400
0.00014633513637818396,0.9964571252930909,1.4784958362579346,9676000,569,1209500
0.0006285207928158343,0.9869127543643117,1.6445997953414917,9676800,569,1209600
0.00021852301142644137,0.9928254028782248,1.5575871467590332,9677600,569,1209700
0.00044052995508536696,0.9865293698385358,1.7566359043121338,9678400,569,1209800
0.0002089332410832867,0.99428999889642,1.4906272888183594,9679200,569,1209900
5.075013905297965e-05,0.997190150199458,1.767317295074463,9680000,569,1210000
3.957001172238961e-05,0.9993793279863894,1.7524769306182861,9680800,569,1210100
0.0007845360087230802,0.9435332491993904,1.5107345581054688,9681600,569,1210200
0.002832847647368908,0.9688989166170359,1.4440017938613892,9682400,569,1210300
4.276187974028289e-05,0.9995700295257848,1.7255537509918213,9683200,569,1210400
0.00016366547788493335,0.9618938341736794,1.780583381652832,9684000,569,1210500
0.0002714080619625747,0.9983705157646909,1.6928832530975342,9684800,569,1210600
0.0001522488018963486,0.9787314143031836,1.4973759651184082,9685600,569,1210700
3.879240830428898e-05,0.9915395537391305,1.7833572626113892,9686400,569,1210800
0.0005297333700582385,0.9784200098365545,1.2270917892456055,9687200,569,1210900
2.945792584796436e-05,0.997654557460919,1.7879447937011719,9688000,569,1211000
0.000188305348274298,0.9985059723258018,1.7752795219421387,9688800,569,1211100
0.00229881564155221,0.9752553291618824,1.236603021621704,9689600,569,1211200
0.00012873735977336764,0.9436779841780663,1.7828677892684937,9690400,569,1211300
0.00013634887000080198,0.980537224560976,1.1989330053329468,9691200,569,1211400
4.374172931420617e-05,0.997257340233773,1.7863476276397705,9692000,569,1211500
0.0003553355345502496,0.9937632577493787,1.4202680587768555,9692800,569,1211600
7.540486694779247e-05,0.996763889444992,1.779606819152832,9693600,569,1211700
1.3294943528308067e-05,0.9998290761141106,1.7820827960968018,9694400,569,1211800
0.0001006421516649425,0.9865495190024376,1.4781790971755981,9695200,569,1211900
9.321505785919726e-05,0.9970643096603453,1.771413803100586,9696000,569,1212000
0.00012326266732998192,0.9989885569084436,1.49005925655365,9696800,569,1212100
0.0001494028838351369,0.9916893858462572,1.7818992137908936,9697600,569,1212200
0.00011376071779523045,0.9988365736790001,1.593520164489746,9698400,569,1212300
0.004663087893277407,0.8970642760396004,1.4143482446670532,9699200,569,1212400
0.00048246001824736595,0.9939072248525918,1.7845269441604614,9700000,569,1212500
0.00038161914562806487,0.9941684319637716,1.5111680030822754,9700800,569,1212600
6.382061110343784e-05,0.9977679050061852,1.7590351104736328,9701600,569,1212700
0.0009194526937790215,0.9944565617479384,1.720505952835083,9702400,569,1212800
0.002152198227122426,0.9612328335642815,1.5960307121276855,9703200,569,1212900
0.012557116337120533,0.5245597064495087,1.5085707902908325,9704000,569,1213000
5.0384580390527844e-05,0.9969312064349651,1.730987310409546,9704800,569,1213100
0.0006212765583768487,0.9792268350720406,1.5202009677886963,9705600,569,1213200
0.00015128011000342667,0.9277195483446121,1.7807327508926392,9706400,569,1213300
0.005925695411860943,0.9639101698994637,1.46742582321167,9707200,569,1213400
0.004138423595577478,-4.387975692749023,1.6973872184753418,9708000,569,1213500
0.004261829424649477,-0.23037803173065186,1.6735053062438965,9708800,569,1213600
0.004117484670132399,0.8212385177612305,1.579242467880249,9709600,569,1213700
0.0004978228243999183,0.9963758448138833,1.7645798921585083,9710400,569,1213800
0.00033210343099199235,0.46226102113723755,1.7871713638305664,9711200,569,1213900
0.00020535686053335667,0.9988004944752902,1.7757138013839722,9712000,569,1214000
0.0003334196226205677,0.9849920691922307,1.7878044843673706,9712800,569,1214100
0.00017814683087635785,0.997642929200083,1.5621384382247925,9713600,569,1214200
8.631472155684605e-05,0.9978277436457574,1.7442638874053955,9714400,569,1214300
0.00010024779476225376,0.9995987239817623,1.7681180238723755,9715200,569,1214400
0.00038096040952950716,0.9947047890163958,1.774153709411621,9716000,569,1214500
0.00015331128088291734,0.9982671397738159,1.7454116344451904,9716800,569,1214600
0.00022254494251683354,0.9758695643395185,1.584139108657837,9717600,569,1214700
0.0002999691932927817,0.9986642386065796,1.2719762325286865,9718400,569,1214800
0.00020893046166747808,0.9987112778471783,1.773954153060913,9719200,569,1214900
9.78985772235319e-05,0.9984373005572706,1.777574062347412,9720000,569,1215000
0.00022048555547371507,0.9954297146759927,1.595423698425293,9720800,569,1215100
0.0001386759540764615,0.9969780973624438,1.7555577754974365,9721600,569,1215200
3.650477810879238e-05,0.9989612034987658,1.786003589630127,9722400,569,1215300
3.476781785138883e-05,0.9992895179893821,1.4115829467773438,9723200,569,1215400
2.300799678778276e-05,0.9994849779759534,1.7665886878967285,9724000,569,1215500
0.00011137063847854733,0.9971611250657588,1.7827398777008057,9724800,569,1215600
0.0002145160542568192,0.9957867357879877,1.5755393505096436,9725600,569,1215700
0.0003347555175423622,0.9747652523219585,1.487091064453125,9726400,569,1215800
0.0001703710004221648,0.9979339647106826,1.784165620803833,9727200,569,1215900
0.002418999094516039,0.9442286379635334,1.4888290166854858,9728000,569,1216000
0.0005756733007729053,0.9952864767983556,1.5973622798919678,9728800,569,1216100
0.0002040873805526644,0.9934433568269014,1.4154459238052368,9729600,569,1216200
0.00023470862652175128,0.9990296789328568,1.776297688484192,9730400,569,1216300
0.0014671912649646401,0.9765670336782932,1.781480073928833,9731200,569,1216400
0.00019710326159838587,0.9925719387829304,1.515176773071289,9732000,569,1216500
0.004773793742060661,0.9281386211514473,1.6742119789123535,9732800,569,1216600
0.00034012336982414126,0.992886804509908,1.5254582166671753,9733600,569,1216700
0.0019575117621570826,0.9942902349866927,1.5454028844833374,9734400,569,1216800
2.873745688702911e-05,0.9997044470801484,1.781865119934082,9735200,569,1216900
1.2158621757407673e-05,0.9988813364179805,1.780564308166504,9736000,569,1217000
9.328302985522896e-05,0.9981011329218745,1.7621697187423706,9736800,569,1217100
0.00021593566634692252,0.9963575666770339,1.7043814659118652,9737600,569,1217200
0.00046156803728081286,0.9943271828815341,1.509791374206543,9738400,569,1217300
0.00032644649036228657,0.9983052550815046,1.5641807317733765,9739200,569,1217400
0.00015677970077376813,0.9941422939300537,1.7838220596313477,9740000,569,1217500
0.0006710129091516137,0.9924542573280632,1.1420097351074219,9740800,569,1217600
6.538027810165659e-05,0.9925716542638838,1.600294828414917,9741600,569,1217700
0.0002631094539538026,0.9977827831171453,1.784240961074829,9742400,569,1217800
0.0017082554986700416,0.8960557132959366,1.5461597442626953,9743200,569,1217900
2.1832951460964978e-05,0.9994674336630851,1.5936089754104614,9744000,569,1218000
0.027514541521668434,-0.03850114345550537,1.7663809061050415,9744800,569,1218100
0.00011568951595108956,0.9982621046947315,1.7867262363433838,9745600,569,1218200
3.065585042349994e-05,0.99922928691376,1.542171835899353,9746400,569,1218300
0.00024399788526352495,0.993171758018434,1.7830698490142822,9747200,569,1218400
0.0002917721285484731,0.99817024753429,1.7591359615325928,9748000,569,1218500
0.0007459518383257091,0.9897899180650711,1.7617418766021729,9748800,569,1218600
0.02369135059416294,0.9182590320706367,1.6940830945968628,9749600,569,1218700
3.5974102502223104e-05,0.9977152834180743,1.6591440439224243,9750400,569,1218800
0.0001950491569004953,0.9738615471869707,1.7818505764007568,9751200,569,1218900
0.000565960246603936,0.9923302130773664,1.4147236347198486,9752000,569,1219000
2.6040515876957215e-05,0.9996801073721144,1.5078885555267334,9752800,569,1219100
2.7365003916202113e-05,0.9995349789096508,1.7856531143188477,9753600,569,1219200
6.243056122912094e-05,0.9968143976293504,1.404604196548462,9754400,569,1219300
0.00014520122203975916,0.9965416216291487,1.7827227115631104,9755200,569,1219400
0.0001623058196855709,0.9982386878691614,1.782972812652588,9756000,569,1219500
0.0001633114879950881,0.9989078290527686,1.7719987630844116,9756800,569,1219600
0.000205927892238833,0.9986441612709314,1.4618921279907227,9757600,569,1219700
0.0002554628881625831,0.9901810949668288,1.509143352508545,9758400,569,1219800
0.00024188010138459504,0.9963996699079871,1.731711983680725,9759200,569,1219900
0.0003005818580277264,0.9953109337948263,1.3590059280395508,9760000,569,1220000
0.0001465019740862772,0.9923233203589916,1.597407579421997,9760800,569,1220100
0.000100240322353784,0.998479081550613,1.7789275646209717,9761600,569,1220200
0.00013418393791653216,0.9988734895596281,1.7510795593261719,9762400,569,1220300
0.00037573539884760976,0.9978061728179455,1.7823772430419922,9763200,569,1220400
5.325062738847919e-05,0.9975051884539425,1.7812650203704834,9764000,569,1220500
0.00011834392353193834,0.9964333411771804,1.7666258811950684,9764800,569,1220600
9.206789400195703e-05,0.9995264084718656,1.7860966920852661,9765600,569,1220700
6.868696073070168e-05,0.9981778952060267,1.7801388502120972,9766400,569,1220800
0.003247076878324151,0.717725396156311,1.7765063047409058,9767200,569,1220900
0.00021764541452284902,0.9941837368533015,1.2657326459884644,9768000,569,1221000
0.00024006675812415779,0.9987023808062077,1.4878315925598145,9768800,569,1221100
0.00029380826163105667,0.9971117051318288,1.7875545024871826,9769600,569,1221200
0.0013046866515651345,0.9864076720550656,1.7852997779846191,9770400,569,1221300
0.00012299357331357896,0.99944302754011,1.7756736278533936,9771200,569,1221400
9.900538134388626e-05,0.9953248221427202,1.7800227403640747,9772000,569,1221500
0.00018099116277880967,0.9994444929179735,1.6046457290649414,9772800,569,1221600
0.00016727068577893078,0.9986329440725967,1.6981184482574463,9773600,569,1221700
0.00023536710068583488,0.9994906634092331,1.783506155014038,9774400,569,1221800
4.727254417957738e-05,0.9993137755081989,1.781360387802124,9775200,569,1221900
0.00025840726448222995,0.9891183814033866,1.7805535793304443,9776000,569,1222000
2.727971332205925e-05,0.9989723722683266,1.7783056497573853,9776800,569,1222100
7.957268098834902e-05,0.998076481744647,1.3182694911956787,9777600,569,1222200
0.002623903565108776,0.7861728817224503,1.7712607383728027,9778400,569,1222300
4.407489541335963e-05,0.9992842861101963,1.7819089889526367,9779200,569,1222400
0.0011088280007243156,0.9953915220685303,1.513596534729004,9780000,569,1222500
0.005426426883786917,0.9428072571754456,1.7863394021987915,9780800,569,1222600
0.00016807406791485846,0.9952107444405556,1.5156619548797607,9781600,569,1222700
6.794078217353672e-05,0.997819242766127,1.597984790802002,9782400,569,1222800
5.517330646398477e-05,0.9991141873179004,1.6662242412567139,9783200,569,1222900
0.0006673206808045506,0.9958914606831968,1.782704472541809,9784000,569,1223000
7.297255797311664e-05,0.9995562645490281,1.5180368423461914,9784800,569,1223100
6.77929274388589e-05,0.9957869495265186,1.4159824848175049,9785600,569,1223200
0.00022331200307235122,0.9397553279995918,1.7822966575622559,9786400,569,1223300
5.0972892495337874e-05,0.9992975953500718,1.787895679473877,9787200,569,1223400
0.00011348872067173943,0.9987850767793134,1.786531686782837,9788000,569,1223500
0.0004217257082927972,0.9758885689079762,1.5178583860397339,9788800,569,1223600
2.0345136363175698e-05,0.9996860543324146,1.7873363494873047,9789600,569,1223700
0.0002505271986592561,0.9958938458003104,1.7545819282531738,9790400,569,1223800
0.00011425807315390557,0.9975067756604403,1.4118714332580566,9791200,569,1223900
0.0005163852474652231,0.9883644040673971,1.4545480012893677,9792000,569,1224000
6.153613503556699e-05,0.9993435796932317,1.7866241931915283,9792800,569,1224100
0.0003617869224399328,0.9989319331943989,1.4683656692504883,9793600,569,1224200
0.00014276434376370162,0.9982068004319444,1.783016324043274,9794400,569,1224300
0.08398891985416412,0.3770660161972046,1.4035110473632812,9795200,569,1224400
9.858856356004253e-05,0.9639719724655151,1.7812002897262573,9796000,569,1224500
0.0002940199919976294,0.9828027486801147,1.3209612369537354,9796800,569,1224600
0.00011207930219825357,0.9486168995499611,1.7888507843017578,9797600,569,1224700
0.00014946365263313055,0.9743636678904295,1.7818315029144287,9798400,569,1224800
0.0002523125149309635,0.9974840772338212,1.7833197116851807,9799200,569,1224900
0.00012044452887494117,0.9987020931439474,1.583856225013733,9800000,569,1225000
4.6437075070571154e-05,0.9987303508678451,1.7805554866790771,9800800,569,1225100
8.12710786703974e-05,0.9994765797746368,1.7634975910186768,9801600,569,1225200
1.6444475477328524e-05,0.9995459791680332,1.5116031169891357,9802400,569,1225300
6.405930616892874e-05,0.9976476279553026,1.5279815196990967,9803200,569,1225400
0.0002955007366836071,0.996125174453482,1.7866171598434448,9804000,569,1225500
0.0020214621908962727,0.991310890763998,1.4021990299224854,9804800,569,1225600
0.00010897198808379471,0.9939383761957288,1.5678937435150146,9805600,569,1225700
0.00023902967222966254,0.9954195935279131,1.5038783550262451,9806400,569,1225800
0.0005508679896593094,0.996077973395586,1.4953548908233643,9807200,569,1225900
0.0001289679785259068,0.9965836885385215,1.7811710834503174,9808000,569,1226000
0.00010376228601671755,0.9979899395257235,1.6037070751190186,9808800,569,1226100
5.5680731747997925e-05,0.9974798343610018,1.7750403881072998,9809600,569,1226200
7.225915760500357e-05,0.9980634822277352,1.78045654296875,9810400,569,1226300
0.00014592328807339072,0.9954579314216971,1.491060733795166,9811200,569,1226400
0.00026046790299005806,0.9939128244295716,1.5102654695510864,9812000,569,1226500
0.00011027049913536757,0.9976240186952055,1.7756801843643188,9812800,569,1226600
0.0010191500186920166,0.9948177644982934,1.7042415142059326,9813600,569,1226700
0.0002432523760944605,0.9954082192853093,1.5983901023864746,9814400,569,1226800
0.0019562498200684786,0.8919622600078583,1.7827166318893433,9815200,569,1226900
2.9257415008032694e-05,0.9970251906197518,1.7761719226837158,9816000,569,1227000
0.0002500879345461726,0.9929341175593436,1.4733994007110596,9816800,569,1227100
0.0002687005908228457,0.9871525662019849,1.4879779815673828,9817600,569,1227200
5.739833432016894e-05,0.9988776156678796,1.3384971618652344,9818400,569,1227300
6.46805128781125e-05,0.9975014585070312,1.501819133758545,9819200,569,1227400
0.00010325913171982393,0.9980326974764466,1.7845737934112549,9820000,569,1227500
0.0017595599638298154,0.9883346185088158,1.6572959423065186,9820800,569,1227600
0.0004111332236789167,0.9976477071177214,1.776808738708496,9821600,569,1227700
6.775136716896668e-05,0.9820398613810539,1.7825391292572021,9822400,569,1227800
0.002866489812731743,0.9897915851324797,1.7316089868545532,9823200,569,1227900
0.00025017379084602,0.9979310166090727,1.7818269729614258,9824000,569,1228000
8.338922634720802e-05,0.9986973365303129,1.7714389562606812,9824800,569,1228100
0.00018672675651032478,0.9954626797698438,1.6893161535263062,9825600,569,1228200
0.00017307756934314966,0.9984065847238526,1.5877248048782349,9826400,569,1228300
0.00045762155787087977,0.9829578958451748,1.495659351348877,9827200,569,1228400
0.00024106967612169683,0.9982676645740867,1.4430944919586182,9828000,569,1228500
0.0010025149676948786,0.9881878653541207,1.634444236755371,9828800,569,1228600
0.0004822061746381223,0.9975018056575209,1.4943276643753052,9829600,569,1228700
5.861353929503821e-05,0.9975221673958004,1.782792091369629,9830400,569,1228800
7.565449777757749e-05,0.9980994386132807,1.784482717514038,9831200,569,1228900
0.00010476978059159592,0.9917373461648822,0.9713295698165894,9832000,569,1229000
0.00010287358600180596,0.998564840410836,1.7657772302627563,9832800,569,1229100
4.133472975809127e-05,0.9981065624160692,1.7836990356445312,9833600,569,1229200
2.8607328204088844e-05,0.9952163770794868,1.785382866859436,9834400,569,1229300
0.020214112475514412,0.373923122882843,1.5702214241027832,9835200,569,1229400
0.0006415501702576876,0.9900729907676578,1.7762922048568726,9836000,569,1229500
0.00031231585307978094,0.9934601564891636,1.5063345432281494,9836800,569,1229600
3.179805935360491e-05,0.9977626805193722,1.7767550945281982,9837600,569,1229700
4.515966429607943e-05,0.9992025619139895,1.7827785015106201,9838400,569,1229800
0.0001538346114102751,0.9899349575862288,1.5510127544403076,9839200,569,1229900
9.44175262702629e-05,0.996915293391794,1.4985650777816772,9840000,569,1230000
4.160594835411757e-05,0.9984219208126888,1.5209875106811523,9840800,569,1230100
0.0003947384830098599,0.996333668474108,1.7864727973937988,9841600,569,1230200
0.00023231627710629255,0.9980375738814473,1.767216682434082,9842400,569,1230300
0.0006902855238877237,0.9949637111276388,1.4429574012756348,9843200,569,1230400
0.00015895294200163335,0.9958755150437355,1.6914154291152954,9844000,569,1230500
4.7856519813649356e-05,0.9912954121828079,1.783113718032837,9844800,569,1230600
0.0001367658405797556,0.9983743701595813,1.7861604690551758,9845600,569,1230700
4.5036365918349475e-05,0.9983586337184533,1.479886531829834,9846400,569,1230800
6.969948299229145e-05,0.9990907947649248,1.7834129333496094,9847200,569,1230900
3.8335216231644154e-05,0.9974883783143014,1.5043727159500122,9848000,569,1231000
0.018795451149344444,0.6723617911338806,1.6193246841430664,9848800,569,1231100
0.0004784282355103642,0.9976412176620215,1.6587777137756348,9849600,569,1231200
0.06403055787086487,-0.5805174112319946,1.260002851486206,9850400,569,1231300
7.965760596562177e-05,0.998652929905802,1.6668788194656372,9851200,569,1231400
8.888542652130127e-05,0.9981569262454286,1.7744799852371216,9852000,569,1231500
8.903465641196817e-05,0.99247657507658,1.724409580230713,9852800,569,1231600
7.068794366205111e-05,0.9977357373572886,1.4299572706222534,9853600,569,1231700
9.746348951011896e-05,0.997013826854527,1.4915882349014282,9854400,569,1231800
4.257668479112908e-05,0.998938569216989,1.4999091625213623,9855200,569,1231900
5.427072392194532e-05,0.9984661983326077,1.5307326316833496,9856000,569,1232000
0.001626923680305481,0.970731545239687,1.7719972133636475,9856800,569,1232100
0.0003372341743670404,0.997562708100304,1.2871623039245605,9857600,569,1232200
4.3556836317293346e-05,0.9934951118193567,1.7856041193008423,9858400,569,1232300
0.0001431742712156847,0.9970637722872198,1.786063313484192,9859200,569,1232400
0.00012311793398112059,0.9738277569413185,1.6412529945373535,9860000,569,1232500
4.0484588680556044e-05,0.9994858250720426,1.7779958248138428,9860800,569,1232600
8.794500172371045e-05,0.9945385181345046,1.7730634212493896,9861600,569,1232700
0.0006745153805240989,0.98481216840446,1.7841315269470215,9862400,569,1232800
0.0001592701009940356,0.9982391658704728,1.4074549674987793,9863200,569,1232900
0.00023859378416091204,0.9968471596948802,1.7846628427505493,9864000,569,1233000
6.833429506514221e-05,0.9990201642503962,1.6616671085357666,9864800,569,1233100
6.112710980232805e-05,0.9981036914978176,1.5093865394592285,9865600,569,1233200
6.09972448728513e-05,0.998843427747488,1.77727472782135,9866400,569,1233300
5.979696652502753e-05,0.9984724682290107,1.7859658002853394,9867200,569,1233400
2.1723370082327165e-05,0.9995885348471347,1.7871369123458862,9868000,569,1233500
7.916550384834409e-05,0.9996165747870691,1.5912959575653076,9868800,569,1233600
5.6780110753607005e-05,0.9989330664975569,1.7484625577926636,9869600,569,1233700
0.0006531104445457458,0.9894131869077682,1.7813010215759277,9870400,569,1233800
0.0006577835883945227,0.991841122508049,1.373443603515625,9871200,569,1233900
6.372480129357427e-05,0.9980779404286295,1.6526484489440918,9872000,569,1234000
8.512516797054559e-05,0.9986072442261502,1.4558535814285278,9872800,569,1234100
0.0029155162628740072,0.9355476126074791,1.5124683380126953,9873600,569,1234200
0.00018255480972584337,0.9661713689565659,1.7834787368774414,9874400,569,1234300
0.00020473432959988713,0.9912011073902249,1.591230034828186,9875200,569,1234400
0.0002668417291715741,0.9955133255571127,1.7847845554351807,9876000,569,1234500
0.0001422249188181013,0.9978992610704154,1.569960594177246,9876800,569,1234600
0.002332745585590601,0.9840429481118917,1.487156629562378,9877600,569,1234700
0.001778918318450451,0.9759043715894222,1.7755274772644043,9878400,569,1234800
0.0006934170378372073,0.993636941537261,1.5263134241104126,9879200,569,1234900
7.382803596556187e-05,0.9897563196718693,1.782564401626587,9880000,569,1235000
0.00015991763211786747,0.9967404108028859,1.6935371160507202,9880800,569,1235100
6.0623668105108663e-05,0.9950908157043159,1.7126367092132568,9881600,569,1235200
0.0007933143642731011,0.9954108288511634,1.7604522705078125,9882400,569,1235300
0.00021866505267098546,0.991676832549274,1.5149502754211426,9883200,569,1235400
7.819419988663867e-05,0.9992580526741222,1.7821691036224365,9884000,569,1235500
4.618664024746977e-05,0.9994736375520006,1.783050775527954,9884800,569,1235600
0.007533313240855932,0.9309478625655174,1.706167459487915,9885600,569,1235700
0.00037625423283316195,0.9958409182727337,1.7439216375350952,9886400,569,1235800
6.700535595882684e-05,0.9887854782864451,1.7874412536621094,9887200,569,1235900
0.0003543850325513631,0.9912312645465136,1.2572132349014282,9888000,569,1236000
0.00018825256847776473,0.989674648270011,1.6160184144973755,9888800,569,1236100
9.892323578242213e-05,0.9973799737636,1.5641326904296875,9889600,569,1236200
4.816796717932448e-05,0.9978684692177922,1.7569259405136108,9890400,569,1236300
1.592838452779688e-05,0.9996998952701688,1.783669114112854,9891200,569,1236400
5.8877158153336495e-05,0.9992190040647984,1.50313401222229,9892000,569,1236500
6.11591458437033e-05,0.9982349657220766,1.7821447849273682,9892800,569,1236600
4.5753920858260244e-05,0.9870199114084244,1.7706542015075684,9893600,569,1236700
3.471998934401199e-05,0.9479993544518948,1.7844157218933105,9894400,569,1236800
9.22531689866446e-05,0.9994033560506068,1.786299467086792,9895200,569,1236900
0.00010447975364513695,0.9809597246348858,1.7345657348632812,9896000,569,1237000
6.609962292714044e-05,0.7109807729721069,1.7857433557510376,9896800,569,1237100
5.105142918182537e-05,0.998414593283087,1.0897495746612549,9897600,569,1237200
0.00015999698371160775,0.9957800274714828,1.541903018951416,9898400,569,1237300
0.0017733819549903274,0.9847243409603834,1.3258702754974365,9899200,569,1237400
0.005610146559774876,0.9640536196529865,1.6169524192810059,9900000,569,1237500
8.779656491242349e-05,0.9945382135920227,1.7682234048843384,9900800,569,1237600
0.00015794357750564814,0.9942997735925019,1.3569324016571045,9901600,569,1237700
1.2179937584733125e-05,0.9994082973571494,1.4910261631011963,9902400,569,1237800
0.0004022802459076047,0.9961865406949073,1.5842853784561157,9903200,569,1237900
0.00022415588318835944,0.9967946026008576,1.7457225322723389,9904000,569,1238000
0.00014515951625071466,0.9974881480447948,1.7800167798995972,9904800,569,1238100
0.003364365082234144,0.954295102506876,1.7807785272598267,9905600,569,1238200
0.0003423738817218691,0.9981111284578219,1.6015639305114746,9906400,569,1238300
6.579881301149726e-05,0.9996587706264108,1.7761754989624023,9907200,569,1238400
0.00011067776358686388,0.9966196443419904,1.7850134372711182,9908000,569,1238500
0.00012293312465772033,0.9974831549916416,1.7825064659118652,9908800,569,1238600
0.00018547935178503394,0.9959912174381316,1.7818399667739868,9909600,569,1238700
0.0001627945021027699,0.9982245517894626,1.7832753658294678,9910400,569,1238800
9.261153900297359e-05,0.9977248776704073,1.224862813949585,9911200,569,1238900
0.00010563609248492867,0.9979096110910177,1.7507195472717285,9912000,569,1239000
0.0006406576721929014,0.9972101075109094,1.7197493314743042,9912800,569,1239100
0.0023342755157500505,0.9665806256234646,1.730259895324707,9913600,569,1239200
9.704660624265671e-05,0.9984636137960479,1.735148310661316,9914400,569,1239300
0.00043132086284458637,0.9961669009644538,1.7828584909439087,9915200,569,1239400
0.0001313147076871246,0.9962166377808899,1.5082769393920898,9916000,569,1239500
7.055429159663618e-05,0.9968899965751916,1.5114877223968506,9916800,569,1239600
8.337692997884005e-05,0.9982940984191373,1.7850208282470703,9917600,569,1239700
0.054050419479608536,0.690258800983429,1.5080128908157349,9918400,569,1239800
0.00025996781187132,0.9973764775786549,1.7794969081878662,9919200,569,1239900
0.0005278988392092288,0.9976870908867568,1.606997013092041,9920000,569,1240000
0.0031085750088095665,0.968369722366333,1.7699217796325684,9920800,569,1240100
0.0001272481749765575,0.9972854238003492,1.7868528366088867,9921600,569,1240200
8.932376658776775e-05,0.9995836167945527,1.7778897285461426,9922400,569,1240300
0.0005659379530698061,0.9715472124516964,1.4941004514694214,9923200,569,1240400
0.0005011586472392082,0.9952914887107909,1.7598698139190674,9924000,569,1240500
6.557934102602303e-05,0.9958453536964953,1.2826919555664062,9924800,569,1240600
0.00023475041962228715,0.9968245369382203,1.7867248058319092,9925600,569,1240700
0.00017825377290137112,0.9955968321301043,1.681417465209961,9926400,569,1240800
0.020134376361966133,0.6971973180770874,1.6692359447479248,9927200,569,1240900
0.00019363034516572952,0.9967367216013372,1.5015347003936768,9928000,569,1241000
0.00014959445979911834,0.9830015227198601,1.7676901817321777,9928800,569,1241100
0.0027000282425433397,0.9643749482929707,1.5792279243469238,9929600,569,1241200
3.346730227349326e-05,0.9986177758546546,1.5417792797088623,9930400,569,1241300
9.421609138371423e-05,0.9989119995152578,1.683847188949585,9931200,569,1241400
0.0003041022573597729,0.9875803673639894,1.7779691219329834,9932000,569,1241500
0.00016891557606868446,0.9962382933590561,1.4397070407867432,9932800,569,1241600
5.826454435009509e-05,0.9990139284636825,1.618866205215454,9933600,569,1241700
2.659896927070804e-05,0.999446484434884,1.7777172327041626,9934400,569,1241800
0.0002461840049363673,0.9983420211356133,1.781461477279663,9935200,569,1241900
0.0002955602831207216,0.999260829295963,1.6115927696228027,9936000,569,1242000
9.539455641061068e-05,0.9975568770896643,1.783599615097046,9936800,569,1242100
2.906543704739306e-05,0.9981601731851697,1.7745335102081299,9937600,569,1242200
7.406625081785023e-05,0.992508334107697,1.7702717781066895,9938400,569,1242300
0.00016098265768960118,0.9985637161880732,1.5074224472045898,9939200,569,1242400
6.410344212781638e-05,0.9962397993076593,1.5198760032653809,9940000,569,1242500
0.0006297316867858171,0.99478555098176,1.788057804107666,9940800,569,1242600
0.00019980041543021798,0.9878856930881739,1.5082619190216064,9941600,569,1242700
0.0003726871218532324,0.9978110969532281,1.7683305740356445,9942400,569,1242800
0.00010260468116030097,0.9982145563699305,1.7839066982269287,9943200,569,1242900
0.00019295176025480032,0.9700708836317062,1.7672200202941895,9944000,569,1243000
2.692217822186649e-05,0.9975026415195316,1.2298400402069092,9944800,569,1243100
3.423149973968975e-05,0.9917174559086561,1.7866449356079102,9945600,569,1243200
4.340352097642608e-05,0.9995455312891863,1.7828869819641113,9946400,569,1243300
0.00016602847608737648,0.998036653501913,1.6716922521591187,9947200,569,1243400
0.00017276786093134433,0.9984237113967538,1.7866404056549072,9948000,569,1243500
5.024100391892716e-05,0.9995505061815493,1.5958530902862549,9948800,569,1243600
0.00011249037925153971,0.9983307905495167,1.6903562545776367,9949600,569,1243700
0.00010921710054390132,0.996830663876608,1.290791392326355,9950400,569,1243800
0.00012665873509831727,0.9961498016491532,1.7885794639587402,9951200,569,1243900
7.876816380303353e-05,0.9975834635552019,1.7872052192687988,9952000,569,1244000
3.462521272012964e-05,0.9992979413946159,1.785123348236084,9952800,569,1244100
0.0035865555983036757,0.9789033401757479,1.776700735092163,9953600,569,1244200
3.9851805922808126e-05,0.9967103751841933,1.7885335683822632,9954400,569,1244300
3.5570272302720696e-05,0.9996218028245494,1.6037449836730957,9955200,569,1244400
0.00039408134762197733,0.9791084304451942,1.5090370178222656,9956000,569,1244500
0.0006987117230892181,0.9959763344377279,1.7807955741882324,9956800,569,1244600
9.914800466503948e-05,0.9950620620511472,1.7811129093170166,9957600,569,1244700
0.0002597001730464399,0.9923253473825753,1.7633557319641113,9958400,569,1244800
0.00024300739460159093,0.9879748122766614,1.314138412475586,9959200,569,1244900
7.163865666370839e-05,0.9986636706162244,1.4348403215408325,9960000,569,1245000
4.606129368767142e-05,0.9989646279718727,1.5136946439743042,9960800,569,1245100
5.634648186969571e-05,0.998375560157001,1.7879008054733276,9961600,569,1245200
0.00010205228318227455,0.9983123518759385,1.7807084321975708,9962400,569,1245300
0.0024130309466272593,0.9949194598011672,1.5114059448242188,9963200,569,1245400
0.00010170174209633842,0.9977505686692894,1.7866263389587402,9964000,569,1245500
0.00012193968723295256,0.9950669961981475,1.2350701093673706,9964800,569,1245600
5.132048318046145e-05,0.9987658669706434,1.7112658023834229,9965600,569,1245700
7.328300853259861e-05,0.9984978655120358,1.7415108680725098,9966400,569,1245800
0.00019978819182142615,0.9942090250551701,1.776199460029602,9967200,569,1245900
0.05516020581126213,0.3824380040168762,1.4086575508117676,9968000,569,1246000
0.001622667070478201,0.9853313937783241,1.4979596138000488,9968800,569,1246100
8.179885480785742e-05,0.9978628661483526,1.789027214050293,9969600,569,1246200
0.0005482101114466786,0.9971954321954399,1.7390468120574951,9970400,569,1246300
0.0013282782165333629,0.9745106808841228,1.3923810720443726,9971200,569,1246400
0.01501825824379921,0.785818949341774,1.78438138961792,9972000,569,1246500
9.361994307255372e-05,0.9969466931652278,1.785618543624878,9972800,569,1246600
0.0001992428005905822,0.9985136005561799,1.767019510269165,9973600,569,1246700
0.00013404025230556726,0.9987279168562964,1.672581434249878,9974400,569,1246800
5.3359784942585975e-05,0.9996758496854454,1.7863600254058838,9975200,569,1246900
0.00015715048357378691,0.9404447115957737,1.7132444381713867,9976000,569,1247000
0.00016422047337982804,0.8459491282701492,1.7866281270980835,9976800,569,1247100
0.00011488722520880401,0.9632389098405838,1.3858973979949951,9977600,569,1247200
0.0011259320890530944,0.9631285034120083,1.7704293727874756,9978400,569,1247300
9.860699356067926e-05,0.9982708564493805,1.2386419773101807,9979200,569,1247400
5.6354736443609e-05,0.9985061849001795,1.5152860879898071,9980000,569,1247500
0.0008660050807520747,0.9943463006056845,1.7811567783355713,9980800,569,1247600
0.0002180346054956317,0.9982230443274602,1.6563154458999634,9981600,569,1247700
0.0007740958826616406,0.9908353118225932,1.5110845565795898,9982400,569,1247800
0.00010254279186483473,0.9987345513654873,1.680285096168518,9983200,569,1247900
4.711578003480099e-05,0.9983003797242418,1.7881665229797363,9984000,569,1248000
0.000500237918458879,0.9967686131130904,1.7765436172485352,9984800,569,1248100
3.3874977816594765e-05,0.999160529114306,1.512712836265564,9985600,569,1248200
4.719231583294459e-05,0.9991032581310719,1.7858511209487915,9986400,569,1248300
0.00011122306750621647,0.9993264729855582,1.7787508964538574,9987200,569,1248400
0.0004272798541933298,0.9359006062150002,1.783544898033142,9988000,569,1248500
0.0006916916463524103,0.9907536040991545,1.6683948040008545,9988800,569,1248600
0.00016988834249787033,0.9841002989560366,1.7860805988311768,9989600,569,1248700
6.019465945428237e-05,0.998676388640888,1.2616379261016846,9990400,569,1248800
8.827530837152153e-05,0.9981636139564216,1.678253412246704,9991200,569,1248900
0.00027849344769492745,0.9961639961693436,1.779087781906128,9992000,569,1249000
5.908041930524632e-05,0.996467346791178,1.7793755531311035,9992800,569,1249100
3.6912751966156065e-05,0.9995860440831166,1.7249882221221924,9993600,569,1249200
0.0002860321255866438,0.9947163327597082,1.4744055271148682,9994400,569,1249300
0.00029552230262197554,0.9977152002975345,1.3971312046051025,9995200,569,1249400
5.789486021967605e-05,0.9988348971819505,1.3831841945648193,9996000,569,1249500
0.00011604471364989877,0.9987699197372422,1.7818427085876465,9996800,569,1249600
0.00013873004354536533,0.9985787727637216,1.7772562503814697,9997600,569,1249700
0.00022265713778324425,0.9956446560099721,1.766997218132019,9998400,569,1249800
0.00019022487686015666,0.9977487551514059,1.7826690673828125,9999200,569,1249900
5.6011980632320046e-05,0.9893707251176238,1.2896679639816284,10000000,569,1250000
4.411418558447622e-05,0.9832231290638447,1.7840831279754639,10000800,569,1250100
0.0007459878106601536,0.9177233278751373,1.5329927206039429,10001600,569,1250200
1.330944178334903e-05,0.9953657281585038,1.784549355506897,10002400,569,1250300
7.037076284177601e-05,0.9997012933599763,1.7781829833984375,10003200,569,1250400
0.00019272427016403526,0.9871112238615751,1.7251911163330078,10004000,569,1250500
3.479209772194736e-05,0.9998078872158658,1.787108302116394,10004800,569,1250600
0.0007636655354872346,0.9927595960907638,1.3275763988494873,10005600,569,1250700
0.00012063546455465257,0.993853623047471,1.7802116870880127,10006400,569,1250800
0.00016076417523436248,0.996434360742569,1.6455821990966797,10007200,569,1250900
0.0001318960712524131,0.998807962751016,1.3581750392913818,10008000,569,1251000
0.00012744676496367902,0.9949761922471225,1.7722134590148926,10008800,569,1251100
0.00014116120291873813,0.9915380207821727,1.232048749923706,10009600,569,1251200
8.430160232819617e-05,0.9793737586587667,1.7891532182693481,10010400,569,1251300
0.0001521507656434551,0.9981041317805648,1.7701480388641357,10011200,569,1251400
0.0004947946290485561,0.9878170564770699,1.5069544315338135,10012000,569,1251500
0.001297389972023666,0.9956415900960565,1.7418599128723145,10012800,569,1251600
8.952563803177327e-05,0.9967667574528605,1.7196413278579712,10013600,569,1251700
2.9947150324005634e-05,0.999642209673766,1.7860803604125977,10014400,569,1251800
0.0005157742998562753,0.974119434133172,1.787268877029419,10015200,569,1251900
8.310576231451705e-05,0.9987825299613178,1.785476803779602,10016000,569,1252000
1.522963066236116e-05,0.9998440148046939,1.4852180480957031,10016800,569,1252100
0.0001729916111798957,0.9944172441028059,1.5101253986358643,10017600,569,1252200
0.0005759892519563437,0.9806566052138805,1.571349024772644,10018400,569,1252300
5.2554380090441555e-05,0.9994807597831823,1.7616963386535645,10019200,569,1252400
0.0008792653097771108,0.9911737507209182,1.6137624979019165,10020000,569,1252500
0.00020917276560794562,0.9952256688848138,1.5986565351486206,10020800,569,1252600
0.0010654486250132322,0.9934062981046736,1.6553523540496826,10021600,569,1252700
0.0001367554214084521,0.9984915438108146,1.7729732990264893,10022400,569,1252800
0.00012688737479038537,0.9937645699828863,1.5794243812561035,10023200,569,1252900
3.449071664363146e-05,0.9990754295722581,1.781326413154602,10024000,569,1253000
0.008959762752056122,0.9747223295271397,1.599061131477356,10024800,569,1253100
0.0002825530245900154,0.9709595069289207,1.7852089405059814,10025600,569,1253200
0.00020393478916957974,0.9973382586613297,1.6116337776184082,10026400,569,1253300
0.00038775178836658597,0.9978193542920053,1.3547353744506836,10027200,569,1253400
7.684439333388582e-05,0.999512729147682,1.7822551727294922,10028000,569,1253500
0.00011268956586718559,0.9961207711603492,1.7652347087860107,10028800,569,1253600
0.00010738866694737226,0.992836301214993,1.7514700889587402,10029600,569,1253700
0.00013325453619472682,0.9992015482275747,1.333209753036499,10030400,569,1253800
0.0002499000111129135,0.9924530736170709,1.2288473844528198,10031200,569,1253900
4.147434810874984e-05,0.9986031480366364,1.7888706922531128,10032000,569,1254000
6.559852045029402e-05,0.9982710854383186,1.7869982719421387,10032800,569,1254100
5.838269862579182e-05,0.9993190560489893,1.7849013805389404,10033600,569,1254200
0.0022622060496360064,0.988433662801981,1.749086856842041,10034400,569,1254300
0.00033630302641540766,0.9927354757674038,1.5575700998306274,10035200,569,1254400
0.00010385487257735804,0.9984949517529458,1.7767295837402344,10036000,569,1254500
4.2938678234349936e-05,0.9974780245684087,1.390329360961914,10036800,569,1254600
7.333995017688721e-05,0.9970977422781289,1.7807495594024658,10037600,569,1254700
0.00033242942299693823,0.990561886690557,1.5155408382415771,10038400,569,1254800
5.9918420447502285e-05,0.9968853816390038,1.6969616413116455,10039200,569,1254900
5.1608360081445426e-05,0.9988376013934612,1.7764803171157837,10040000,569,1255000
0.000331351620843634,0.9977520650718361,1.7834855318069458,10040800,569,1255100
0.00015092807007022202,0.9982764045707881,1.396435260772705,10041600,569,1255200
4.62958196294494e-05,0.9994891844107769,1.7790886163711548,10042400,569,1255300
0.0004059882485307753,0.9905333016067743,1.6133298873901367,10043200,569,1255400
7.987473509274423e-05,0.9986144112190232,1.7866690158843994,10044000,569,1255500
0.00021552984253503382,0.9986947953002527,1.7858093976974487,10044800,569,1255600
0.00011247026122873649,0.9943704842589796,1.7420356273651123,10045600,569,1255700
5.551848153118044e-05,0.9975249741692096,1.6506860256195068,10046400,569,1255800
0.0001908688573166728,0.9921627249568701,1.4947984218597412,10047200,569,1255900
0.0006184934172779322,0.9683052599430084,1.5197210311889648,10048000,569,1256000
0.0004010405100416392,0.9982034701388329,1.7774063348770142,10048800,569,1256100
7.385292701655999e-05,0.9948728582821786,1.7505364418029785,10049600,569,1256200
0.00011210816592210904,0.9952156892977655,1.6676263809204102,10050400,569,1256300
9.702147508505732e-05,0.9985847502248362,1.4988703727722168,10051200,569,1256400
0.005442262627184391,0.8063091039657593,1.7881956100463867,10052000,569,1256500
0.00025060735060833395,0.9321385696530342,1.1865851879119873,10052800,569,1256600
3.0226827220758423e-05,0.9926847298629582,1.78211510181427,10053600,569,1256700
9.119828609982505e-05,0.9998038915946381,1.702409267425537,10054400,569,1256800
0.0019840977620333433,0.9565324112772942,1.5767238140106201,10055200,569,1256900
0.0003019418509211391,0.9878173293545842,1.518916368484497,10056000,569,1257000
0.00010413634299766272,0.998450017417781,1.4995644092559814,10056800,569,1257100
7.858016033424065e-05,0.998619990539737,1.4974925518035889,10057600,569,1257200
0.00026385654928162694,0.9923270652070642,1.7752374410629272,10058400,569,1257300
0.0002876548678614199,0.9970801456365734,1.772080898284912,10059200,569,1257400
0.00040040677413344383,0.9924903102219105,1.5141746997833252,10060000,569,1257500
0.0003489638911560178,0.9973041333723813,1.7872929573059082,10060800,569,1257600
0.00016807181236799806,0.9984254100127146,1.7852492332458496,10061600,569,1257700
0.00014102364366408437,0.9980311561375856,1.5028374195098877,10062400,569,1257800
5.2900679293088615e-05,0.9978859412949532,1.6504030227661133,10063200,569,1257900
0.00012004621385131031,0.9980196305550635,1.6856166124343872,10064000,569,1258000
1.7043716070475057e-05,0.9995357330481056,1.7885853052139282,10064800,569,1258100
4.3238935177214444e-05,0.9989922584500164,1.7819888591766357,10065600,569,1258200
3.971113983425312e-05,0.9990418428205885,1.7637619972229004,10066400,569,1258300
0.001024223631247878,0.9969579512253404,1.751889944076538,10067200,569,1258400
0.0006673781899735332,0.997280502691865,1.2419445514678955,10068000,569,1258500
0.0003661962691694498,0.9953187755309045,1.771024465560913,10068800,569,1258600
0.0008105631568469107,0.9921290725469589,1.7548414468765259,10069600,569,1258700
0.0006886560004204512,0.9618247896432877,1.4329197406768799,10070400,569,1258800
1.6939618944888934e-05,0.9997479405719787,1.7814236879348755,10071200,569,1258900
0.0001412451674696058,0.9867147635668516,1.5100035667419434,10072000,569,1259000
0.00024512826348654926,0.9609307534992695,1.7788358926773071,10072800,569,1259100
2.7095920813735574e-05,0.9976542363874614,1.397320032119751,10073600,569,1259200
0.0004202258714940399,0.9896844709292054,1.7661360502243042,10074400,569,1259300
0.0016377281863242388,0.9920830195769668,1.7294739484786987,10075200,569,1259400
9.926545317284763e-05,0.9993182193720713,1.5462028980255127,10076000,569,1259500
0.00016380044689867646,0.998439725372009,1.7764477729797363,10076800,569,1259600
0.00011424350668676198,0.9941689292900264,1.6420273780822754,10077600,569,1259700
5.966836033621803e-05,0.9942958913743496,1.781632661819458,10078400,569,1259800
4.598580198944546e-05,0.9987904059235007,1.0743716955184937,10079200,569,1259900
2.612727439554874e-05,0.9969596087466925,1.7775206565856934,10080000,569,1260000
0.0002408234722679481,0.9945558696053922,1.7778561115264893,10080800,569,1260100
0.00011851981980726123,0.9975302638486028,1.3528046607971191,10081600,569,1260200
4.836056177737191e-05,0.9927474511787295,1.7853717803955078,10082400,569,1260300
0.0001499771315138787,0.9971477456856519,1.6171269416809082,10083200,569,1260400
8.562819857615978e-05,0.9911952540278435,1.7791659832000732,10084000,569,1260500
9.366638551000506e-05,0.998515730840154,1.7801482677459717,10084800,569,1260600
3.9927959733176976e-05,0.9987924407469109,1.3306599855422974,10085600,569,1260700
7.539924990851432e-05,0.9982091496931389,1.7896318435668945,10086400,569,1260800
5.211056850384921e-05,0.9979355963878334,1.7550102472305298,10087200,569,1260900
0.0019634775817394257,-0.2909051179885864,1.4846440553665161,10088000,569,1261000
0.0002239275345345959,0.9868861474096775,1.7881572246551514,10088800,569,1261100
0.00035886556725017726,0.9898796584457159,1.608729600906372,10089600,569,1261200
0.00026314466958865523,0.9875765424221754,1.6061160564422607,10090400,569,1261300
0.0003737967927008867,0.9986770955147222,1.784200668334961,10091200,569,1261400
0.001972844125702977,0.974478792399168,1.4866441488265991,10092000,569,1261500
5.5115349823608994e-05,0.9993630983517505,1.7749552726745605,10092800,569,1261600
0.0001251724606845528,0.9961227688472718,1.6878392696380615,10093600,569,1261700
0.00014879184891469777,0.999458396108821,1.7894978523254395,10094400,569,1261800
0.0001695824903436005,0.9977095047943294,1.5871763229370117,10095200,569,1261900
0.0005071618361398578,0.9533025920391083,1.7750600576400757,10096000,569,1262000
0.0002391661109868437,0.9964798975270241,1.7734742164611816,10096800,569,1262100
7.718312554061413e-05,0.9935108791105449,1.3965604305267334,10097600,569,1262200
3.491396637400612e-05,0.9997557875758503,1.7791500091552734,10098400,569,1262300
0.0006097974837757647,0.990801670588553,1.3996407985687256,10099200,569,1262400
0.00010276056127622724,0.9956351323053241,1.784055233001709,10100000,569,1262500
9.969528764486313e-05,0.9983271870296448,1.6786727905273438,10100800,569,1262600
4.775962952408008e-05,0.9978503074962646,1.7448656558990479,10101600,569,1262700
0.0004306890186853707,0.998040474485606,1.505517840385437,10102400,569,1262800
8.230006642406806e-05,0.9993049140321091,1.7687203884124756,10103200,569,1262900
0.00020776083692908287,0.9974642172455788,1.7757883071899414,10104000,569,1263000
5.906511432840489e-05,0.9981092216912657,1.7704094648361206,10104800,569,1263100
0.0002557129191700369,0.9971568901091814,1.7859938144683838,10105600,569,1263200
0.00040893093682825565,0.9750402774661779,1.6122219562530518,10106400,569,1263300
3.65843006875366e-05,0.9989256935659796,1.5173898935317993,10107200,569,1263400
0.00020982623391319066,0.9954156414605677,1.350097417831421,10108000,569,1263500
8.619946311227977e-05,0.9987806681310758,1.7795944213867188,10108800,569,1263600
0.00014933323836885393,0.977157874032855,1.776735544204712,10109600,569,1263700
0.004259174223989248,0.9815601408481598,1.6922929286956787,10110400,569,1263800
3.815335003309883e-05,0.9995914503524546,1.7808222770690918,10111200,569,1263900
4.250998972565867e-05,0.9983398728072643,1.6302040815353394,10112000,569,1264000
7.336249836953357e-05,0.9903906229883432,1.777317762374878,10112800,569,1264100
7.02477409504354e-05,0.9990716708707623,1.6866570711135864,10113600,569,1264200
3.734767233254388e-05,0.9979012331459671,1.783852219581604,10114400,569,1264300
0.00010690567432902753,0.9989498319337144,1.7667701244354248,10115200,569,1264400
0.0002066415036097169,0.9983583223074675,1.2554221153259277,10116000,569,1264500
0.0002731381100602448,0.9954514284618199,1.5192205905914307,10116800,569,1264600
0.0001730899966787547,0.9974071488250047,1.784702181816101,10117600,569,1264700
9.531515388516709e-05,0.994229257106781,1.507249116897583,10118400,569,1264800
0.00027019603294320405,0.9780725967139006,1.7736001014709473,10119200,569,1264900
5.264062201604247e-05,0.9987526754848659,1.4768447875976562,10120000,569,1265000
2.80741551250685e-05,0.9968869728036225,1.7827683687210083,10120800,569,1265100
0.0002543603186495602,0.9934760821051896,1.5170254707336426,10121600,569,1265200
0.00016622812836430967,0.9910417879000306,1.436805248260498,10122400,569,1265300
0.00012478866847231984,0.9949500071816146,1.5028553009033203,10123200,569,1265400
0.03584263101220131,0.6296771168708801,1.6116673946380615,10124000,569,1265500
0.0003037510032299906,0.9819895327091217,1.5435750484466553,10124800,569,1265600
0.0003271285677328706,0.9960452672094107,1.5049787759780884,10125600,569,1265700
0.0010445965453982353,0.957722682505846,1.5066848993301392,10126400,569,1265800
3.109037788817659e-05,0.9991504008648917,1.7878472805023193,10127200,569,1265900
4.678014011005871e-05,0.9983047742862254,1.537630319595337,10128000,569,1266000
0.00010327609197702259,0.9988421231973916,1.7832093238830566,10128800,569,1266100
0.00017192604718729854,0.9983617471298203,1.781028389930725,10129600,569,1266200
0.0008757754694670439,0.9772247858345509,1.7180200815200806,10130400,569,1266300
0.00017226392810698599,0.9988798020640388,1.7760776281356812,10131200,569,1266400
0.00023997059906832874,0.9986319863237441,1.7524871826171875,10132000,569,1266500
0.0020384257659316063,0.09748673439025879,1.5703465938568115,10132800,569,1266600
7.256940443767235e-05,0.9893441377207637,1.7838820219039917,10133600,569,1266700
7.195888611022383e-05,0.9877772079780698,1.4014225006103516,10134400,569,1266800
0.0001107694479287602,0.9186217933893204,1.7844479084014893,10135200,569,1266900
0.00033671193523332477,0.9532715827226639,1.4304636716842651,10136000,569,1267000
0.00023837288608774543,0.9963023434393108,1.5249524116516113,10136800,569,1267100
0.00022769923089072108,0.9874780140817165,1.7726329565048218,10137600,569,1267200
0.0007319572614505887,0.98147376999259,1.6165918111801147,10138400,569,1267300
0.0001840189506765455,0.9991013961844146,1.7768211364746094,10139200,569,1267400
0.0001525168918306008,0.9971351500134915,1.5101032257080078,10140000,569,1267500
4.635088407667354e-05,0.9989708319772035,1.511490821838379,10140800,569,1267600
4.334306868258864e-05,0.9990495984675363,1.7726470232009888,10141600,569,1267700
0.00012993923155590892,0.9984061535215005,1.723755121231079,10142400,569,1267800
0.00011336617171764374,0.9985575247555971,1.6702768802642822,10143200,569,1267900
0.00098665792029351,0.9891231246292591,1.7483900785446167,10144000,569,1268000
0.00013188121374696493,0.9971911401953548,1.7847083806991577,10144800,569,1268100
8.366098336409777e-05,0.9982534965965897,1.5756183862686157,10145600,569,1268200
0.00013263942673802376,0.9970209151506424,1.7832220792770386,10146400,569,1268300
0.00013287499314174056,0.995513376314193,1.7390823364257812,10147200,569,1268400
4.677380638895556e-05,0.9990354424808174,1.7560441493988037,10148000,569,1268500
0.00011590436770347878,0.9971849073190242,1.7825254201889038,10148800,569,1268600
0.001389295794069767,0.9750862494111061,1.5730922222137451,10149600,569,1268700
6.756291986675933e-05,0.9992117273504846,1.7722973823547363,10150400,569,1268800
0.014196503907442093,0.6656686365604401,1.776557207107544,10151200,569,1268900
0.0003400314599275589,0.9955035825259984,1.663015365600586,10152000,569,1269000
6.482541357399896e-05,0.9990424622083083,1.234010934829712,10152800,569,1269100
5.407969365478493e-05,0.9986866804538295,1.5047014951705933,10153600,569,1269200
0.00021880707936361432,0.996069532353431,1.766120195388794,10154400,569,1269300
0.00016382151807192713,0.9961277313996106,1.6691570281982422,10155200,569,1269400
0.0014349764678627253,0.9807900041341782,1.5043818950653076,10156000,569,1269500
0.00010128808207809925,0.9974378142505884,1.784909725189209,10156800,569,1269600
5.691463593393564e-05,0.9997014568943996,1.780757188796997,10157600,569,1269700
0.00041412049904465675,0.9857090413570404,1.7220442295074463,10158400,569,1269800
0.0005692189442925155,0.9943401427008212,1.6626942157745361,10159200,569,1269900
8.855794294504449e-05,0.9932453646324575,1.7792420387268066,10160000,569,1270000
3.988765456597321e-05,0.9988423198228702,1.2930305004119873,10160800,569,1270100
5.125704774400219e-05,0.9971825191751122,1.5098490715026855,10161600,569,1270200
6.108939851401374e-05,0.9991145034437068,1.7858933210372925,10162400,569,1270300
0.00014610438665840775,0.9929108889773488,1.7822887897491455,10163200,569,1270400
7.181163528002799e-05,0.9997381138964556,1.7839646339416504,10164000,569,1270500
0.0005217006546445191,0.9955350533127785,1.5097821950912476,10164800,569,1270600
0.00016969536955002695,0.9986426696414128,1.6848948001861572,10165600,569,1270700
0.0001418555766576901,0.9970156431663781,1.7891277074813843,10166400,569,1270800
4.027418253826909e-05,0.9990505825844593,1.6915318965911865,10167200,569,1270900
1.4646384443040006e-05,0.9991341048735194,1.7867980003356934,10168000,569,1271000
6.955773278605193e-05,0.9991243259282783,1.6351346969604492,10168800,569,1271100
7.793711847625673e-05,0.9973857707809657,1.511910080909729,10169600,569,1271200
9.421654976904392e-05,0.9987944372696802,1.7884273529052734,10170400,569,1271300
0.00014237586583476514,0.9936231859028339,1.5542994737625122,10171200,569,1271400
9.576545562595129e-05,0.9993104953900911,1.7620396614074707,10172000,569,1271500
0.0007018801989033818,0.9808707516640425,1.4457106590270996,10172800,569,1271600
0.0005720826447941363,0.995495121460408,1.7407089471817017,10173600,569,1271700
4.978132346877828e-05,0.9956055199727416,1.2816548347473145,10174400,569,1271800
2.7406855224398896e-05,0.9995449690031819,1.7838938236236572,10175200,569,1271900
8.547361358068883e-05,0.993944838643074,1.7812309265136719,10176000,569,1272000
8.645280468044803e-05,0.9912447473034263,1.7806410789489746,10176800,569,1272100
9.288145520258695e-05,0.9976286587771028,1.6224942207336426,10177600,569,1272200
5.0632068450795487e-05,0.9993330558063462,1.780696153640747,10178400,569,1272300
0.00011682594777084887,0.999452645832207,1.442916989326477,10179200,569,1272400
0.001408011419698596,0.9764092843979597,1.6784825325012207,10180000,569,1272500
0.00038532319013029337,0.9957798877730966,1.7872073650360107,10180800,569,1272600
0.00026673160027712584,0.9848155919462442,1.5299469232559204,10181600,569,1272700
0.0002179887960664928,0.849426731467247,1.780778169631958,10182400,569,1272800
0.00027137150755152106,0.9307201877236366,1.2137352228164673,10183200,569,1272900
0.0001358511799480766,0.9438049308955669,1.7884175777435303,10184000,569,1273000
0.00036481069400906563,0.9955765916965902,1.2198662757873535,10184800,569,1273100
8.693124982528389e-05,0.9944938290864229,1.7879838943481445,10185600,569,1273200
0.00033297264599241316,0.9970725828316063,1.7896082401275635,10186400,569,1273300
0.003423323854804039,0.9387588687241077,1.4575804471969604,10187200,569,1273400
0.00013523048255592585,0.9970310244243592,1.7798998355865479,10188000,569,1273500
0.00014766870299354196,0.984911966137588,1.4906425476074219,10188800,569,1273600
0.00015071910456754267,0.9626533798873425,1.7830218076705933,10189600,569,1273700
7.683202420594171e-05,0.9899971280246973,1.1263952255249023,10190400,569,1273800
5.115961903356947e-05,0.9835410621017218,1.7863330841064453,10191200,569,1273900
0.002005928661674261,0.990726456977427,1.2817463874816895,10192000,569,1274000
0.0016036983579397202,0.9861733447760344,1.6065378189086914,10192800,569,1274100
0.00012137179874116555,0.996904811821878,1.7884318828582764,10193600,569,1274200
0.00014929995813872665,0.9973543093074113,1.7765355110168457,10194400,569,1274300
0.017145710065960884,0.2975875735282898,1.5171831846237183,10195200,569,1274400
5.4815609473735094e-05,0.9991264948621392,1.7823982238769531,10196000,569,1274500
0.0002008036244660616,0.9970288772601634,1.7877333164215088,10196800,569,1274600
5.524003063328564e-05,0.9991862291935831,1.7810097932815552,10197600,569,1274700
0.00016175396740436554,0.991764897480607,1.5939104557037354,10198400,569,1274800
0.0001450500712962821,0.9976855046115816,1.5257982015609741,10199200,569,1274900
0.0003189939016010612,0.9983534039929509,1.7856091260910034,10200000,569,1275000
0.0001725432521197945,0.9980688958894461,1.7860116958618164,10200800,569,1275100
8.362429070984945e-05,0.9915956063196063,1.782834529876709,10201600,569,1275200
6.077327998355031e-05,0.9992103174445219,1.556494951248169,10202400,569,1275300
3.218446363462135e-05,0.9977710573002696,1.4997584819793701,10203200,569,1275400
0.0001169245588243939,0.9990345452097245,1.7867364883422852,10204000,569,1275500
0.00012094480189261958,0.9965047517325729,1.3761905431747437,10204800,569,1275600
6.483269680757076e-05,0.9988767922623083,1.7792400121688843,10205600,569,1275700
3.625870158430189e-05,0.9993479066761211,1.6872762441635132,10206400,569,1275800
0.0016264475416392088,0.9857251457870007,1.343120813369751,10207200,569,1275900
0.00032537581864744425,0.9987193722045049,1.7721866369247437,10208000,569,1276000
7.400619506370276e-05,0.9987302854424343,1.7851741313934326,10208800,569,1276100
0.0010757495183497667,0.9844353087246418,1.7816764116287231,10209600,569,1276200
0.00023202109150588512,0.9883938143029809,1.7838727235794067,10210400,569,1276300
0.00010216271039098501,0.9958223449066281,1.6973233222961426,10211200,569,1276400
0.00012330136087257415,0.9972503809258342,1.3012783527374268,10212000,569,1276500
0.00032953463960438967,0.9980385119561106,1.4806987047195435,10212800,569,1276600
0.0001269353524548933,0.9982417842838913,1.4765095710754395,10213600,569,1276700
8.944690489443019e-05,0.997184484731406,1.7878144979476929,10214400,569,1276800
0.00037605626857839525,0.9968652485404164,1.7694534063339233,10215200,569,1276900
4.153325062361546e-05,0.997152189956978,1.680213212966919,10216000,569,1277000
4.9222617235500365e-05,0.9993827817379497,1.546055555343628,10216800,569,1277100
0.010070938616991043,0.6837041974067688,1.783205509185791,10217600,569,1277200
0.016294652596116066,-1.6696641445159912,1.7640256881713867,10218400,569,1277300
0.00020376512838993222,0.9832230862230062,1.6838613748550415,10219200,569,1277400
9.629949636291713e-05,0.9833318535238504,1.7876405715942383,10220000,569,1277500
0.00018925748008769006,0.9933166732080281,1.7637393474578857,10220800,569,1277600
0.0001245071180164814,0.994253093842417,1.1338510513305664,10221600,569,1277700
8.297133899759501e-05,0.9993451603222638,1.564366102218628,10222400,569,1277800
3.6057776014786214e-05,0.9986954786581919,1.3844175338745117,10223200,569,1277900
5.4801937949378043e-05,0.9989319591550156,1.7863423824310303,10224000,569,1278000
3.751357871806249e-05,0.9996334169700276,1.7878355979919434,10224800,569,1278100
0.0005440147942863405,0.9873149003833532,1.7573432922363281,10225600,569,1278200
0.00012037920532748103,0.9990183742484078,1.5080567598342896,10226400,569,1278300
4.931582589051686e-05,0.999200040649157,1.7891489267349243,10227200,569,1278400
0.0002823743561748415,0.9736656807363033,1.7855757474899292,10228000,569,1278500
0.00018107473442796618,0.9974335390143096,1.381718397140503,10228800,569,1278600
6.24086387688294e-05,0.996993106091395,1.775619387626648,10229600,569,1278700
0.00018886708130594343,0.9961063005030155,1.4359557628631592,10230400,569,1278800
1.877469549071975e-05,0.9989705584011972,1.5893272161483765,10231200,569,1278900
9.687476995168254e-05,0.999105418974068,1.785311222076416,10232000,569,1279000
0.00012794826761819422,0.9982166287954897,1.5074172019958496,10232800,569,1279100
9.022117592394352e-05,0.993096096906811,1.761237621307373,10233600,569,1279200
0.0011559047270566225,0.9895799290388823,1.7508838176727295,10234400,569,1279300
0.005085910204797983,0.8146232664585114,1.5140106678009033,10235200,569,1279400
0.00014974964142311364,0.9988290593028069,1.4192564487457275,10236000,569,1279500
0.00029723081388510764,0.9762536864727736,1.5940287113189697,10236800,569,1279600
0.00130178511608392,0.9827567487955093,1.7735176086425781,10237600,569,1279700
4.878176696365699e-05,0.9959978456608951,1.783443808555603,10238400,569,1279800
0.00024387019220739603,0.9937623701989651,1.5786798000335693,10239200,569,1279900
0.00013886872329749167,0.9916630992665887,1.211546540260315,10240000,569,1280000
3.233384995837696e-05,0.9997243057587184,1.7745802402496338,10240800,569,1280100
0.0001188148744404316,0.9981262661749497,1.7780585289001465,10241600,569,1280200
0.0003521906619425863,0.99691775534302,1.778944969177246,10242400,569,1280300
6.814478547312319e-05,0.9994561939965934,1.6821281909942627,10243200,569,1280400
5.073756619822234e-05,0.9034137651324272,1.7775648832321167,10244000,569,1280500
9.433409286430106e-05,0.9970619606319815,1.5319101810455322,10244800,569,1280600
0.00032735231798142195,0.9921494936570525,1.589113473892212,10245600,569,1280700
7.134893530746922e-05,0.9987825539428741,1.7866826057434082,10246400,569,1280800
4.180319228908047e-05,0.9996072045178153,1.788378119468689,10247200,569,1280900
0.0001557001960463822,0.9965352839790285,1.7881348133087158,10248000,569,1281000
0.00015170186816249043,0.9897302761673927,1.430224895477295,10248800,569,1281100
4.7833142161834985e-05,0.9944987804628909,1.7770028114318848,10249600,569,1281200
0.00023088313173502684,0.9981576122809201,1.1472331285476685,10250400,569,1281300
0.00011157013796037063,0.995379684958607,1.436719298362732,10251200,569,1281400
3.2519274100195616e-05,0.9994735714280978,1.7853784561157227,10252000,569,1281500
3.5809931432595477e-05,0.9988830969668925,1.7876532077789307,10252800,569,1281600
7.567202555947006e-05,0.9986942084506154,1.7808659076690674,10253600,569,1281700
0.0013438536552712321,0.9723707158118486,1.522944688796997,10254400,569,1281800
4.139697921345942e-05,0.9981369210872799,1.6920441389083862,10255200,569,1281900
6.786888116039336e-05,0.9987850117031485,1.7880585193634033,10256000,569,1282000
9.289741865359247e-05,0.9977588225156069,1.6019623279571533,10256800,569,1282100
0.00012956385035067797,0.9980302648618817,1.7861741781234741,10257600,569,1282200
6.72677779220976e-05,0.998650481691584,1.7854039669036865,10258400,569,1282300
0.00012917905405629426,0.9976121364161372,1.787750244140625,10259200,569,1282400
0.00013024365762248635,0.9961647260934114,1.5120675563812256,10260000,569,1282500
0.00011046696454286575,0.9988974285079166,1.7529222965240479,10260800,569,1282600
0.01588616892695427,0.8362213671207428,1.611106038093567,10261600,569,1282700
0.00024617271265015006,0.9961973777972162,1.6688543558120728,10262400,569,1282800
0.00011813250603154302,0.998953772126697,1.5963393449783325,10263200,569,1282900
0.0009502166067250073,0.9853558577597141,1.7164688110351562,10264000,569,1283000
0.0004678452096413821,0.992591901216656,1.5337884426116943,10264800,569,1283100
5.5019641877152026e-05,0.9974090356845409,1.778507113456726,10265600,569,1283200
0.0007530078291893005,0.9898708080872893,1.7233154773712158,10266400,569,1283300
0.0002459774259477854,0.9937485991977155,1.5110461711883545,10267200,569,1283400
0.0001403647183906287,0.9988492167321965,1.5071240663528442,10268000,569,1283500
0.0019491437124088407,0.9882117137312889,1.7805092334747314,10268800,569,1283600
8.525484008714557e-05,0.9987341474043205,1.7788712978363037,10269600,569,1283700
6.061446765670553e-05,0.9984629385871813,1.6451547145843506,10270400,569,1283800
0.0012636793544515967,0.9945713803172112,1.54045832157135,10271200,569,1283900
5.559998317039572e-05,0.9990846418659203,1.6963218450546265,10272000,569,1284000
5.411895108409226e-05,0.9987477804534137,1.4272693395614624,10272800,569,1284100
9.899027645587921e-05,0.9979392832610756,1.7744399309158325,10273600,569,1284200
0.00016619527013972402,0.9969154333230108,1.7799367904663086,10274400,569,1284300
0.00013951293658465147,0.998061872785911,1.5064232349395752,10275200,569,1284400
0.00010928545816568658,0.9986388646066189,1.4983265399932861,10276000,569,1284500
0.00017382371879648417,0.9951325710862875,1.606685996055603,10276800,569,1284600
0.00030459612025879323,0.9965944695286453,1.5934514999389648,10277600,569,1284700
0.0001558052172185853,0.9984034058870748,1.507253646850586,10278400,569,1284800
0.00023994558432605118,0.9947951855137944,1.6843340396881104,10279200,569,1284900
0.00017972072237171233,0.999292972846888,1.7804776430130005,10280000,569,1285000
4.9849044444272295e-05,0.9989992551272735,1.7836616039276123,10280800,569,1285100
0.0002510854392312467,0.9955678670667112,1.7444431781768799,10281600,569,1285200
0.0002062910352833569,0.9988369544735178,1.5094852447509766,10282400,569,1285300
0.00012044078903272748,0.9936493351124227,1.7749130725860596,10283200,569,1285400
6.809786282246932e-05,0.999024891294539,1.7786517143249512,10284000,569,1285500
0.0008244948112405837,0.9943874320015311,1.7752602100372314,10284800,569,1285600
0.0001915778120746836,0.9978882260620594,1.7778353691101074,10285600,569,1285700
4.6876091801095754e-05,0.9989113630726933,1.7735695838928223,10286400,569,1285800
3.3827516745077446e-05,0.9975254919845611,1.783043622970581,10287200,569,1285900
6.582946662092581e-05,0.9977103683631867,1.4045109748840332,10288000,569,1286000
0.00015192179125733674,0.9985488539095968,1.5754210948944092,10288800,569,1286100
0.00038255949039012194,0.9969737010542303,1.5063214302062988,10289600,569,1286200
0.010220223106443882,0.8957849144935608,1.7227524518966675,10290400,569,1286300
0.00039965304313227534,0.9970138722565025,1.7775976657867432,10291200,569,1286400
0.0004680134588852525,0.990809834562242,1.7831130027770996,10292000,569,1286500
5.675298598362133e-05,0.9978787824511528,1.2403039932250977,10292800,569,1286600
3.566533632692881e-05,0.9992744738701731,1.7878650426864624,10293600,569,1286700
1.99737332877703e-05,0.9996961753349751,1.784028172492981,10294400,569,1286800
0.00017921045946422964,0.9882415952160954,1.7858047485351562,10295200,569,1286900
0.012774970382452011,0.8894564881920815,1.7338926792144775,10296000,569,1287000
0.003597869770601392,0.977164339274168,1.7637512683868408,10296800,569,1287100
0.04469501972198486,-0.2722814083099365,1.619153618812561,10297600,569,1287200
0.0003914482658728957,0.9972050047945231,1.31075119972229,10298400,569,1287300
0.00012657188926823437,0.9965343647636473,1.7834751605987549,10299200,569,1287400
0.0030234798323363066,0.9819687716662884,1.7859247922897339,10300000,569,1287500
7.235992234200239e-05,0.9932972467504442,1.785466194152832,10300800,569,1287600
8.837848145049065e-05,0.9984891058411449,1.7827842235565186,10301600,569,1287700
7.498761988244951e-05,0.9964513131417334,1.599640130996704,10302400,569,1287800
0.04663512855768204,0.4992917776107788,1.5710923671722412,10303200,569,1287900
0.00016916889580897987,0.9989036076003686,1.680610179901123,10304000,569,1288000
0.0002123526210198179,0.9970804157201201,1.7474355697631836,10304800,569,1288100
0.0014977437676861882,0.9681014269590378,1.4174813032150269,10305600,569,1288200
3.3666139643173665e-05,0.9988623030949384,1.6555356979370117,10306400,569,1288300
9.004486855701543e-06,0.9998003943182994,1.7359645366668701,10307200,569,1288400
0.0007251192000694573,0.9715305734425783,1.677140235900879,10308000,569,1288500
0.00010194585047429428,0.9993115492979996,1.7141342163085938,10308800,569,1288600
4.971621820004657e-05,0.9922741982154548,1.7844860553741455,10309600,569,1288700
0.00017331747221760452,0.9987132441019639,1.7811928987503052,10310400,569,1288800
0.00010929377458523959,0.9988254553172737,1.513031005859375,10311200,569,1288900
0.0014876144705340266,0.9852020731195807,1.6916637420654297,10312000,569,1289000
0.00018108560470864177,0.9988161008805037,1.7809959650039673,10312800,569,1289100
0.0008075600489974022,0.9548173695802689,1.4457831382751465,10313600,569,1289200
4.974805415258743e-05,0.9992868127301335,1.7734744548797607,10314400,569,1289300
0.00017615334945730865,0.9961493641603738,1.431993842124939,10315200,569,1289400
7.871245907153934e-05,0.9881018288433552,1.7751893997192383,10316000,569,1289500
0.0005449418677017093,0.9955827356316149,1.492866039276123,10316800,569,1289600
0.00021273098536767066,0.9923084178008139,1.669051170349121,10317600,569,1289700
0.00014680750609841198,0.9976860741153359,1.783372402191162,10318400,569,1289800
0.010669478215277195,0.879376120865345,1.4408557415008545,10319200,569,1289900
0.0002005765854846686,0.9987023300491273,1.7002108097076416,10320000,569,1290000
0.0001343973563052714,0.9913592655211687,1.77884840965271,10320800,569,1290100
0.00010547009878791869,0.998188954195939,1.4167755842208862,10321600,569,1290200
0.00010046215902548283,0.9975191077683121,1.7513507604599,10322400,569,1290300
0.00015195380547083914,0.9982498747995123,1.76344895362854,10323200,569,1290400
0.0002678859746083617,0.9967670948244631,1.702528715133667,10324000,569,1290500
0.0002474029897712171,0.9945860034786165,1.78031325340271,10324800,569,1290600
0.00016466420493088663,0.9973338360432535,1.6095640659332275,10325600,569,1290700
0.0003043002507183701,0.9949161764234304,1.7866168022155762,10326400,569,1290800
2.0284782294766046e-05,0.999861055315705,1.7823466062545776,10327200,569,1290900
0.0002349123387830332,0.9933516811579466,1.5815410614013672,10328000,569,1291000
4.792576146428473e-05,0.994833498261869,1.5011656284332275,10328800,569,1291100
0.00015338734374381602,0.9967876183800399,1.7877025604248047,10329600,569,1291200
7.234734948724508e-05,0.9981072106165811,1.4986953735351562,10330400,569,1291300
0.00023167510516941547,0.997620404465124,1.6760753393173218,10331200,569,1291400
6.609225965803489e-05,0.998702454380691,1.778205156326294,10332000,569,1291500
0.00048174860421568155,0.9978833792265505,1.7007787227630615,10332800,569,1291600
4.105845800950192e-05,0.9980829876149073,1.5120513439178467,10333600,569,1291700
6.351463525788859e-05,0.9988400555448607,1.3311495780944824,10334400,569,1291800
3.318195012980141e-05,0.9986103302799165,1.7870866060256958,10335200,569,1291900
1.7736570953275077e-05,0.9997689149458893,1.7663012742996216,10336000,569,1292000
0.00010837529407581314,0.9917388278990984,1.7598214149475098,10336800,569,1292100
0.0004753480607178062,0.9984266315586865,1.5174751281738281,10337600,569,1292200
3.7607227568514645e-05,0.9979995079338551,1.4987807273864746,10338400,569,1292300
6.255559856072068e-05,0.9997134288132656,1.6929209232330322,10339200,569,1292400
0.00013783517351839691,0.9940023110248148,1.4932236671447754,10340000,569,1292500
9.487225179327652e-05,0.9992254570242949,1.350390911102295,10340800,569,1292600
0.00037704859278164804,0.9896738920360804,1.7795460224151611,10341600,569,1292700
5.600065924227238e-05,0.9982118300395086,1.7849111557006836,10342400,569,1292800
8.091340714599937e-05,0.9934932733885944,1.7778605222702026,10343200,569,1292900
7.468196417903528e-05,0.9991567928227596,1.7832159996032715,10344000,569,1293000
0.0001738660503178835,0.9968786460813135,1.5886425971984863,10344800,569,1293100
7.911364082247019e-05,0.9961554226465523,1.5057647228240967,10345600,569,1293200
0.0008546248427592218,0.9903117045760155,1.2647191286087036,10346400,569,1293300
0.00018668707343749702,0.9941502884030342,1.6881592273712158,10347200,569,1293400
0.00861273892223835,0.9366992190480232,1.7298349142074585,10348000,569,1293500
0.00016952320584096014,0.9973558036144823,1.7713931798934937,10348800,569,1293600
0.00013678506365977228,0.9920919863507152,1.7793729305267334,10349600,569,1293700
0.0001170498289866373,0.9987846263684332,1.7797560691833496,10350400,569,1293800
0.00013764272443950176,0.9986735249403864,1.4985733032226562,10351200,569,1293900
9.799807594390586e-05,0.9976742442231625,1.5003280639648438,10352000,569,1294000
5.32655612914823e-05,0.9994942554039881,1.5135971307754517,10352800,569,1294100
0.0001955026964424178,0.9937764382921159,1.49733304977417,10353600,569,1294200
0.0014816694892942905,0.9923618477769196,1.7684309482574463,10354400,569,1294300
0.00044351277756504714,0.9966605957597494,1.7750463485717773,10355200,569,1294400
0.0013627593871206045,0.9485034495592117,1.7792348861694336,10356000,569,1294500
0.00018437141261529177,0.9891445143148303,1.7772221565246582,10356800,569,1294600
6.480643787654117e-05,0.9994971312116832,1.4272571802139282,10357600,569,1294700
2.2519920094055124e-05,0.9972244575619698,1.7847464084625244,10358400,569,1294800
0.002805024152621627,0.9572722688317299,1.756108045578003,10359200,569,1294900
0.0003139764885418117,0.9959815731272101,1.4385629892349243,10360000,569,1295000
2.8423843104974367e-05,0.9996241899498273,1.7843830585479736,10360800,569,1295100
4.403787534101866e-05,0.9989718809956685,1.7752723693847656,10361600,569,1295200
0.00046851474326103926,0.9959757211618125,1.4193035364151,10362400,569,1295300
0.00010542526433710009,0.999129191681277,1.5904241800308228,10363200,569,1295400
0.00013971771113574505,0.9985469605308026,1.7778024673461914,10364000,569,1295500
0.0003400642308406532,0.9851857209578156,1.7601540088653564,10364800,569,1295600
3.901313175447285e-05,0.997440857347101,1.7751126289367676,10365600,569,1295700
2.55617342190817e-05,0.9998872898140689,1.7701294422149658,10366400,569,1295800
0.0008398015052080154,0.994527724571526,1.781027913093567,10367200,569,1295900
0.00014707486843690276,0.9979214693885297,1.5080622434616089,10368000,569,1296000
2.780502472887747e-05,0.9992908705025911,1.6917834281921387,10368800,569,1296100
0.0001805372885428369,0.9983918129000813,1.7771700620651245,10369600,569,1296200
0.00041596638038754463,0.9927063230425119,1.440691590309143,10370400,569,1296300
0.00011113549408037215,0.9960832707583904,1.7717406749725342,10371200,569,1296400
0.0002105723979184404,0.9959543836303055,1.4267351627349854,10372000,569,1296500
0.0012766561703756452,0.9899688111618161,1.70088791847229,10372800,569,1296600
0.0004262422735337168,0.9893890721723437,1.5115472078323364,10373600,569,1296700
0.0016645481809973717,0.9846289707347751,1.6394113302230835,10374400,569,1296800
6.28141569904983e-05,0.998016556724906,1.7776496410369873,10375200,569,1296900
0.0010201974073424935,0.9959629909135401,1.513869047164917,10376000,569,1297000
0.0073647587560117245,0.926129661500454,1.7184817790985107,10376800,569,1297100
0.000967012660112232,0.9950480852276087,1.780834674835205,10377600,569,1297200
2.4610839318484068e-05,0.9963413069490343,1.6836962699890137,10378400,569,1297300
5.156707629794255e-05,0.9995772881957237,1.7829926013946533,10379200,569,1297400
6.841286085546017e-05,0.9890922419726849,1.7816927433013916,10380000,569,1297500
0.0002536614192649722,0.7205214202404022,1.7822613716125488,10380800,569,1297600
0.0005237257573753595,0.9813480507582426,1.2663652896881104,10381600,569,1297700
0.0005652756663039327,0.984852185472846,1.7838294506072998,10382400,569,1297800
0.2576586604118347,0.08538895845413208,1.2826846837997437,10383200,569,1297900
0.0009958605514839292,0.8945470750331879,1.654614806175232,10384000,569,1298000
0.00035224156454205513,0.9989193773362786,1.639125108718872,10384800,569,1298100
0.0001062507217284292,0.9927714229561388,1.7627224922180176,10385600,569,1298200
0.00019203350530005991,0.9969833050854504,1.6125235557556152,10386400,569,1298300
0.00012965613859705627,0.9983383836224675,1.3320951461791992,10387200,569,1298400
5.9588233852991834e-05,0.9981496200198308,1.7876403331756592,10388000,569,1298500
4.926759356749244e-05,0.9973518883343786,1.5162668228149414,10388800,569,1298600
5.1295912271598354e-05,0.9984015501104295,1.7867093086242676,10389600,569,1298700
7.851813279557973e-05,0.9986356646986678,1.7832915782928467,10390400,569,1298800
6.1732207541354e-05,0.999243819504045,1.6850593090057373,10391200,569,1298900
0.002330981893464923,0.8668640851974487,1.7764239311218262,10392000,569,1299000
0.0003220388316549361,0.9818800073117018,1.492685317993164,10392800,569,1299100
0.00015547614020761102,0.9979833990801126,1.7825376987457275,10393600,569,1299200
5.616044654743746e-05,0.9979591176379472,1.7766751050949097,10394400,569,1299300
0.00010898050823016092,0.9931455105543137,1.783189296722412,10395200,569,1299400
0.001101448549889028,0.984468499198556,1.235743761062622,10396000,569,1299500
0.002384631894528866,0.931123360991478,1.2818976640701294,10396800,569,1299600
0.00011257582082180306,0.9968076476361603,1.779331922531128,10397600,569,1299700
0.00784714799374342,0.927857831120491,1.7521271705627441,10398400,569,1299800
0.00010847649537026882,0.9985643270192668,1.3974812030792236,10399200,569,1299900
2.5992781957029365e-05,0.9994249750161543,1.6172513961791992,10400000,569,1300000
0.0005558968987315893,0.9894669195637107,1.500136375427246,10400800,569,1300100
7.38625240046531e-05,0.9984848703024909,1.783881425857544,10401600,569,1300200
0.016121573746204376,0.8350295722484589,1.603485345840454,10402400,569,1300300
0.00030988932121545076,0.987660488113761,1.7603780031204224,10403200,569,1300400
0.0003035039990209043,0.9966736761853099,1.6058921813964844,10404000,569,1300500
0.0001101813031709753,0.9988431124947965,1.7643070220947266,10404800,569,1300600
7.490190182579681e-05,0.9943419331684709,1.5583341121673584,10405600,569,1300700
6.466670311056077e-05,0.9988582781516016,1.7826852798461914,10406400,569,1300800
0.00019446316582616419,0.9974242311436683,1.6068122386932373,10407200,569,1300900
3.4336499084020033e-05,0.9988666977733374,1.5073037147521973,10408000,569,1301000
0.00017698582087177783,0.9960208451375365,1.694237470626831,10408800,569,1301100
0.0008338760817423463,0.993530694860965,1.596229910850525,10409600,569,1301200
0.0007454787846654654,0.989982420578599,1.7827863693237305,10410400,569,1301300
0.00019329192582517862,0.9952905187383294,1.687976598739624,10411200,569,1301400
0.00013380507880356163,0.9922272092662752,1.7763652801513672,10412000,569,1301500
0.00734553812071681,0.5661121904850006,1.7200307846069336,10412800,569,1301600
8.024763519642875e-05,0.9976976122707129,1.638420581817627,10413600,569,1301700
0.001817719778046012,0.9589800126850605,1.0502861738204956,10414400,569,1301800
7.340413139900193e-05,0.9975944424513727,1.7823100090026855,10415200,569,1301900
7.048104453133419e-05,0.9985627089627087,1.7761633396148682,10416000,569,1302000
0.00017837008635979146,0.9963470241054893,1.6501798629760742,10416800,569,1302100
4.3667656427714974e-05,0.9962103005964309,1.7871054410934448,10417600,569,1302200
0.00015418225666508079,0.9970813547261059,1.7800533771514893,10418400,569,1302300
0.0006383624859154224,0.9976463068742305,1.5110902786254883,10419200,569,1302400
4.4895914470544085e-05,0.9994435204425827,1.783185601234436,10420000,569,1302500
0.00015792327758390456,0.9950534366071224,1.6152535676956177,10420800,569,1302600
0.00014263551565818489,0.9947028527967632,1.5117242336273193,10421600,569,1302700
4.1952171159209684e-05,0.9976830184459686,1.5415195226669312,10422400,569,1302800
0.00011053447087761015,0.9992742432514206,1.7735333442687988,10423200,569,1302900
0.00024151071556843817,0.9978319096844643,1.507728099822998,10424000,569,1303000
9.192371362587437e-05,0.9990509771741927,1.5117837190628052,10424800,569,1303100
0.0002730721025727689,0.996569495415315,1.7457942962646484,10425600,569,1303200
0.00015540391905233264,0.9916391866281629,1.6005373001098633,10426400,569,1303300
0.00011295756121398881,0.9986823027720675,1.5633699893951416,10427200,569,1303400
0.00014499631652142853,0.9961992055177689,1.5323846340179443,10428000,569,1303500
1.286737278860528e-05,0.9997813483641949,1.7789280414581299,10428800,569,1303600
0.00016067431715782732,0.9909421931952238,1.528814435005188,10429600,569,1303700
0.0001247463806066662,0.9976380709558725,1.5113215446472168,10430400,569,1303800
1.913214146043174e-05,0.9990530977374874,1.5621740818023682,10431200,569,1303900
0.00011514854850247502,0.9993118921411224,1.7829586267471313,10432000,569,1304000
0.00013285261229611933,0.9988370966166258,1.7867727279663086,10432800,569,1304100
0.0002541587455198169,0.9981182824121788,1.7510218620300293,10433600,569,1304200
0.00048744212836027145,0.9900840949267149,1.4627180099487305,10434400,569,1304300
0.000689191569108516,0.9937935629859567,1.506490707397461,10435200,569,1304400
0.0003598043695092201,0.9974897652864456,1.7854410409927368,10436000,569,1304500
0.0009247423149645329,0.9904586374759674,1.7611165046691895,10436800,569,1304600
0.00018688265117816627,0.9982429440133274,1.589952826499939,10437600,569,1304700
0.005516935605555773,0.8979043513536453,1.52689528465271,10438400,569,1304800
0.00022034725407138467,0.9970994321629405,1.6645724773406982,10439200,569,1304900
0.00011868568253703415,0.9972195234149694,1.6450777053833008,10440000,569,1305000
0.009774426929652691,0.7931867688894272,1.5915780067443848,10440800,569,1305100
9.713389590615407e-05,0.9963036086410284,1.7823116779327393,10441600,569,1305200
0.00033563480246812105,0.9765789173543453,1.7462353706359863,10442400,569,1305300
0.00039719732012599707,0.9950491618365049,1.773217797279358,10443200,569,1305400
2.494398722774349e-05,0.990978985093534,1.7829887866973877,10444000,569,1305500
0.0002655187272466719,0.9948988850228488,1.77849280834198,10444800,569,1305600
0.00010655222286004573,0.9427292868494987,1.3154377937316895,10445600,569,1305700
0.0008964142180047929,0.9933754703961313,1.5573400259017944,10446400,569,1305800
0.0006435347604565322,0.9826704561710358,1.5705583095550537,10447200,569,1305900
0.0002974001399707049,0.9951053052209318,1.401336669921875,10448000,569,1306000
0.0001361437898594886,0.9980020758230239,1.5547826290130615,10448800,569,1306100
0.00011324598744977266,0.997264233417809,1.6891796588897705,10449600,569,1306200
0.00031508365646004677,0.9854400008916855,1.784679651260376,10450400,569,1306300
0.000161766613018699,0.997122366214171,1.5953444242477417,10451200,569,1306400
0.000147888800711371,0.9864059956744313,1.5335125923156738,10452000,569,1306500
0.00027225317899137735,0.9980822789948434,1.7740304470062256,10452800,569,1306600
0.0015513913240283728,0.9853149428963661,1.5288798809051514,10453600,569,1306700
0.0019991237204521894,0.9765785429626703,1.7808032035827637,10454400,569,1306800
0.0005317151662893593,0.9939216771163046,1.680538296699524,10455200,569,1306900
0.0007646167068742216,0.9669895991683006,1.7501955032348633,10456000,569,1307000
0.0004314315738156438,0.9955389969982207,1.7740910053253174,10456800,569,1307100
0.0002528142067603767,0.9966454482637346,1.4773790836334229,10457600,569,1307200
0.0005701291956938803,0.9545918405056,1.6729271411895752,10458400,569,1307300
0.00043995995656587183,0.9974495542701334,1.489149570465088,10459200,569,1307400
0.0029804008081555367,0.9416697062551975,1.7240960597991943,10460000,569,1307500
0.0018652667058631778,0.9935849122703075,1.369950294494629,10460800,569,1307600
8.562829316360876e-05,0.9987089505884796,1.7782881259918213,10461600,569,1307700
0.00016775637050159276,0.9985690031899139,1.7852182388305664,10462400,569,1307800
0.00017149194900412112,0.9937525228597224,1.6034131050109863,10463200,569,1307900
0.011234438978135586,0.9142422676086426,1.6098802089691162,10464000,569,1308000
0.000262069224845618,0.9663746431469917,1.3553228378295898,10464800,569,1308100
9.067985229194164e-05,0.9828446991741657,1.7824962139129639,10465600,569,1308200
9.772680641617626e-05,0.9984568421496078,1.78366219997406,10466400,569,1308300
0.00016039382899180055,0.9717434179037809,1.646846055984497,10467200,569,1308400
0.0001248740591108799,0.936201810836792,1.7812433242797852,10468000,569,1308500
0.014869200997054577,-0.8908720016479492,1.267919898033142,10468800,569,1308600
6.26009568804875e-05,0.9989209958584979,1.7819422483444214,10469600,569,1308700
0.0002520272973924875,0.9956279578618705,1.5104854106903076,10470400,569,1308800
0.00017790152924135327,0.9811520874500275,1.78081476688385,10471200,569,1308900
0.0001225866872118786,0.9989773394772783,1.7786271572113037,10472000,569,1309000
5.1322356739547104e-05,0.9951946786604822,1.4132534265518188,10472800,569,1309100
0.00014154653763398528,0.9768247902393341,1.7839308977127075,10473600,569,1309200
0.0005446890136227012,0.9940431225113571,1.1652121543884277,10474400,569,1309300
0.00017776197637431324,0.9982330200728029,1.7825806140899658,10475200,569,1309400
9.062174649443477e-05,0.9983367889653891,1.702056884765625,10476000,569,1309500
5.755425081588328e-05,0.9939805855974555,1.685699462890625,10476800,569,1309600
7.84285002737306e-05,0.9995943144895136,1.7799339294433594,10477600,569,1309700
0.0010403366759419441,0.9712131060659885,1.7095942497253418,10478400,569,1309800
0.009671829640865326,0.9640137664973736,1.5442662239074707,10479200,569,1309900
5.108915502205491e-05,0.9996092440851498,1.7816461324691772,10480000,569,1310000
4.5368666178546846e-05,0.9911102103069425,1.7505073547363281,10480800,569,1310100
7.155747152864933e-05,0.9989491028245538,1.771188497543335,10481600,569,1310200
0.0001931345323100686,0.9712537750601768,1.2396764755249023,10482400,569,1310300
4.489105413085781e-05,0.9636476635932922,1.7863214015960693,10483200,569,1310400
1.3568048416345846e-05,0.9991784096928313,1.559385061264038,10484000,569,1310500
0.0006350080948323011,0.9946161857806146,1.7440154552459717,10484800,569,1310600
3.491095412755385e-05,0.9996017668454442,1.7822222709655762,10485600,569,1310700
5.4383246606448665e-05,0.991714590229094,1.2483186721801758,10486400,569,1310800
0.00040960870683193207,0.7874657213687897,1.7865235805511475,10487200,569,1310900
7.423956412822008e-05,0.9874753300100565,1.5229486227035522,10488000,569,1311000
0.0002594125980976969,0.9927807589992881,1.7659626007080078,10488800,569,1311100
0.016541915014386177,0.5552976429462433,1.4361851215362549,10489600,569,1311200
2.5954706870834343e-05,0.99928356759483,1.6701414585113525,10490400,569,1311300
7.93009894550778e-05,0.9981501048896462,1.4293615818023682,10491200,569,1311400
0.0008605605107732117,0.9931858493946493,1.7116260528564453,10492000,569,1311500
0.0008985226158984005,0.9957731384783983,1.7537617683410645,10492800,569,1311600
0.000764869328122586,0.9788136761635542,1.6520127058029175,10493600,569,1311700
8.690021059010178e-05,0.999044070369564,1.5818397998809814,10494400,569,1311800
8.290507685160264e-05,0.998215155559592,1.7858531475067139,10495200,569,1311900
0.0005454516503959894,0.9987713982118294,1.436924934387207,10496000,569,1312000
0.0002978560805786401,0.9916798016056418,1.7779836654663086,10496800,569,1312100
1.2041451554978266e-05,0.9998078529024497,1.4231467247009277,10497600,569,1312200
0.008007969707250595,0.5810897648334503,1.7639826536178589,10498400,569,1312300
0.00030923233134672046,0.9934262037277222,1.4505598545074463,10499200,569,1312400
8.327997784363106e-05,0.9975190002005547,1.784716248512268,10500000,569,1312500
0.0001359549059998244,0.9945972003042698,1.5998780727386475,10500800,569,1312600
4.37566231994424e-05,0.999547102721408,1.7828660011291504,10501600,569,1312700
0.006771743297576904,0.9111103489995003,1.5116567611694336,10502400,569,1312800
7.198336970759556e-05,0.9995725784392562,1.6081480979919434,10503200,569,1312900
0.001542875193990767,0.9808601811528206,1.7759273052215576,10504000,569,1313000
0.0071425968781113625,0.8382382094860077,1.0174331665039062,10504800,569,1313100
0.00016089760174509138,0.9983013800811023,1.6343024969100952,10505600,569,1313200
3.768985334318131e-05,0.9990094125969335,1.7620899677276611,10506400,569,1313300
7.160287350416183e-05,0.9970171416644007,1.7875562906265259,10507200,569,1313400
0.00021244747040327638,0.9972714984323829,1.5093226432800293,10508000,569,1313500
3.835970346699469e-05,0.9991274044150487,1.757585048675537,10508800,569,1313600
0.0001428374380338937,0.9983340611215681,1.7717604637145996,10509600,569,1313700
0.00010794551053550094,0.9990183144109324,1.708613395690918,10510400,569,1313800
0.005280396901071072,0.9680238664150238,1.6932193040847778,10511200,569,1313900
0.0037134478334337473,0.8429169803857803,1.5727174282073975,10512000,569,1314000
0.00046444052713923156,0.9769207071512938,1.6424224376678467,10512800,569,1314100
0.003881769720464945,0.3544526696205139,1.5463156700134277,10513600,569,1314200
0.0009534074342809618,0.98070203140378,1.6850905418395996,10514400,569,1314300
0.0002279345935676247,0.9888252476230264,1.7624447345733643,10515200,569,1314400
0.0007201411062851548,0.9758406355977058,1.3730287551879883,10516000,569,1314500
0.00012404046719893813,0.9271321818232536,1.7829866409301758,10516800,569,1314600
0.00046671589370816946,0.9966949378140271,1.506493330001831,10517600,569,1314700
0.0004884787485934794,0.9929908192716539,1.7791290283203125,10518400,569,1314800
0.0027080567087978125,0.9937496702186763,1.735093593597412,10519200,569,1314900
0.0006629643030464649,0.9910324942320585,1.5103442668914795,10520000,569,1315000
0.00015487990458495915,0.9907640349119902,1.7582426071166992,10520800,569,1315100
4.715715112979524e-05,0.9986677083652467,1.604257345199585,10521600,569,1315200
5.0447761168470606e-05,0.9970840017776936,1.509443998336792,10522400,569,1315300
0.0001566370774526149,0.9973285938613117,1.78394615650177,10523200,569,1315400
0.00025946967070922256,0.9951592916622758,1.7845240831375122,10524000,569,1315500
0.02522689662873745,0.5726639628410339,1.782836675643921,10524800,569,1315600
0.0007067557889968157,0.997165055712685,1.601039171218872,10525600,569,1315700
0.0001809316163416952,0.9977752035483718,1.5691848993301392,10526400,569,1315800
3.237298733438365e-05,0.9986905698897317,1.783158779144287,10527200,569,1315900
0.00010972667223541066,0.9978546279016882,1.784295678138733,10528000,569,1316000
0.00012709118891507387,0.9965253020636737,1.7879635095596313,10528800,569,1316100
9.000317368190736e-05,0.9986142559209839,1.7846332788467407,10529600,569,1316200
2.4880895580281503e-05,0.9991989106638357,1.6975688934326172,10530400,569,1316300
0.00022513707517646253,0.9978356452193111,1.4923205375671387,10531200,569,1316400
0.000260146422078833,0.9942748304456472,1.4268951416015625,10532000,569,1316500
0.00012350687757134438,0.9984068218618631,1.5123162269592285,10532800,569,1316600
7.774501136736944e-05,0.9995781253383029,1.6221070289611816,10533600,569,1316700
0.00013713889347855002,0.9864952759817243,1.491926908493042,10534400,569,1316800
2.806636257446371e-05,0.9916044119745493,1.787750244140625,10535200,569,1316900
0.0003230337460990995,0.9402082115411758,1.3252551555633545,10536000,569,1317000
0.00013095959729980677,0.9149704575538635,1.7866418361663818,10536800,569,1317100
0.001320022507570684,0.9915711209177971,1.4202210903167725,10537600,569,1317200
0.006791785825043917,0.9430109411478043,1.4061861038208008,10538400,569,1317300
0.00013152531755622476,0.9980630873469636,1.7827117443084717,10539200,569,1317400
0.00010772173118311912,0.9993241280899383,1.7800592184066772,10540000,569,1317500
0.0010950234718620777,0.9928350849077106,1.63686203956604,10540800,569,1317600
0.00018736325728241354,0.9974217694252729,1.7839479446411133,10541600,569,1317700
0.00024640950141474605,0.9945292794145644,1.7556564807891846,10542400,569,1317800
5.517453973880038e-05,0.9989536624634638,1.7834428548812866,10543200,569,1317900
0.0001318170689046383,0.9955562124960124,1.5963114500045776,10544000,569,1318000
0.00012073429388692603,0.9970007825177163,1.7882943153381348,10544800,569,1318100
4.542020178632811e-05,0.9996163391915616,1.7881190776824951,10545600,569,1318200
0.0002080505946651101,0.9896593326702714,1.7891104221343994,10546400,569,1318300
0.00039936305256560445,0.9818949084728956,1.6693949699401855,10547200,569,1318400
0.00012278425856493413,0.9980452347081155,1.7805180549621582,10548000,569,1318500
0.0002909081522375345,0.9970952598378062,1.5068153142929077,10548800,569,1318600
8.262500341515988e-05,0.9899651296436787,1.5346336364746094,10549600,569,1318700
2.0742490960401483e-05,0.9996406876889523,1.7878773212432861,10550400,569,1318800
0.00018268564599566162,0.9945583785884082,1.325303554534912,10551200,569,1318900
6.78324795444496e-05,0.9698548708111048,1.7857446670532227,10552000,569,1319000
0.0009610357228666544,0.9950036536902189,1.53146493434906,10552800,569,1319100
8.092139614745975e-05,0.99919764616061,1.7590782642364502,10553600,569,1319200
0.00016836373833939433,0.9964113081805408,1.7806079387664795,10554400,569,1319300
0.000333434552885592,0.9944106293842196,1.4084244966506958,10555200,569,1319400
0.00021172765991650522,0.9961990495212376,1.7857708930969238,10556000,569,1319500
7.971472223289311e-05,0.9936853782273829,1.4983998537063599,10556800,569,1319600
4.811716644326225e-05,0.9996255463920534,1.7335968017578125,10557600,569,1319700
0.00019015008001588285,0.99659901461564,1.7539451122283936,10558400,569,1319800
1.1564083251869306e-05,0.9991251800092869,1.621678113937378,10559200,569,1319900
0.00010715834650909528,0.9993857401423156,1.7831146717071533,10560000,569,1320000
0.000168826591107063,0.9835238251835108,1.7838252782821655,10560800,569,1320100
6.364531145663932e-05,0.9995858121546917,1.5872979164123535,10561600,569,1320200
8.162033191183582e-05,0.9948710124008358,1.7804601192474365,10562400,569,1320300
0.025716379284858704,0.8333466351032257,1.7858785390853882,10563200,569,1320400
7.06683931639418e-05,0.9994018586585298,1.4923014640808105,10564000,569,1320500
2.3195188987301663e-05,0.9978384964633733,1.788476586341858,10564800,569,1320600
0.00010750503861345351,0.9977684486657381,1.5147371292114258,10565600,569,1320700
0.00012879142013844103,0.9978787628933787,1.7333000898361206,10566400,569,1320800
0.0011224347399547696,0.9894830100238323,1.5034486055374146,10567200,569,1320900
0.0002891391050070524,0.9942423962056637,1.5227594375610352,10568000,569,1321000
0.00041610182961449027,0.9934773342683911,1.484013557434082,10568800,569,1321100
4.911033465759829e-05,0.9989302033791319,1.6297723054885864,10569600,569,1321200
0.0010414659045636654,0.9871438397094607,1.7843043804168701,10570400,569,1321300
0.0005320425261743367,0.9885994009673595,1.4177513122558594,10571200,569,1321400
6.370469782268628e-05,0.9990341261145659,1.7808837890625,10572000,569,1321500
0.000134751433506608,0.9942586892284453,1.7868421077728271,10572800,569,1321600
5.754355515819043e-05,0.9975209138356149,1.7810771465301514,10573600,569,1321700
8.537665416952223e-05,0.9990841560647823,1.5992358922958374,10574400,569,1321800
6.851315993117169e-05,0.9965715960133821,1.567765235900879,10575200,569,1321900
0.0005277341115288436,0.9975098553113639,1.7493534088134766,10576000,569,1322000
8.435275958618149e-05,0.9956071912311018,1.6799919605255127,10576800,569,1322100
7.435903535224497e-05,0.9989938717335463,1.512085199356079,10577600,569,1322200
3.539583121892065e-05,0.9986098224762827,1.7721195220947266,10578400,569,1322300
0.00010680616833269596,0.997255404246971,1.7774672508239746,10579200,569,1322400
2.317897633474786e-05,0.9992078421637416,1.5046275854110718,10580000,569,1322500
0.003114603692665696,0.9125231206417084,1.7495784759521484,10580800,569,1322600
0.00064841442508623,0.9956932296045125,1.456658124923706,10581600,569,1322700
0.00013222801499068737,0.99670882942155,1.7739046812057495,10582400,569,1322800
0.007135682739317417,0.9398358352482319,1.7813615798950195,10583200,569,1322900
0.00018697445921134204,0.997372931567952,1.7658002376556396,10584000,569,1323000
9.713809413369745e-05,0.9996130732470192,1.7840850353240967,10584800,569,1323100
2.4358883820241317e-05,0.9980864196550101,1.767622947692871,10585600,569,1323200
0.00012154069554526359,0.9694957211613655,1.7816400527954102,10586400,569,1323300
0.00022430534590967,0.9982200652593747,1.4678421020507812,10587200,569,1323400
0.010050559416413307,0.6833182871341705,1.7686200141906738,10588000,569,1323500
5.6082397350110114e-05,0.9983202534494922,1.3670684099197388,10588800,569,1323600
4.583681948133744e-05,0.9992778461892158,1.612170696258545,10589600,569,1323700
0.009931043721735477,0.9713789951056242,1.7206517457962036,10590400,569,1323800
0.024318650364875793,0.9287248402833939,1.5545098781585693,10591200,569,1323900
0.00010020987247116864,0.9971230956725776,1.504491925239563,10592000,569,1324000
0.0002616478595882654,0.9939242866821587,1.783459186553955,10592800,569,1324100
2.6466015697224066e-05,0.9993951849173754,1.7776330709457397,10593600,569,1324200
0.00013521569781005383,0.9989291896345094,1.7691247463226318,10594400,569,1324300
0.00018151203403249383,0.9977780138142407,1.3141673803329468,10595200,569,1324400
0.0007586872670799494,0.9940434568561614,1.4243643283843994,10596000,569,1324500
0.035199154168367386,-0.3736375570297241,1.7719389200210571,10596800,569,1324600
0.0014239223673939705,0.992834541015327,1.7733319997787476,10597600,569,1324700
8.692999836057425e-05,0.9785958379507065,1.7637947797775269,10598400,569,1324800
3.845545870717615e-05,0.9994818872655742,1.7793999910354614,10599200,569,1324900
0.0001316756970481947,0.9693614579737186,1.2772077322006226,10600000,569,1325000
0.00014741312770638615,0.8745386451482773,1.780817985534668,10600800,569,1325100
0.00020132819190621376,0.9966259570792317,1.5566768646240234,10601600,569,1325200
7.980068039614707e-05,0.9641823209822178,1.7836973667144775,10602400,569,1325300
0.000371348432963714,0.9950258955359459,1.7804791927337646,10603200,569,1325400
3.0129165679682046e-05,0.9989164581056684,1.7803754806518555,10604000,569,1325500
0.000156535767018795,0.9977465791162103,1.582939863204956,10604800,569,1325600
0.000257490377407521,0.9824511278420687,1.4084446430206299,10605600,569,1325700
3.691887832246721e-05,0.999243687139824,1.788529634475708,10606400,569,1325800
8.882312977220863e-05,0.9994054366834462,1.7065714597702026,10607200,569,1325900
2.4473516532452777e-05,0.9915850339457393,1.775801420211792,10608000,569,1326000
0.003320972202345729,0.9113505557179451,1.5107173919677734,10608800,569,1326100
0.00029344003996811807,0.9848851766437292,1.6822266578674316,10609600,569,1326200
0.0010875895386561751,0.9767550621181726,1.630673885345459,10610400,569,1326300
0.0003688639553729445,0.9960762779228389,1.7647680044174194,10611200,569,1326400
0.00016064774536062032,0.9793603532016277,1.7815399169921875,10612000,569,1326500
0.008737867698073387,0.8590091019868851,1.5141568183898926,10612800,569,1326600
7.949152495712042e-05,0.9926981092430651,1.5073308944702148,10613600,569,1326700
0.00036779811489395797,0.9979832130484283,1.787977695465088,10614400,569,1326800
0.038800667971372604,-0.36597204208374023,1.3969413042068481,10615200,569,1326900
9.963107731891796e-05,0.9978478667326272,1.7857298851013184,10616000,569,1327000
0.0002572547527961433,0.9928266387432814,1.7790743112564087,10616800,569,1327100
0.0001373288396280259,0.9901402620598674,1.7616108655929565,10617600,569,1327200
0.0001621762348804623,0.996927164727822,1.7888342142105103,10618400,569,1327300
6.52895396342501e-05,0.9944846634753048,1.2155519723892212,10619200,569,1327400
0.001102915615774691,0.9944818350486457,1.7806689739227295,10620000,569,1327500
8.540615090169013e-05,0.9978895534295589,1.7801659107208252,10620800,569,1327600
5.189749208511785e-05,0.9928963645361364,1.7849043607711792,10621600,569,1327700
0.00010610387835185975,0.9988272269256413,1.5840418338775635,10622400,569,1327800
0.0001568319567013532,0.9931057402864099,1.3288905620574951,10623200,569,1327900
0.0039681741036474705,0.9363551661372185,1.7338745594024658,10624000,569,1328000
5.084884105599485e-05,0.9996656491130125,1.7651476860046387,10624800,569,1328100
0.00010761509474832565,0.9985391281079501,1.5821239948272705,10625600,569,1328200
2.3730239263386466e-05,0.999508268549107,1.4288158416748047,10626400,569,1328300
7.227183232316747e-05,0.9975081062875688,1.2929682731628418,10627200,569,1328400
0.0001216560194734484,0.9978454278316349,1.7828772068023682,10628000,569,1328500
4.912976146442816e-05,0.9985447503859177,1.7835638523101807,10628800,569,1328600
3.2657226256560534e-05,0.9994471428799443,1.780867099761963,10629600,569,1328700
7.647179154446349e-05,0.9989650804782286,1.5154151916503906,10630400,569,1328800
0.00014903467672411352,0.9914986584335566,1.5002186298370361,10631200,569,1328900
0.0004961651284247637,0.9974643581081182,1.7869305610656738,10632000,569,1329000
4.461866046767682e-05,0.9983128468738869,1.787846326828003,10632800,569,1329100
7.068612467264757e-05,0.9986031835433096,1.7890832424163818,10633600,569,1329200
3.800367994699627e-05,0.9986973408376798,1.7735846042633057,10634400,569,1329300
4.2208252125419676e-05,0.9997276472568046,1.788520097732544,10635200,569,1329400
0.00011994795931968838,0.9972941183950752,1.3276524543762207,10636000,569,1329500
9.044646139955148e-05,0.9947775383479893,1.5351473093032837,10636800,569,1329600
0.0004925208631902933,0.9971938969101757,1.778745174407959,10637600,569,1329700
0.00034426472848281264,0.9981469193007797,1.5615289211273193,10638400,569,1329800
0.00017782140639610589,0.9978027606848627,1.7404980659484863,10639200,569,1329900
0.00023950202739797533,0.9961973719764501,1.7747740745544434,10640000,569,1330000
0.00011677909787977114,0.9963467346969992,1.5113019943237305,10640800,569,1330100
0.00010991320596076548,0.997605923563242,1.5869548320770264,10641600,569,1330200
7.222956628538668e-05,0.9992183379363269,1.6236234903335571,10642400,569,1330300
6.523766205646098e-05,0.9988473971607164,1.7868167161941528,10643200,569,1330400
0.0001723894674796611,0.9945553811267018,1.5074033737182617,10644000,569,1330500
2.2708871256327257e-05,0.9982664288254455,1.7026128768920898,10644800,569,1330600
3.161983113386668e-05,0.9993731933063827,1.7855510711669922,10645600,569,1330700
0.002773081185296178,0.9850824903696775,1.278947114944458,10646400,569,1330800
0.00022469673422165215,0.9960814667865634,1.68629789352417,10647200,569,1330900
0.00018202565843239427,0.9944797926582396,1.655502438545227,10648000,569,1331000
6.675121403532103e-05,0.9991256629000418,1.782597541809082,10648800,569,1331100
0.0003231790033169091,0.9945099828764796,1.491356611251831,10649600,569,1331200
6.577280873898417e-05,0.9995114311459474,1.7675328254699707,10650400,569,1331300
0.00010570897575234994,0.9996602548344526,1.7857534885406494,10651200,569,1331400
9.252087329514325e-05,0.9974531079642475,1.6363074779510498,10652000,569,1331500
5.1691007683984935e-05,0.99759920546785,1.5160423517227173,10652800,569,1331600
5.8165860536973923e-05,0.9988019692245871,1.502648949623108,10653600,569,1331700
5.416151543613523e-05,0.9984629969112575,1.7890238761901855,10654400,569,1331800
0.00012707531277555972,0.9982836169656366,1.7771286964416504,10655200,569,1331900
2.9188842745497823e-05,0.9985700205434114,1.65423583984375,10656000,569,1332000
0.0002614279219415039,0.9973442812915891,1.7848260402679443,10656800,569,1332100
0.001220706501044333,0.9879200626164675,1.5812660455703735,10657600,569,1332200
0.00021652881696354598,0.9939112369902432,1.6871122121810913,10658400,569,1332300
0.0028824498876929283,0.8899935707449913,1.4931106567382812,10659200,569,1332400
4.539515430224128e-05,0.9988062065094709,1.7465721368789673,10660000,569,1332500
2.2605432604905218e-05,0.9994068598025478,1.513864278793335,10660800,569,1332600
0.00012117787264287472,0.9984073877567425,1.7614854574203491,10661600,569,1332700
9.385809971718118e-05,0.997997566126287,1.7881265878677368,10662400,569,1332800
5.101843999000266e-05,0.998131278087385,1.428830862045288,10663200,569,1332900
0.0005659957532770932,0.971476137638092,1.7834523916244507,10664000,569,1333000
0.00046001948066987097,0.9933131039142609,1.6320306062698364,10664800,569,1333100
5.656229404849e-06,0.9996607905486599,1.6926342248916626,10665600,569,1333200
0.00010659274994395673,0.9974163651932031,1.7827739715576172,10666400,569,1333300
6.6112530475948e-05,0.9990723776863888,1.7876091003417969,10667200,569,1333400
9.973183477995917e-05,0.998532100347802,1.7875702381134033,10668000,569,1333500
0.00038975171628408134,0.9812404960393906,1.52078378200531,10668800,569,1333600
6.495007255580276e-05,0.9951384793967009,1.7855806350708008,10669600,569,1333700
4.947872366756201e-05,0.9994002747698687,1.2250421047210693,10670400,569,1333800
0.0002599236322566867,0.9971129524055868,1.7819924354553223,10671200,569,1333900
4.4336549763102084e-05,0.9990062558790669,1.781205654144287,10672000,569,1334000
0.0001835578732425347,0.9921947163529694,1.7825589179992676,10672800,569,1334100
8.23785230750218e-05,0.9991045008064248,1.7356204986572266,10673600,569,1334200
0.00010926307004410774,0.8387989848852158,1.7818689346313477,10674400,569,1334300
0.0001142908149631694,0.8865806013345718,1.7831964492797852,10675200,569,1334400
0.0029750519897788763,0.8706477582454681,0.9876056909561157,10676000,569,1334500
4.7825462388573214e-05,0.9830795172601938,1.7816698551177979,10676800,569,1334600
0.018345080316066742,0.6252444982528687,1.4063166379928589,10677600,569,1334700
0.00037108740070834756,0.9926331685855985,1.327950358390808,10678400,569,1334800
0.00020573637448251247,0.996159591479227,1.7795019149780273,10679200,569,1334900
3.7117875763215125e-05,0.9977423190139234,1.772704839706421,10680000,569,1335000
0.0008661155588924885,0.9961175741627812,1.7616132497787476,10680800,569,1335100
7.54922439227812e-05,0.9923573266714811,0.8772786855697632,10681600,569,1335200
4.0706523577682674e-05,0.988629350438714,1.7831270694732666,10682400,569,1335300
4.571518365992233e-05,0.996605298249051,1.7774066925048828,10683200,569,1335400
9.203507215715945e-05,0.9840071126818657,1.779022455215454,10684000,569,1335500
0.000283123052213341,0.9992498169885948,1.506176233291626,10684800,569,1335600
0.0006264361436478794,0.9953246293589473,1.579646110534668,10685600,569,1335700
0.0011926175793632865,0.983963018283248,1.7830820083618164,10686400,569,1335800
0.001123854424804449,0.9929403397254646,1.439450740814209,10687200,569,1335900
4.804679338121787e-05,0.9955244832672179,1.7874011993408203,10688000,569,1336000
0.00015066783817019314,0.9958919282071292,1.7724241018295288,10688800,569,1336100
0.005445168353617191,0.9458686113357544,1.3545377254486084,10689600,569,1336200
0.00010768344509415329,0.9973803039174527,1.5107624530792236,10690400,569,1336300
4.978396464139223e-05,0.9990743020316586,1.7786598205566406,10691200,569,1336400
0.00010346549970563501,0.9994574319571257,1.7855839729309082,10692000,569,1336500
0.0002690229448489845,0.9964926626998931,1.596618413925171,10692800,569,1336600
0.00021703250240534544,0.9985291517805308,1.7775884866714478,10693600,569,1336700
0.00011664906924124807,0.9973563437815756,1.783750057220459,10694400,569,1336800
6.87662250129506e-05,0.9994566286914051,1.7855424880981445,10695200,569,1336900
7.151445606723428e-05,0.9970917049795389,1.338061809539795,10696000,569,1337000
0.00014018913498148322,0.9946493147872388,1.4960293769836426,10696800,569,1337100
0.00025661539984866977,0.9909731801599264,1.301092267036438,10697600,569,1337200
1.3147298886906356e-05,0.9996903113205917,1.785717487335205,10698400,569,1337300
0.00014559448754880577,0.9979326860047877,1.780664324760437,10699200,569,1337400
0.0004611619806382805,0.9923158851452172,1.474238395690918,10700000,569,1337500
0.000553084653802216,0.9893459277227521,1.7264375686645508,10700800,569,1337600
2.927898458437994e-05,0.9991158801713027,1.7667040824890137,10701600,569,1337700
5.947256431682035e-05,0.9983605197630823,1.7830183506011963,10702400,569,1337800
0.00019412976689636707,0.9942745375446975,1.4234838485717773,10703200,569,1337900
7.904474477982149e-05,0.9982064748182893,1.787060022354126,10704000,569,1338000
0.0001366225624224171,0.9980671824887395,1.7800066471099854,10704800,569,1338100
8.093584619928151e-05,0.9971079982351512,1.669947862625122,10705600,569,1338200
0.00018703062960412353,0.9989091291790828,1.5752604007720947,10706400,569,1338300
0.0006725040730088949,0.9917043661698699,1.7683799266815186,10707200,569,1338400
0.0004961317754350603,0.9912496833130717,1.6253712177276611,10708000,569,1338500
3.770434341276996e-05,0.998163485317491,1.7595434188842773,10708800,569,1338600
4.5354594476521015e-05,0.9991964243818074,1.7874319553375244,10709600,569,1338700
4.9775051593314856e-05,0.9955913997255266,1.512552261352539,10710400,569,1338800
7.8121729529812e-06,0.999908151658019,1.7772753238677979,10711200,569,1338900
8.202515891753137e-05,0.9941888828761876,1.6621220111846924,10712000,569,1339000
0.0003226983535569161,0.9773901794105768,1.7599929571151733,10712800,569,1339100
0.0010573298204690218,0.9713729936629534,1.3632919788360596,10713600,569,1339200
7.07916624378413e-05,0.9990039994008839,1.7778650522232056,10714400,569,1339300
5.892365879844874e-05,0.9991612519952469,1.7628767490386963,10715200,569,1339400
6.54231698717922e-05,0.9981789380544797,1.299196481704712,10716000,569,1339500
0.00025003214250318706,0.9962625605985522,1.7743825912475586,10716800,569,1339600
4.310204167268239e-05,0.9990371467429213,1.7881879806518555,10717600,569,1339700
0.022102607414126396,0.5126700401306152,1.509293556213379,10718400,569,1339800
0.00010373123222962022,0.9993460136465728,1.67131507396698,10719200,569,1339900
0.0001436266175005585,0.9992426485405304,1.766183853149414,10720000,569,1340000
0.00048579261056147516,0.9963440771680325,1.778135895729065,10720800,569,1340100
2.7637182938633487e-05,0.9992452529841103,1.3475782871246338,10721600,569,1340200
0.00011867553985211998,0.9990228529786691,1.7849903106689453,10722400,569,1340300
5.138932465342805e-05,0.9993318955530412,1.7885286808013916,10723200,569,1340400
7.179698968684534e-06,0.9997539768810384,1.5129903554916382,10724000,569,1340500
9.373018838232383e-05,0.9986233460949734,1.518259882926941,10724800,569,1340600
0.00013280754501465708,0.9965243153274059,1.7827696800231934,10725600,569,1340700
6.346404552459717e-05,0.9993391687166877,1.7855842113494873,10726400,569,1340800
0.00013482364010997117,0.9990686068194918,1.4136055707931519,10727200,569,1340900
0.00040759218973107636,0.984548200853169,1.7686703205108643,10728000,569,1341000
7.744811591692269e-05,0.9980523599078879,1.7849512100219727,10728800,569,1341100
0.0002450595493428409,0.9848386365920305,1.7814494371414185,10729600,569,1341200
0.00016441044863313437,0.9971915744245052,1.5383687019348145,10730400,569,1341300
0.00020291506370995194,0.9941243850626051,1.51340651512146,10731200,569,1341400
0.00020050174498464912,0.9984667643439025,1.7540842294692993,10732000,569,1341500
2.069033871521242e-05,0.9994175664032809,1.6224664449691772,10732800,569,1341600
3.798017860390246e-05,0.9994052124675363,1.7872118949890137,10733600,569,1341700
0.0001551455061417073,0.9484198428690434,1.6676201820373535,10734400,569,1341800
0.00035370647674426436,0.9886142434552312,1.7736443281173706,10735200,569,1341900
0.00012967899965588003,0.9992419985355809,1.4784817695617676,10736000,569,1342000
8.960987179307267e-05,0.9974034049082547,1.5134522914886475,10736800,569,1342100
0.00010636803926900029,0.9981846954906359,1.784132480621338,10737600,569,1342200
4.206254379823804e-05,0.9987049615010619,1.7805290222167969,10738400,569,1342300
2.2982303562457673e-05,0.9995317034190521,1.6401727199554443,10739200,569,1342400
0.0002328160044271499,0.9943782985210419,1.4551470279693604,10740000,569,1342500
0.00019134247850161046,0.9992741154856049,1.477557897567749,10740800,569,1342600
2.2238657038542442e-05,0.9996181115566287,1.7827069759368896,10741600,569,1342700
0.005763044580817223,0.9814729485660791,1.185328722000122,10742400,569,1342800
0.0003453278332017362,0.994293971452862,1.5103896856307983,10743200,569,1342900
2.7561234674067236e-05,0.9989148575114086,1.7043235301971436,10744000,569,1343000
1.885786150523927e-05,0.9996561589068733,1.7820943593978882,10744800,569,1343100
1.7642496459302492e-05,0.9991957826423459,1.5111315250396729,10745600,569,1343200
5.084084841655567e-05,0.9978649350814521,1.5153894424438477,10746400,569,1343300
0.0004110242589376867,0.9883646201342344,1.4258995056152344,10747200,569,1343400
5.244026760919951e-05,0.9989263243041933,1.7896757125854492,10748000,569,1343500
0.0009174961596727371,0.9707885757088661,1.4899619817733765,10748800,569,1343600
0.0049199191853404045,0.9653430320322514,1.3132588863372803,10749600,569,1343700
0.0007940384675748646,0.963496882468462,1.6670608520507812,10750400,569,1343800
0.00018407031893730164,0.9989694100804627,1.7747056484222412,10751200,569,1343900
3.783866122830659e-05,0.998066566651687,1.7833549976348877,10752000,569,1344000
0.00018202755018137395,0.9981503068702295,1.7871501445770264,10752800,569,1344100
4.561211244435981e-05,0.9983023046515882,1.7861871719360352,10753600,569,1344200
0.0005725568043999374,0.9728337451815605,1.7773689031600952,10754400,569,1344300
0.0007350855739787221,0.9750733878463507,1.30116868019104,10755200,569,1344400
0.00016250016051344573,0.9980756463482976,1.4953868389129639,10756000,569,1344500
0.00015477350098080933,0.9986448809504509,1.7745792865753174,10756800,569,1344600
0.0009279936784878373,0.9943628897890449,1.5190868377685547,10757600,569,1344700
0.0001376081636408344,0.9946816931478679,1.6434314250946045,10758400,569,1344800
5.03852243127767e-05,0.9965381494257599,1.7804045677185059,10759200,569,1344900
7.639647810719907e-05,0.9981236485764384,1.321189284324646,10760000,569,1345000
0.004687488079071045,0.9384523369371891,1.5000150203704834,10760800,569,1345100
5.4800133511889726e-05,0.9961671712808311,1.7837750911712646,10761600,569,1345200
3.193378506693989e-05,0.9959392882883549,1.7794722318649292,10762400,569,1345300
0.00035228877095505595,0.9962729075923562,1.631307601928711,10763200,569,1345400
0.00011014251504093409,0.999178443918936,1.7756264209747314,10764000,569,1345500
3.879526411765255e-05,0.9993125530309044,1.7817801237106323,10764800,569,1345600
0.00012410404451657087,0.9975676767062396,1.5370591878890991,10765600,569,1345700
7.407614612020552e-05,0.9987126244232059,1.769848108291626,10766400,569,1345800
7.200751861091703e-05,0.9986247010529041,1.5157532691955566,10767200,569,1345900
4.7176770749501884e-05,0.9973771825898439,1.5138365030288696,10768000,569,1346000
0.0003412252990528941,0.9849867522716522,1.5969401597976685,10768800,569,1346100
0.014841466210782528,0.91410031914711,1.7709535360336304,10769600,569,1346200
5.200816667638719e-05,0.9981385667342693,1.7831753492355347,10770400,569,1346300
0.0001077170527423732,0.9978192956186831,1.7829079627990723,10771200,569,1346400
0.00013592568575404584,0.9990205360809341,1.6855363845825195,10772000,569,1346500
0.00030833788332529366,0.9878816641867161,1.592501163482666,10772800,569,1346600
6.955870776437223e-05,0.9988823084859177,1.5606980323791504,10773600,569,1346700
0.012693434953689575,0.9073689803481102,1.4398386478424072,10774400,569,1346800
2.2578766220249236e-05,0.998837300692685,1.7882741689682007,10775200,569,1346900
2.6382402211311273e-05,0.9989569582976401,1.7864766120910645,10776000,569,1347000
7.628699222550495e-06,0.9998944047474652,1.7780027389526367,10776800,569,1347100
0.00021656195167452097,0.9911101870238781,1.600574254989624,10777600,569,1347200
0.0004053542797919363,0.9960390022024512,1.5062141418457031,10778400,569,1347300
0.00022106712276581675,0.9852957958355546,1.613173007965088,10779200,569,1347400
1.5964675185387023e-05,0.9996338213968556,1.7871298789978027,10780000,569,1347500
0.00019455456640571356,0.9985758241964504,1.4351036548614502,10780800,569,1347600
5.462651461130008e-05,0.9994922040496022,1.76761794090271,10781600,569,1347700
0.00023457399220205843,0.998172954772599,1.789156436920166,10782400,569,1347800
0.00033487711334601045,0.9886070266366005,1.495895266532898,10783200,569,1347900
5.736445018555969e-05,0.9995194967486896,1.7840945720672607,10784000,569,1348000
0.003550552763044834,0.9598605707287788,1.5219908952713013,10784800,569,1348100
0.0007082902593538165,0.9859282718971372,1.7790722846984863,10785600,569,1348200
0.006756815128028393,0.982096342369914,1.7427115440368652,10786400,569,1348300
0.0009226870024576783,0.9774912279099226,1.414175271987915,10787200,569,1348400
0.00017171325453091413,0.9904957013204694,1.735825777053833,10788000,569,1348500
4.4700813305098563e-05,0.9983576374361292,1.2480370998382568,10788800,569,1348600
0.0007731573423370719,0.9938625367358327,1.4928150177001953,10789600,569,1348700
0.0002448080340400338,0.994553160853684,1.490042805671692,10790400,569,1348800
0.00010858183668460697,0.9986820321064442,1.7823777198791504,10791200,569,1348900
3.341902629472315e-05,0.9980786606902257,1.7869510650634766,10792000,569,1349000
0.0001405542716383934,0.9798714183270931,1.7851645946502686,10792800,569,1349100
0.00019332955707795918,0.982252536341548,1.5998775959014893,10793600,569,1349200
5.115745807415806e-05,0.998834167374298,1.77215576171875,10794400,569,1349300
0.00045571167720481753,0.9978762425016612,1.2242063283920288,10795200,569,1349400
7.801817992003635e-05,0.9994589207344688,1.7779533863067627,10796000,569,1349500
3.295067654107697e-05,0.9996422508556861,1.7876646518707275,10796800,569,1349600
0.0001933300227392465,0.9975822072010487,1.7772190570831299,10797600,569,1349700
0.00013925485836807638,0.9983380932826549,1.7666435241699219,10798400,569,1349800
0.0002490190672688186,0.9943705000914633,1.7705004215240479,10799200,569,1349900
9.421182767255232e-05,0.9935280634090304,1.6315703392028809,10800000,569,1350000
1.2524968042271212e-05,0.9998291046795202,1.691497802734375,10800800,569,1350100
0.00011491017357911915,0.9992779105668887,1.7862348556518555,10801600,569,1350200
0.00021153525449335575,0.9988797479309142,1.7750074863433838,10802400,569,1350300
0.00014402878878172487,0.9992356341681443,1.4806180000305176,10803200,569,1350400
5.625674384646118e-05,0.9991519877221435,1.7880396842956543,10804000,569,1350500
6.329234747681767e-05,0.9953313698060811,1.408329963684082,10804800,569,1350600
4.8245950893033296e-05,0.9903110051527619,1.7892024517059326,10805600,569,1350700
2.1925199689576402e-05,0.9995639793924056,1.736191987991333,10806400,569,1350800
7.11104876245372e-05,0.9895903030410409,1.7838809490203857,10807200,569,1350900
0.0003549505490809679,0.9944614805281162,1.7888902425765991,10808000,569,1351000
0.00014678426668979228,0.9168165326118469,1.4557058811187744,10808800,569,1351100
4.86836361233145e-05,0.9996344145620242,1.7851301431655884,10809600,569,1351200
0.00013175980711821467,0.9901830470189452,1.5089147090911865,10810400,569,1351300
5.7728582760319114e-05,0.9935785983689129,1.7858458757400513,10811200,569,1351400
3.96395698771812e-05,0.9991124256048352,1.494213342666626,10812000,569,1351500
5.956061067990959e-05,0.9993141407612711,1.5873243808746338,10812800,569,1351600
0.00044070775038562715,0.9934888468123972,1.7892646789550781,10813600,569,1351700
0.00014819219359196723,0.997922514565289,1.7687342166900635,10814400,569,1351800
0.00020310975378379226,0.9956434350460768,1.5372941493988037,10815200,569,1351900
0.0011078253155574203,0.9885791353881359,1.763577938079834,10816000,569,1352000
4.5400025555863976e-05,0.9987064946908504,1.5023303031921387,10816800,569,1352100
0.0007130660233087838,0.9803952388465405,1.503374457359314,10817600,569,1352200
0.00012190960114821792,0.9975553748663515,1.6858679056167603,10818400,569,1352300
0.00010679954721126705,0.9978959579020739,1.6259417533874512,10819200,569,1352400
3.0448480174527504e-05,0.999731200223323,1.7870707511901855,10820000,569,1352500
0.0003336393856443465,0.9910648819059134,1.4790946245193481,10820800,569,1352600
0.00047865143278613687,0.9846400367096066,1.7795308828353882,10821600,569,1352700
0.0001148344308603555,0.9991558012552559,1.7874380350112915,10822400,569,1352800
0.000252238882239908,0.9957049386575818,1.76067316532135,10823200,569,1352900
0.00020940066315233707,0.9965171488001943,1.78614342212677,10824000,569,1353000
0.0007157786167226732,0.988818964920938,1.5974717140197754,10824800,569,1353100
3.8312649849103764e-05,0.997697205748409,1.749072790145874,10825600,569,1353200
0.0005774658638983965,0.9900468839332461,1.730231761932373,10826400,569,1353300
9.87004823400639e-05,0.9954288275912404,1.5053160190582275,10827200,569,1353400
4.674562660511583e-05,0.9993621423491277,1.7850334644317627,10828000,569,1353500
0.0008942380081862211,0.9956992357037961,1.758742094039917,10828800,569,1353600
0.00017596075485926121,0.9809789638966322,1.787118673324585,10829600,569,1353700
0.009005616419017315,0.9326753839850426,1.777864694595337,10830400,569,1353800
0.00013869920803699642,0.9968665800988674,1.7857873439788818,10831200,569,1353900
7.157619256759062e-05,0.9990410404861905,1.787621021270752,10832000,569,1354000
0.0001049246930051595,0.9976615237537771,1.5001903772354126,10832800,569,1354100
9.75376897258684e-05,0.9986079623922706,1.6876634359359741,10833600,569,1354200
0.00011017250653821975,0.9972865364979953,1.6319658756256104,10834400,569,1354300
0.0006404517916962504,0.9912644596770406,1.7812813520431519,10835200,569,1354400
0.00020970463810954243,0.996129717445001,1.7242763042449951,10836000,569,1354500
6.89609078108333e-05,0.99854961107485,1.786149501800537,10836800,569,1354600
2.6483219699002802e-05,0.9998707326012664,1.7675224542617798,10837600,569,1354700
0.00012350609176792204,0.995858748909086,1.6981792449951172,10838400,569,1354800
4.914468081551604e-05,0.9984088141936809,1.7877917289733887,10839200,569,1354900
0.00012400462583173066,0.9967722680885345,1.5060533285140991,10840000,569,1355000
0.00013775941624771804,0.996974402340129,1.7746751308441162,10840800,569,1355100
0.00016551044245716184,0.9966921110171825,1.5652191638946533,10841600,569,1355200
0.03204794600605965,0.8657999038696289,1.638545274734497,10842400,569,1355300
0.00010283104347763583,0.997583466116339,1.3862597942352295,10843200,569,1355400
0.0001753916876623407,0.9887750148773193,1.775923252105713,10844000,569,1355500
0.00032123603159561753,0.9949997272342443,1.5177922248840332,10844800,569,1355600
0.0014305993681773543,0.9918930269777775,1.4789612293243408,10845600,569,1355700
0.0001291659427806735,0.9981623404892161,1.7886711359024048,10846400,569,1355800
5.36299885425251e-05,0.9976897900924087,1.784857153892517,10847200,569,1355900
4.311509837862104e-05,0.9887306317687035,1.7846348285675049,10848000,569,1356000
0.0003200305509380996,0.9971653777174652,1.4992831945419312,10848800,569,1356100
8.5008519818075e-05,0.9972398835234344,1.666567325592041,10849600,569,1356200
0.0006298039224930108,0.9980383128859103,1.74452543258667,10850400,569,1356300
0.04046488553285599,0.36394786834716797,1.3426682949066162,10851200,569,1356400
7.599816399306292e-06,0.9998201321868692,1.7869527339935303,10852000,569,1356500
2.973074333567638e-05,0.9993554620887153,1.715709924697876,10852800,569,1356600
7.333334360737354e-05,0.9987174931447953,1.5804166793823242,10853600,569,1356700
0.00026328599778935313,0.996196235762909,1.5106616020202637,10854400,569,1356800
4.931239891448058e-05,0.9991829582722858,1.787756323814392,10855200,569,1356900
0.00019536248873919249,0.9974977707024664,1.4566510915756226,10856000,569,1357000
0.00025085965171456337,0.9960868558846414,1.596226453781128,10856800,569,1357100
0.00022671905753668398,0.9973045501392335,1.58675217628479,10857600,569,1357200
4.233340223436244e-05,0.9993201916222461,1.7832415103912354,10858400,569,1357300
0.00013557757483795285,0.9984049721388146,1.2238869667053223,10859200,569,1357400
7.083641685312614e-05,0.9932281668297946,1.786123514175415,10860000,569,1357500
3.321585973026231e-05,0.9995148657762911,1.7737174034118652,10860800,569,1357600
0.0005233470583334565,0.9930713619105518,1.545822262763977,10861600,569,1357700
0.0002963639853987843,0.994839372113347,1.5951318740844727,10862400,569,1357800
5.55156912014354e-05,0.9980828340630978,1.7839014530181885,10863200,569,1357900
4.6923800255171955e-05,0.9990144714247435,1.7864620685577393,10864000,569,1358000
0.00031585420947521925,0.9947382370010018,1.789202332496643,10864800,569,1358100
0.0004879132902715355,0.9970744091551751,1.785667896270752,10865600,569,1358200
0.0002604039909783751,0.9976459485478699,1.7373631000518799,10866400,569,1358300
1.2312426406424493e-05,0.9981077170232311,1.7867093086242676,10867200,569,1358400
0.0003380340349394828,0.9963615701999515,1.787949800491333,10868000,569,1358500
3.7057281588204205e-05,0.996603675885126,1.785720705986023,10868800,569,1358600
7.251373608596623e-05,0.9993283224757761,1.7873692512512207,10869600,569,1358700
9.499420411884785e-05,0.9990419727400877,1.7702064514160156,10870400,569,1358800
0.0005016645882278681,0.9718798492103815,1.7870436906814575,10871200,569,1358900
0.00023688415240030736,0.7986058294773102,1.0283937454223633,10872000,569,1359000
2.8974609449505806e-05,0.9993771815788932,1.7824550867080688,10872800,569,1359100
3.4440596209606156e-05,0.982502980157733,1.7846527099609375,10873600,569,1359200
3.506149732857011e-05,0.5969324111938477,1.7812092304229736,10874400,569,1359300
0.001118111191317439,0.9923441647551954,1.7786434888839722,10875200,569,1359400
0.0002353574673179537,0.9803282972425222,1.5031638145446777,10876000,569,1359500
0.0001583910343470052,0.9956833031028509,1.7875783443450928,10876800,569,1359600
0.00255813030526042,0.8629617840051651,1.2010632753372192,10877600,569,1359700
2.4681779905222356e-05,0.9784605372697115,1.7900675535202026,10878400,569,1359800
0.00012801385310012847,0.9973963778465986,1.6676299571990967,10879200,569,1359900
6.478702562162653e-05,0.9836132358759642,1.7839763164520264,10880000,569,1360000
1.4830250620434526e-05,0.9998438288894249,1.6115081310272217,10880800,569,1360100
0.00010864830983337015,0.9857733072713017,1.7687040567398071,10881600,569,1360200
3.584237128961831e-05,0.9990322773810476,1.7892694473266602,10882400,569,1360300
0.00011025933781638741,0.988169333897531,1.364963173866272,10883200,569,1360400
0.00041291225352324545,0.99680603784509,1.7399811744689941,10884000,569,1360500
0.00015659822383895516,0.9944381206296384,1.502487301826477,10884800,569,1360600
0.0012792255729436874,0.9793464969843626,1.7470358610153198,10885600,569,1360700
0.00018352890037931502,0.9959826553240418,1.5670019388198853,10886400,569,1360800
4.0521576011087745e-05,0.9985314285149798,1.6933062076568604,10887200,569,1360900
0.00022572347370442003,0.9974641436710954,1.7837309837341309,10888000,569,1361000
7.560571248177439e-05,0.9968176030088216,1.7749204635620117,10888800,569,1361100
5.2538503950927407e-05,0.9864600263535976,1.7857648134231567,10889600,569,1361200
0.00039602970355190337,0.9720915537327528,1.4920165538787842,10890400,569,1361300
3.433229721849784e-05,0.9961802968755364,1.7725056409835815,10891200,569,1361400
4.0375794924329966e-05,0.999730681622168,1.7809038162231445,10892000,569,1361500
4.9567639507586136e-05,0.9988898016745225,1.7482036352157593,10892800,569,1361600
4.598903615260497e-05,0.9993670565309003,1.7866535186767578,10893600,569,1361700
7.313871174119413e-05,0.9927713959477842,1.782430648803711,10894400,569,1361800
7.295465911738575e-05,0.9743511322885752,1.783569574356079,10895200,569,1361900
3.0676310416311026e-05,0.9978977967984974,1.4291605949401855,10896000,569,1362000
0.00021234873565845191,0.996833709301427,1.7791409492492676,10896800,569,1362100
0.0004768472572322935,0.9890692606568336,1.78648042678833,10897600,569,1362200
0.0003730432072188705,0.989275666885078,1.5362098217010498,10898400,569,1362300
6.596051389351487e-05,0.9955858439207077,1.7863609790802002,10899200,569,1362400
9.11192037165165e-05,0.9975213764701039,1.4846079349517822,10900000,569,1362500
5.607947605312802e-05,0.997986608883366,1.512955665588379,10900800,569,1362600
0.00021783403644803911,0.9953139475546777,1.5101218223571777,10901600,569,1362700
8.544719457859173e-05,0.9973669601604342,1.7799818515777588,10902400,569,1362800
8.577974222134799e-05,0.9992478778585792,1.7837570905685425,10903200,569,1362900
0.0003242612292524427,0.987104787491262,1.649701476097107,10904000,569,1363000
3.562808342394419e-05,0.9981970130465925,1.705273151397705,10904800,569,1363100
0.0003652453888207674,0.997261153999716,1.7774372100830078,10905600,569,1363200
6.980389298405498e-05,0.9966623270884156,1.7891623973846436,10906400,569,1363300
5.5403044825652614e-05,0.9992665114696138,1.5661598443984985,10907200,569,1363400
0.0002644344640430063,0.992493680678308,1.7435991764068604,10908000,569,1363500
4.84565862279851e-05,0.9989774806890637,1.7851529121398926,10908800,569,1363600
0.00012802262790501118,0.998198069864884,1.5056730508804321,10909600,569,1363700
0.0005604700418189168,0.9905452346429229,1.7773252725601196,10910400,569,1363800
0.0008294491562992334,0.9771742876619101,1.3486928939819336,10911200,569,1363900
0.0003698197833728045,0.9900452122092247,1.7843217849731445,10912000,569,1364000
7.829870446585119e-05,0.9977903028484434,1.7508268356323242,10912800,569,1364100
6.169277912704274e-05,0.9966808543540537,1.6516797542572021,10913600,569,1364200
6.980171747272834e-05,0.9990165473427624,1.7694422006607056,10914400,569,1364300
3.547218511812389e-05,0.9987222919007763,1.5115150213241577,10915200,569,1364400
0.00011969459592364728,0.9984344539698213,1.503568172454834,10916000,569,1364500
0.00030156533466652036,0.982363061979413,1.7521766424179077,10916800,569,1364600
0.00017193773237522691,0.9963360300753266,1.784942388534546,10917600,569,1364700
0.000831109588034451,0.9840141776949167,1.5017948150634766,10918400,569,1364800
0.00017312361160293221,0.9970969576388597,1.7705351114273071,10919200,569,1364900
0.0005907377344556153,0.9911582795903087,1.4995198249816895,10920000,569,1365000
0.000294404017040506,0.9956763493828475,1.5563819408416748,10920800,569,1365100
0.0004067978006787598,0.9922703104093671,1.4816296100616455,10921600,569,1365200
0.00011075267684645951,0.9970419299788773,1.7426749467849731,10922400,569,1365300
7.578732038382441e-05,0.9979238796513528,1.4273022413253784,10923200,569,1365400
7.762354653095827e-05,0.9759158212691545,1.7741246223449707,10924000,569,1365500
0.00013339947327040136,0.998391319415532,1.753361463546753,10924800,569,1365600
4.9935842980630696e-05,0.9959773481823504,1.749741792678833,10925600,569,1365700
0.0003649132268037647,0.9921486442908645,1.67354154586792,10926400,569,1365800
0.00030916716787032783,0.9803496468812227,1.5100162029266357,10927200,569,1365900
4.8309724661521614e-05,0.9951116642914712,1.779481053352356,10928000,569,1366000
3.531874608597718e-05,0.9992528809816577,1.5410103797912598,10928800,569,1366100
0.00013226288137957454,0.9868295779451728,1.7715601921081543,10929600,569,1366200
7.524743705289438e-05,0.9997229436703492,1.5532894134521484,10930400,569,1366300
3.344078504596837e-05,0.9988779693376273,1.7669599056243896,10931200,569,1366400
0.001936023705638945,0.9912276519462466,1.6416420936584473,10932000,569,1366500
0.0002027523732976988,0.9962180163711309,1.5105708837509155,10932800,569,1366600
0.0001341547176707536,0.9987229318358004,1.6737507581710815,10933600,569,1366700
8.781209180597216e-05,0.9990358168724924,1.2481424808502197,10934400,569,1366800
0.00010740255675045773,0.995701820589602,1.5930438041687012,10935200,569,1366900
5.570126813836396e-05,0.99940497596981,1.7878177165985107,10936000,569,1367000
0.002336162608116865,0.9798779021948576,1.5119229555130005,10936800,569,1367100
0.0003315633803140372,0.9969911947846413,1.7756178379058838,10937600,569,1367200
0.00017874696641229093,0.997323238523677,1.631690502166748,10938400,569,1367300
0.00019848113879561424,0.9872472612187266,1.7822107076644897,10939200,569,1367400
0.0055829668417572975,0.9240832850337029,1.4569969177246094,10940000,569,1367500
6.566738011315465e-05,0.9961738728452474,1.501196026802063,10940800,569,1367600
0.0001613888452993706,0.9977523270063102,1.7813963890075684,10941600,569,1367700
3.0356895877048373e-05,0.9980239039286971,1.5549094676971436,10942400,569,1367800
2.7629737815004773e-05,0.997631203616038,1.7851872444152832,10943200,569,1367900
0.0013132983585819602,0.9922685120254755,1.506536841392517,10944000,569,1368000
5.4042702686274424e-05,0.9990519157727249,1.7553991079330444,10944800,569,1368100
0.000482279370771721,0.9895144114270806,1.4838613271713257,10945600,569,1368200
0.00012844192679040134,0.9981794026680291,1.4894977807998657,10946400,569,1368300
0.00029139930848032236,0.997145333327353,1.5837949514389038,10947200,569,1368400
0.0001418819447280839,0.9963258057832718,1.788326621055603,10948000,569,1368500
0.00014864865806885064,0.9988494880963117,1.7802915573120117,10948800,569,1368600
4.4629985495703295e-05,0.9981523298192769,1.5011060237884521,10949600,569,1368700
0.00012957141734659672,0.9974493405316025,1.5049376487731934,10950400,569,1368800
0.006335323676466942,0.9668850041925907,1.3473432064056396,10951200,569,1368900
0.0006531875114887953,0.9930105567909777,1.764498233795166,10952000,569,1369000
7.891812856541947e-05,0.986254652030766,1.7830901145935059,10952800,569,1369100
0.0031206875573843718,0.9652935191988945,1.4222275018692017,10953600,569,1369200
3.85625462513417e-05,0.9983953322516754,1.6889714002609253,10954400,569,1369300
6.782219134038314e-05,0.9981387649895623,1.466921091079712,10955200,569,1369400
6.222177762538195e-05,0.9982432990800589,1.789991021156311,10956000,569,1369500
0.00047365817590616643,0.9950817469507456,1.6782846450805664,10956800,569,1369600
5.1886923756683245e-05,0.9991575830499642,1.7852940559387207,10957600,569,1369700
7.285690662683919e-05,0.9994962826021947,1.7626593112945557,10958400,569,1369800
6.560113979503512e-05,0.9983526810538024,1.7872412204742432,10959200,569,1369900
0.0010818729642778635,0.9306031912565231,1.5893824100494385,10960000,569,1370000
0.0003077767323702574,0.9902305761352181,1.507118821144104,10960800,569,1370100
5.130372301209718e-05,0.9988977983593941,1.7792716026306152,10961600,569,1370200
9.500700980424881e-05,0.9985327771864831,1.7888619899749756,10962400,569,1370300
0.00011575864482438192,0.9959362801164389,1.5592997074127197,10963200,569,1370400
0.00012348982272669673,0.9979359097778797,1.5173665285110474,10964000,569,1370500
9.296039934270084e-05,0.9981949657667428,1.4687086343765259,10964800,569,1370600
2.5398132493137382e-05,0.9992599553661421,1.7864775657653809,10965600,569,1370700
4.7950299631338567e-05,0.9973562054801732,1.5012105703353882,10966400,569,1370800
0.001299039926379919,0.9614583402872086,1.7218315601348877,10967200,569,1370900
0.0007414147257804871,0.9955885671079159,1.5023910999298096,10968000,569,1371000
0.0001589203893672675,0.9939501066692173,1.7596232891082764,10968800,569,1371100
0.00016691886412445456,0.9980140749830753,1.7716662883758545,10969600,569,1371200
3.140938133583404e-05,0.9981687508989125,1.5104291439056396,10970400,569,1371300
0.00011603477469179779,0.9970858455635607,1.5129101276397705,10971200,569,1371400
0.0009132456034421921,0.9726538695394993,1.5883054733276367,10972000,569,1371500
0.0001697945990599692,0.9971032349858433,1.7830398082733154,10972800,569,1371600
0.00035280027077533305,0.9983328387606889,1.7711586952209473,10973600,569,1371700
8.543160947738215e-05,0.9975557113066316,1.778659701347351,10974400,569,1371800
0.0009663134114816785,0.9900919003412127,1.557952642440796,10975200,569,1371900
3.642762385425158e-05,0.9984146010829136,1.378511667251587,10976000,569,1372000
0.00013365948689170182,0.9935228251852095,1.7877566814422607,10976800,569,1372100
7.984923286130652e-05,0.9968808796256781,1.7832999229431152,10977600,569,1372200
0.0001894434681162238,0.9986326656071469,1.7636765241622925,10978400,569,1372300
0.0023856740444898605,0.984633032232523,1.487462043762207,10979200,569,1372400
6.830785423517227e-05,0.9977923952974379,1.7853032350540161,10980000,569,1372500
8.517412061337382e-05,0.9972036832477897,1.788841962814331,10980800,569,1372600
0.00047622917918488383,0.9959729085676372,1.4945728778839111,10981600,569,1372700
0.0029163016006350517,0.9227053746581078,1.770080804824829,10982400,569,1372800
0.00030746261472813785,0.9731063675135374,1.18157958984375,10983200,569,1372900
8.560273272451013e-05,0.9784478731453419,1.7872943878173828,10984000,569,1373000
8.757236355450004e-05,0.9992362693883479,1.775885820388794,10984800,569,1373100
9.514254634268582e-05,0.9921051217243075,1.5119092464447021,10985600,569,1373200
0.002942105056717992,0.9563070759177208,1.511124610900879,10986400,569,1373300
0.00023762762430123985,0.9959704941138625,1.6074550151824951,10987200,569,1373400
0.00018642978102434427,0.9985425514169037,1.7734808921813965,10988000,569,1373500
0.005871694069355726,0.8035474270582199,1.1784114837646484,10988800,569,1373600
2.8461912734201178e-05,0.9964369456283748,1.78459632396698,10989600,569,1373700
0.00014456956705544144,0.9983181648422033,1.280742883682251,10990400,569,1373800
3.268771979492158e-05,0.9975145414937288,1.6109843254089355,10991200,569,1373900
0.0002185850462410599,0.9971321800258011,1.7851336002349854,10992000,569,1374000
8.68832939886488e-05,0.9966283328831196,1.5681226253509521,10992800,569,1374100
0.0007774588884785771,0.9930576574988663,1.6527763605117798,10993600,569,1374200
0.0008892623009160161,0.9397461861371994,1.7574396133422852,10994400,569,1374300
6.538122397614643e-05,0.9992108577280305,1.781904697418213,10995200,569,1374400
0.00012644864909816533,0.9892881037667394,1.5028867721557617,10996000,569,1374500
6.313868652796373e-05,0.9940855358727276,1.7850329875946045,10996800,569,1374600
8.48815543577075e-05,0.9978256509639323,1.2323377132415771,10997600,569,1374700
7.667962927371264e-05,0.9944599131122231,1.5496273040771484,10998400,569,1374800
0.00017322157509624958,0.9970144759863615,1.5096406936645508,10999200,569,1374900
5.591764784185216e-05,0.9994773059734143,1.6718065738677979,11000000,569,1375000
